wavelength_nm,intensity
792.446,0.21541545569512888
792.565,0.24064349011204553
792.684,0.25555356307484345
792.803,0.2601456745835226
792.922,0.25441982463808277
793.041,0.22331811847838973
793.16,0.19654302857951678
793.279,0.17509390328988012
793.398,0.15744215572738807
793.518,0.15370755664010016
793.637,0.1631426022232113
793.756,0.17193161180314614
793.875,0.1911791047926928
793.994,0.2110076651930059
794.113,0.2313581642851507
794.232,0.2406041439645074
794.351,0.23917118501056958
794.47,0.2287776701933676
794.589,0.20725335653273985
794.708,0.18089216766641034
794.827,0.16791888874160943
794.946,0.16067233574326942
795.066,0.15650558601882855
795.185,0.15609168498628512
795.304,0.16192863852458733
795.423,0.16436167581112576
795.542,0.16770135345466414
795.661,0.1605628381156124
795.78,0.16050808930178392
795.899,0.15755530327596692
796.018,0.15237606548779106
796.137,0.14516601169867013
796.256,0.14404256603890936
796.375,0.14532587823504933
796.494,0.13977799843376154
796.613,0.13131602176842894
796.732,0.1283814853472215
796.851,0.12392931180668804
796.97,0.11379626766701427
797.089,0.09899822705055988
797.208,0.09996277461648949
797.327,0.10550696099353474
797.446,0.11381277501761103
797.565,0.13212785021622134
797.684,0.14930053985534425
797.803,0.1698081296943066
797.922,0.18246825587488874
798.041,0.18013888681341256
798.16,0.17626998110707892
798.279,0.16152285108511488
798.398,0.15178268258381308
798.517,0.13949705923157835
798.636,0.13044599580033114
798.755,0.13615594256143132
798.874,0.14474202700898864
798.993,0.15099800194000512
799.112,0.1591920848805506
799.231,0.16774823997654859
799.35,0.17259607541589644
799.469,0.1672204823530029
799.588,0.15817233885849383
799.707,0.16344283514059782
799.826,0.1630603338988634
799.945,0.1627785704745735
800.064,0.1680724262505779
800.183,0.17081060739706808
800.302,0.16388744786328938
800.421,0.15738621918808243
800.54,0.15353994299146545
800.659,0.16516203166186003
800.778,0.16993394874603301
800.897,0.1788565559025907
801.016,0.18468549008574617
801.135,0.1916940787108597
801.254,0.18953771590108265
801.373,0.1896428440945147
801.492,0.18863255645421417
801.611,0.18299927897423546
801.729,0.1793354988237139
801.848,0.18894940100287988
801.967,0.1898312323684926
802.086,0.19386002555296739
802.205,0.1910714964395176
802.324,0.18543894894372343
802.443,0.16603597979378537
802.562,0.14053983265682785
802.681,0.12589636038904728
802.8,0.11995575956744484
802.919,0.10968863663843188
803.038,0.09692292418403453
803.157,0.0902315732380346
803.276,0.08551953799982165
803.394,0.07178006306576812
803.513,0.05863535225852899
803.632,0.04765762657217937
803.751,0.04058799766716925
803.87,0.03807835139312274
803.989,0.028475527569203067
804.108,0.02618852661606077
804.227,0.028143574703804575
804.346,0.02871658906916398
804.465,0.03319239297321806
804.583,0.03356653699269595
804.702,0.04266730992106491
804.821,0.05087173223228869
804.94,0.053591939870557936
805.059,0.05845910844093972
805.178,0.05763060902702027
805.297,0.06252111004856782
805.416,0.06696121250343498
805.535,0.06796736280376012
805.653,0.0692788604592073
805.772,0.06966962675539531
805.891,0.07622629044436804
806.01,0.07886564642460951
806.129,0.09175423841376869
806.248,0.10643478803178649
806.367,0.1249211499164504
806.485,0.14169046964537516
806.604,0.16214859835369766
806.723,0.1873019853359521
806.842,0.2067038269294768
806.961,0.22534867492379948
807.08,0.24764782374512823
807.198,0.25803655061411335
807.317,0.2600063698846443
807.436,0.25449093132854317
807.555,0.24588838965669915
807.674,0.23976925418011563
807.793,0.22733648549282964
807.912,0.2314086592143747
808.03,0.23708095826808062
808.149,0.2519167487883083
808.268,0.269868841791654
808.387,0.2988152265959465
808.506,0.32595344057553
808.624,0.35342014743808436
808.743,0.3669762756830942
808.862,0.3789570980582121
808.981,0.3732109844998467
809.1,0.3641273832504962
809.219,0.35286696916332455
809.337,0.3436782501914233
809.456,0.32148778291153024
809.575,0.3042655879905274
809.694,0.28998376936420694
809.812,0.278325513896548
809.931,0.2691674542603906
810.05,0.2725607426904626
810.169,0.287107459473676
810.288,0.30474273934100105
810.406,0.3008566254844358
810.525,0.30646687588246957
810.644,0.3092885866961718
810.763,0.3122132252798717
810.882,0.3131384371825549
811.0,0.31432206348650854
811.119,0.3197344881705752
811.238,0.3257973287629242
811.357,0.3211403516076534
811.475,0.328195970690759
811.594,0.3346566526635951
811.713,0.345276054534844
811.832,0.3597563427572786
811.95,0.3674141987924981
812.069,0.3712951166577356
812.188,0.3706640022793205
812.307,0.37161841354937863
812.425,0.3792908692682855
812.544,0.37227677318165153
812.663,0.36744094990120746
812.782,0.3701115539887426
812.9,0.3719623858372191
813.019,0.3777580522180847
813.138,0.3833850922523584
813.257,0.4025810783058869
813.375,0.42193985083253194
813.494,0.4295539078166877
813.613,0.4432531129618349
813.731,0.45526751460943315
813.85,0.47113404279800464
813.969,0.47779182050062285
814.088,0.47718114567936976
814.206,0.4758463265472118
814.325,0.4743764603409435
814.444,0.4716123321757696
814.562,0.47303320333964605
814.681,0.47522785773896525
814.8,0.48314339819127033
814.918,0.4815304550848637
815.037,0.48157822599792166
815.156,0.4777607306546879
815.274,0.47739387055101845
815.393,0.46734158028899564
815.512,0.4577002711227791
815.631,0.4464179575100763
815.749,0.4357736500745216
815.868,0.4292376936286574
815.987,0.4336223005811174
816.105,0.4375397176555743
816.224,0.4429849916279385
816.343,0.4434488535260937
816.461,0.44189868905954455
816.58,0.42858336949334336
816.698,0.4080397465334117
816.817,0.39719907335225846
816.936,0.39416120111794295
817.055,0.38559588863950245
817.173,0.3748501134023192
817.292,0.368763097229849
817.41,0.3589728712900194
817.529,0.3442063431652713
817.648,0.33061435959319035
817.766,0.3218096123022731
817.885,0.32243918061028237
818.004,0.31817128502528613
818.122,0.31506260432508526
818.241,0.3205217479969521
818.359,0.33222152646108327
818.478,0.3379310547081925
818.597,0.35068639030293736
818.715,0.3597650717297108
818.834,0.37476116941431553
818.953,0.36321958626004636
819.071,0.37425244939637714
819.19,0.3858698376203535
819.308,0.48358923457994263
819.427,0.596256066869057
819.546,0.7177593129951505
819.664,0.8197038959459005
819.783,0.8555546821087058
819.901,0.8157831453396184
820.02,0.7248742653981135
820.138,0.5957002210276299
820.257,0.5165303330747065
820.376,0.42955289741509595
820.494,0.36415968391765996
820.613,0.3310448136136344
820.731,0.30779906258389694
820.85,0.29775040421117066
820.969,0.285305955776934
821.087,0.29048405553781437
821.206,0.30039756270276763
821.324,0.3100957245333288
821.443,0.32800766840653334
821.561,0.35360707572544336
821.68,0.3771800469485145
821.798,0.37846514105409657
821.917,0.36406141506898426
822.035,0.34354553150805844
822.154,0.32183393385311815
822.273,0.29867039765544595
822.391,0.28249791999158075
822.51,0.2673642098220881
822.628,0.25726958047737003
822.747,0.25788162916495316
822.865,0.2569745807648416
822.984,0.26262206035627744
823.102,0.2673395400968131
823.221,0.274378369543677
823.339,0.27980977381653604
823.458,0.2740505205428502
823.576,0.27148494807582657
823.695,0.2845665866009877
823.813,0.2871839018430621
823.932,0.28693602916144517
824.05,0.2881057857658941
824.169,0.29802513280432114
824.287,0.3047559089253764
824.406,0.3005705015532135
824.524,0.2991882334490694
824.643,0.292779294251285
824.761,0.2815123103064521
824.88,0.271032979296565
824.998,0.2774973111903215
825.117,0.2885233142522685
825.235,0.29102383202484183
825.354,0.2928111552492759
825.472,0.29376702648770125
825.591,0.28836984536946786
825.709,0.2835581115671074
825.828,0.2812027745451855
825.946,0.2813118641297305
826.064,0.2841175152913752
826.183,0.2717665048327388
826.301,0.26669562664492374
826.42,0.2544161546363566
826.538,0.24527415465225463
826.657,0.23887397526468385
826.775,0.2356959460669661
826.894,0.2329712370477482
827.012,0.24154522323436334
827.13,0.24149444628252903
827.249,0.24529944579258955
827.367,0.24064027868476429
827.486,0.2355745103862394
827.604,0.2309248330728111
827.723,0.2295651944783832
827.841,0.22692078371944668
827.959,0.2289365919935918
828.078,0.23119402503276668
828.196,0.24388804195602198
828.315,0.2592640207726892
828.433,0.27482249563545136
828.552,0.29302059330893154
828.67,0.3068519255914506
828.788,0.30962326749642877
828.907,0.30421221667869164
829.025,0.28441025765008787
829.143,0.26390970375703254
829.262,0.23151871893613907
829.38,0.19899588521073613
829.499,0.16757372754453298
829.617,0.13862416725353438
829.735,0.12226282891280824
829.854,0.11499128649982723
829.972,0.11305409317856488
830.091,0.12046725502445432
830.209,0.13156941906515346
830.327,0.14806851794333778
830.446,0.16886191686726196
830.564,0.19645959707463
830.682,0.22779603723599562
830.801,0.2547874467024284
830.919,0.2749958431276027
831.037,0.28030234241284435
831.156,0.2798127672741093
831.274,0.2707626676051503
831.392,0.24965103925768123
831.511,0.23240759710324166
831.629,0.20878701311405862
831.747,0.18934485859626657
831.866,0.16976692702017981
831.984,0.16117963732411783
832.102,0.16506850732329392
832.221,0.16432716588424018
832.339,0.16087169108546692
832.457,0.16562380457998105
832.576,0.16016699234235918
832.694,0.16024782886796113
832.812,0.15373038431087263
832.93,0.1534480155318751
833.049,0.15449296191865566
833.167,0.1454810755023926
833.285,0.1421455324074331
833.404,0.13613763384013108
833.522,0.1331685776216355
833.64,0.13480516844691573
833.759,0.13868370325078533
833.877,0.14207059359520935
833.995,0.15257029755529855
834.113,0.16415176624658462
834.232,0.17943033795109953
834.35,0.18964383261916223
834.468,0.20217064716752517
834.586,0.2202796507738417
834.705,0.24281454849005407
834.823,0.2549333018793486
834.941,0.26100413630105523
835.059,0.2569420602593833
835.178,0.24240179123512134
835.296,0.22623146752713896
835.414,0.2043395277819865
835.532,0.189903646496091
835.651,0.1877227396975665
835.769,0.19173574870350613
835.887,0.19502680335109404
836.005,0.20220210384376774
836.124,0.21955776377180453
836.242,0.23836317229002
836.36,0.24700574099329753
836.478,0.2618911344413925
836.596,0.2798037723021112
836.715,0.2915787031405631
836.833,0.29354702644605446
836.951,0.3028283313106643
837.069,0.316339894523756
837.188,0.3272738835818021
837.306,0.3376779041219883
837.424,0.35621832838127343
837.542,0.3623891706362399
837.66,0.37310635439152484
837.779,0.38059262814674405
837.897,0.3906542861044556
838.015,0.3949001600652119
838.133,0.39856423663101725
838.251,0.4051635796022143
838.369,0.4116118158472447
838.487,0.4084447004156221
838.606,0.42075324969285477
838.724,0.4259751125081269
838.842,0.42918221897451037
838.96,0.4250529843878753
839.078,0.41975650509041684
839.196,0.41889175977632914
839.315,0.41057168598716876
839.433,0.4081812737277266
839.551,0.41330312870973873
839.669,0.41444510991851113
839.787,0.4159075541842266
839.905,0.41409163947789174
840.023,0.4193032825145828
840.142,0.42306517696109536
840.26,0.4093169407768855
840.378,0.41432345825776584
840.496,0.4140689797218197
840.614,0.41307940711220303
840.732,0.40941298249846503
840.85,0.39618741499027127
840.968,0.3967205893892712
841.087,0.3949338740503115
841.205,0.38843657076954796
841.323,0.3923656315942835
841.441,0.40125347498351227
841.559,0.41402191429690494
841.677,0.4318630137075542
841.795,0.43801049646862067
841.913,0.45920222328557403
842.031,0.4739905288371463
842.149,0.4818819438146966
842.267,0.4852109576398721
842.385,0.49364840078733857
842.504,0.4905535537899703
842.622,0.49732809296541935
842.74,0.4929287642305642
842.858,0.5039948804259832
842.976,0.5042170815624376
843.094,0.49624886015014863
843.212,0.49485706625493886
843.33,0.4930017324026477
843.448,0.4840385425470487
843.566,0.4818335462704395
843.684,0.483981445685288
843.802,0.49006103991720695
843.92,0.4868734849284221
844.038,0.48003308908099973
844.156,0.48054144401773047
844.274,0.4845420432925349
844.392,0.4980528765214416
844.51,0.5070472976015894
844.628,0.5140992307671022
844.746,0.5175384722041185
844.864,0.5174650297458985
844.982,0.5075951995332995
845.1,0.4935622695171813
845.218,0.4794110820631935
845.336,0.46100262684590165
845.454,0.4339277993916505
845.572,0.4034052566345727
845.69,0.37702975402895744
845.808,0.35541885819479047
845.926,0.3344080093601838
846.044,0.3117882753832036
846.162,0.2960428024705297
846.28,0.26807155443786007
846.398,0.2542430199933679
846.516,0.23808437603233495
846.634,0.21950656448426673
846.752,0.20976886140904005
846.87,0.20003918815984156
846.988,0.1888422467000393
847.106,0.16646555705391938
847.224,0.14364092738167727
847.342,0.13879348468453692
847.46,0.12586457426411454
847.578,0.1173654299995856
847.696,0.11350517272405691
847.814,0.11473144917647929
847.932,0.1152219043264013
848.05,0.10403530032553146
848.168,0.10675907068807455
848.285,0.11662251129264362
848.403,0.11929073360726453
848.521,0.1295220336062465
848.639,0.14126732310493406
848.757,0.14980797001470175
848.875,0.15428481299926378
848.993,0.1600529980059941
849.111,0.16806077449040213
849.229,0.17509256212029428
849.347,0.18111186168645138
849.465,0.18986203208637387
849.582,0.20601351213172486
849.7,0.21370666543266537
849.818,0.22534611323436388
849.936,0.23910251517076436
850.054,0.24743878453814355
850.172,0.2587431695992117
850.29,0.2625090079881878
850.408,0.2645980727056431
850.525,0.2770390431417908
850.643,0.2819516866844278
850.761,0.287425688064853
850.879,0.3014587540071333
850.997,0.3030784388940322
851.115,0.30485945028567896
851.233,0.299407778378489
851.35,0.30312251787455824
851.468,0.3131326409767202
851.586,0.32056008003454584
851.704,0.3327944649465134
851.822,0.3558245859612762
851.94,0.37692754872927575
852.057,0.41568225905976736
852.175,0.45998557917573135
852.293,0.5234261646694007
852.411,0.588372707535446
852.529,0.6482261507470726
852.647,0.7022988492025939
852.764,0.7510047039345538
852.882,0.7860043756205953
853.0,0.8147086637005442
853.118,0.8229281355984225
853.236,0.8457451012313468
853.353,0.8576831125644567
853.471,0.8591699403297985
853.589,0.8531598305215582
853.707,0.8471694302862959
853.824,0.8179940023709414
853.942,0.7809179556280423
854.06,0.7411030082253498
854.178,0.7260045953215783
854.296,0.7043823137620031
854.413,0.680259106386742
854.531,0.6518998007895241
854.649,0.6135448217555913
854.767,0.5659088238014515
854.884,0.5158310287505607
855.002,0.46067546371312285
855.12,0.4104779512559936
855.238,0.3591066242303813
855.355,0.31154946456815436
855.473,0.275078574714106
855.591,0.23731269291696766
855.708,0.20495818387863818
855.826,0.1740753229560188
855.944,0.14312881047426637
856.062,0.116179305754439
856.179,0.09580357628419292
856.297,0.07855610093071148
856.415,0.071903836934958
856.532,0.06299521361203228
856.65,0.049168962902454656
856.768,0.03948756601221506
856.886,0.03175644047502865
857.003,0.026961842088752193
857.121,0.02822436314555433
857.239,0.030178360966702705
857.356,0.030308580099954102
857.474,0.020641575941511045
857.592,0.01822165563965219
857.709,0.022744637247200265
857.827,0.026575657670661293
857.945,0.030308170334934513
858.062,0.04544429854578713
858.18,0.059292017423410726
858.298,0.0686248657238703
858.415,0.06704710174666298
858.533,0.08197853548465536
858.651,0.09267786495555794
858.768,0.09806357510207443
858.886,0.09990924282449488
859.003,0.0996594914663998
859.121,0.09491197372961963
859.239,0.09113648386161746
859.356,0.07899641831620913
859.474,0.0824231787776426
859.592,0.07896400313601074
859.709,0.07867432422872328
859.827,0.07430375061832846
859.944,0.06428470373455389
860.062,0.06327549212887297
860.18,0.06386418092282974
860.297,0.05916203990064871
860.415,0.05844822175419043
860.532,0.05210163790886305
860.65,0.04684486318019497
860.768,0.043917807099790665
860.885,0.04719952306243066
861.003,0.058019587965803324
861.12,0.07247616302232543
861.238,0.0805395696618139
861.356,0.08393917854046572
861.473,0.08731196400120114
861.591,0.08994622024021184
861.708,0.09099394560150148
861.826,0.09959638417351448
861.943,0.1039063090544946
862.061,0.10744780459226716
862.178,0.09923630679321759
862.296,0.09319059337848203
862.414,0.09131271402145141
862.531,0.08666374670906171
862.649,0.07683800581738161
862.766,0.0754240515638564
862.884,0.07259907837075491
863.001,0.07094763780714045
863.119,0.06885668834677884
863.236,0.07159735833112649
863.354,0.0778117861976779
863.471,0.0758480714357154
863.589,0.07278992858903759
863.706,0.06896271273493718
863.824,0.07682517565165953
863.941,0.08937284151115914
864.059,0.10603712744472195
864.176,0.11748780280835876
864.294,0.12990666936791784
864.411,0.13439785323926526
864.529,0.13190454843446497
864.646,0.12439698226715844
864.764,0.11916623677093285
864.881,0.11716056140129787
864.999,0.1234256068406878
865.116,0.1332215857799236
865.233,0.14517904788910838
865.351,0.1550034962115347
865.468,0.16745442762936028
865.586,0.1809061673639707
865.703,0.19645734161285797
865.821,0.21400137268510266
865.938,0.23129136926118316
866.056,0.23810755275977996
866.173,0.2334739343263768
866.29,0.22271355863347253
866.408,0.21694554477754285
866.525,0.2137113060255961
866.643,0.21461826755163682
866.76,0.21695599807906224
866.878,0.22061426999603106
866.995,0.22284688280090595
867.112,0.22582845937895465
867.23,0.22613683387380396
867.347,0.23083022336422376
867.465,0.22944795448804897
867.582,0.22291856712781086
867.699,0.2181798309718567
867.817,0.21724358243233782
867.934,0.22354366711257773
868.051,0.2340470007264775
868.169,0.2433436704835972
868.286,0.25919413824808013
868.404,0.2686032255695942
868.521,0.28089502043522474
868.638,0.29059391147793767
868.756,0.3067239631850382
868.873,0.3284551835388865
868.99,0.3483001247602969
869.108,0.3730469097798189
869.225,0.4017823283827931
869.342,0.432132472001616
869.46,0.4715621589057569
869.577,0.5082471052766292
869.694,0.5411346739203569
869.812,0.5653514904220192
869.929,0.5837006940496353
870.046,0.6018593718051283
870.164,0.6074688914469453
870.281,0.6156143761452981
870.398,0.6224363995173698
870.516,0.6222651744030814
870.633,0.6076833315049477
870.75,0.5861432793613041
870.867,0.5685575515444468
870.985,0.549054155275223
871.102,0.5267111205287616
871.219,0.5094816249938818
871.337,0.4897679932795569
871.454,0.4774023823652009
871.571,0.45681495958217344
871.688,0.4264734881274611
871.806,0.40284349126393826
871.923,0.37777396558881826
872.04,0.34838804343145935
872.157,0.321623494480209
872.275,0.29839279896554194
872.392,0.28978587661655886
872.509,0.27583401006954555
872.626,0.25046738083138265
872.744,0.23814775892064297
872.861,0.22425575107674875
872.978,0.20349678201039217
873.095,0.18726152493463813
873.213,0.16707340350046657
873.33,0.15322446472345064
873.447,0.13839807712354985
873.564,0.12125252976987394
873.681,0.11478227112857076
873.799,0.1085375776002409
873.916,0.097205651760526
874.033,0.08918321257168911
874.15,0.08401193630869047
874.267,0.07468617194278934
874.385,0.06928506623298586
874.502,0.06760269000648392
874.619,0.06174473065350276
874.736,0.06094586192592755
874.853,0.05642600899122256
874.97,0.047748933902330565
875.088,0.05395105601137076
875.205,0.05344628249449889
875.322,0.053818629360230325
875.439,0.05452329997670293
875.556,0.04912714996638999
875.673,0.04987951555871555
875.791,0.05021353485236914
875.908,0.047439201637966985
876.025,0.05694393667172442
876.142,0.06502205614978299
876.259,0.06574790829700486
876.376,0.06383560615856468
876.493,0.05746193973919102
876.61,0.05506140334871582
876.728,0.060844587095143024
876.845,0.06800625394289182
876.962,0.07345431522797566
877.079,0.0776682253852281
877.196,0.07355985641688927
877.313,0.0688465164678334
877.43,0.05907612228842371
877.547,0.053749714084808914
877.664,0.050779245447175575
877.781,0.051163795012139995
877.898,0.05273277200511164
878.016,0.053855492701288546
878.133,0.055987198188971105
878.25,0.05697504026492893
878.367,0.04983624762303428
878.484,0.05079595296217551
878.601,0.05330332343582103
878.718,0.05699596296414068
878.835,0.05888475326951871
878.952,0.05813383227557046
879.069,0.05890007027881918
879.186,0.05224595113478758
879.303,0.04661795125626289
879.42,0.04614865339074717
879.537,0.04879274879499232
879.654,0.048061681966008026
879.771,0.042415197249663576
879.888,0.03505398062077958
880.005,0.03183411904783752
880.122,0.02933661739339634
880.239,0.02756147565745607
880.356,0.0265086938400167
