wavelength_nm,intensity
792.446,176.27364762495952
792.565,205.24092035223225
792.684,222.26230563361756
792.803,227.33780346911539
792.922,220.46741385872562
793.041,182.31243550374737
793.16,149.66741385872575
793.279,124.37044416175608
793.398,104.3297515210634
793.518,93.48299827431016
793.637,99.79901559032749
793.756,106.33061732192925
793.875,137.2890588803707
793.994,168.78343117474304
794.113,201.21806320937503
794.232,217.60853939985122
794.351,216.4440372353491
794.47,191.701180092492
794.589,156.7860285773405
794.708,129.19988139119334
794.827,112.73840952972148
794.946,104.46741385872585
795.066,101.36524935656138
795.185,108.94273853405053
795.304,121.51330130461335
795.423,128.5228251141371
795.542,131.8760718673838
795.661,133.13840952972146
795.78,121.83105022236211
795.899,116.59035758166948
796.018,110.97130996262189
796.137,100.12455671586864
796.256,92.39382078513279
796.375,93.94273853405058
796.494,90.89685108816312
796.613,83.56005455136655
796.732,79.30118009249205
796.851,78.64317143448336
796.97,77.73927533058729
797.089,63.183431174743134
797.208,58.80161299292504
797.327,70.39208918340123
797.446,80.52888572019776
797.565,96.72455671586872
797.684,115.84490303621503
797.803,138.29079048210247
797.922,155.63970823102017
798.041,154.46308485439675
798.16,146.22412381543575
798.279,132.0518294431414
798.398,107.81027100158303
798.517,90.11503290634495
798.636,71.60421039552243
798.755,76.39641818773019
798.874,86.63105022236215
798.993,96.257890049202
799.112,110.44317143448342
799.231,123.53840952972146
799.35,121.96871256002451
799.469,126.91589870721064
799.588,120.25182944314139
799.707,112.47693766824962
799.826,104.61633160764354
799.945,98.6752060665181
800.064,99.82845281976488
800.183,101.1046432959553
800.302,92.8293186206306
800.421,101.63797662928857
800.54,107.20421039552232
800.659,105.49858268989459
800.778,113.81373420504607
800.897,120.29252208383399
801.016,135.0899246812365
801.135,140.5236909150027
801.254,142.99641818773003
801.373,153.73840952972137
801.492,147.74620173751353
801.611,140.58429697560882
801.729,135.06221905353095
801.848,137.27780346911536
801.967,141.77910217041403
802.086,142.0760718673838
802.205,133.8111368024488
802.324,124.78429697560898
802.443,105.64143983275184
802.562,84.78354656536202
802.681,60.63162502536423
802.8,47.24644913187835
802.919,30.062080126855566
803.038,21.77261412900117
803.157,4.026933589117311
803.276,-2.386196004015401
803.394,-4.233135015355416
803.513,-14.646842130522863
803.632,-23.286638668012216
803.751,-25.973608084513188
803.87,-26.582927831027625
803.989,-27.388799666517926
804.108,-28.6317826411623
804.227,-20.78926029610313
804.346,-25.847896144272962
804.465,-24.28610279835013
804.583,-20.45368127884553
804.702,-15.382299854746384
804.821,-4.565846516549528
804.94,-0.9585131781412657
805.059,0.27950609018781725
805.178,5.666024786086633
805.297,0.6908996742724813
805.416,10.896647748334328
805.535,13.129682472985959
805.653,12.850214146128089
805.772,15.276142375221621
805.891,17.60023270634781
806.01,20.227294289650345
806.129,29.014525188858936
806.248,40.73874448536739
806.367,56.57371691084744
806.485,76.10164198915768
806.604,102.13849727019364
806.723,127.55469855701921
806.842,159.47825915120418
806.961,190.6710838146533
807.08,205.50719852139258
807.198,219.81171149653028
807.317,218.48332403876728
807.436,222.9670577931255
807.555,216.79884349553555
807.674,204.47651664383284
807.793,200.35938459732483
807.912,200.06476337332757
808.03,199.83594301513125
808.149,210.54565079546293
808.268,225.43804255847866
808.387,250.9642005552608
808.506,286.26957933126357
808.624,309.21651654882476
808.743,339.07167887461094
808.862,356.37359444715037
808.981,350.730055474235
809.1,335.4215814363844
809.219,317.5693844548106
809.337,295.70766366371305
809.456,277.7238649505375
809.575,255.21798831528417
809.694,241.3614623293816
809.812,227.5092653478082
809.931,210.90295581212234
810.05,214.02305320284324
810.169,225.9310293814427
810.288,236.18272850376482
810.406,241.11927611093523
810.525,253.04110510338688
810.644,255.10752284042727
810.763,264.1237241272511
810.882,267.5797522539018
811.0,273.3509318957039
811.119,282.33769595309025
811.238,287.9227284087448
811.357,284.02204657868504
811.475,286.64430847156893
811.594,289.85704655492907
811.713,302.37021753872216
811.832,314.84096428009104
811.95,327.0130097227585
812.069,336.01102919139987
812.188,343.8878365388291
812.307,342.81832353993786
812.425,345.1003256925618
812.544,339.05072611358395
812.663,342.26000099348073
812.782,347.9610507651523
812.9,356.3443516190748
813.019,367.0601200054649
813.138,373.87632129228774
813.257,393.8033450899331
813.375,410.61694897415845
813.494,418.07124549907655
813.613,434.1965376949904
813.731,445.6265917956664
813.85,456.85231689201345
813.969,460.42349653381535
814.088,457.3141566950976
814.206,468.18490343646636
814.325,471.22967615186093
814.444,468.7489077417143
814.562,474.6542865177148
814.681,470.38650512055517
814.8,474.187121991794
814.918,466.6994271747211
815.037,467.8740700199858
815.156,474.10239251893006
815.274,467.42681891397814
815.393,463.67245743023807
815.512,460.38736001576194
815.631,445.2745569735804
815.749,435.7877279573729
815.868,426.39786863813504
815.987,427.76125607214385
816.105,432.04498982649926
816.224,427.4334854856166
816.343,433.117219239972
816.461,426.2347192280938
816.58,412.8812235452199
816.698,395.2861694207876
816.817,387.322284127524
816.936,372.3237667996284
817.055,356.7217862682696
817.173,347.4687234858286
817.292,339.42085550858235
817.41,327.8206065789552
817.529,315.7476303766007
817.648,309.9776844772764
817.766,305.8077385779522
817.885,300.8828143236496
818.004,297.57866929012624
818.122,303.1264723085509
818.241,307.89245714515755
818.359,318.11904804237025
818.478,320.1162017101457
818.597,337.4683337328993
818.715,355.74880646635097
818.834,378.3134589045652
818.953,371.467243308791
819.071,391.25119570452773
819.19,406.62681607119623
819.308,524.1698645169349
819.427,661.5835240527466
819.546,816.1620182324386
819.664,928.761118908749
819.783,966.4739005929546
819.901,901.4947092978837
820.02,790.2266082724027
820.138,622.7935435816275
820.257,525.5366989089144
820.376,431.863546575993
820.494,369.83100355002017
820.613,320.4199460850717
820.731,285.99805213379926
820.85,259.2739936803621
820.969,246.73608241307193
821.087,233.81981616742672
821.206,240.59792221615373
821.324,264.33446982332237
821.443,301.2597620192357
821.561,337.0266126567076
821.68,361.2973593980756
821.798,365.89278146411885
821.917,348.3964286383871
822.035,315.35375546633475
822.154,279.37082255402265
822.273,250.06754332136416
822.391,231.6049567293984
822.51,220.37094156600403
822.628,208.00359306927643
822.747,208.35399349029782
822.865,205.44465365157902
822.984,217.65998913753563
823.102,227.2372293853971
823.221,234.83005404884307
823.339,238.2367315261419
823.458,238.40877696880864
823.576,244.4457574764105
823.695,253.11910162037591
823.813,258.08422065611626
823.932,267.451937094454
824.05,269.4404327535709
824.169,272.8012227849823
824.287,267.9256491800302
824.406,262.75397167897404
824.524,264.29051928614314
824.643,252.95693702318223
824.761,245.00170973857632
824.88,235.5018937093817
824.998,237.14320322131243
825.117,246.2494477981783
825.235,246.35136337071535
825.354,249.3814174713908
825.472,253.86082222141678
825.591,252.69780272901846
825.709,249.06205596389287
825.828,251.85920963166794
825.946,250.67108191416173
826.064,245.20589791959947
826.183,234.87231565663905
826.301,225.22011867506382
826.42,222.5661900917569
826.538,224.38239137857988
826.657,229.4998913667016
826.775,242.34726148469358
826.894,233.48034588839994
827.012,229.61862509730105
827.13,227.89023763953543
827.249,213.40600602592556
827.367,198.11311640365776
827.486,189.5466337077969
827.604,182.82863586042106
827.723,179.23964234204954
827.841,174.0748912479205
827.959,180.3542959979473
828.078,202.27872239299575
828.196,215.70617909107443
828.315,237.10852756404495
828.433,252.96801889415843
828.552,266.9045665013283
828.67,286.1302915976755
828.788,292.82181755982367
828.907,291.5488413574699
829.025,283.58755346680437
829.143,258.30072445059784
829.262,220.63577475210005
829.38,172.3854471547894
829.499,133.00022045384063
829.617,101.22556056690595
829.735,71.93687583153336
829.854,68.45844415400465
829.972,69.73432959579144
830.091,82.53099655874632
830.209,91.72239125654707
830.327,113.91975575761819
830.446,136.62059881263002
830.564,158.01120767608018
830.682,184.5758045630257
830.801,227.32198655566123
830.919,266.381505175476
831.037,298.5812835355504
831.156,316.6468627614257
831.274,329.72456319942216
831.392,308.887112122267
831.511,279.70593810138917
831.629,242.09532685107405
831.747,201.85354676959003
831.866,162.69055456689392
831.984,138.33535457198997
832.102,132.99054418747554
832.221,133.6924870497144
832.339,128.26888878641225
832.457,141.25741173523153
832.576,141.23035026846662
832.694,137.71584291425592
832.812,130.7095606682704
832.93,133.07370728218405
833.049,119.16988777015743
833.167,108.63175867876956
833.285,94.70344172957746
833.404,92.76917480204608
833.522,84.51994271608828
833.64,88.11259481301889
833.759,94.82381096223287
833.877,103.57304528414872
833.995,109.06790681439725
834.113,130.76894836283924
834.232,145.45921537755555
834.35,163.90576429797858
834.468,181.84602888798008
834.586,205.31529780698608
834.705,219.23218577361115
834.823,229.14387893504164
834.941,234.29799633889627
835.059,231.17246006309736
835.178,214.2928112331859
835.296,192.7664091565212
835.414,175.0503966902462
835.532,160.82615911574615
835.651,143.94304708237146
835.769,142.74824673730836
835.887,140.97855461735338
836.005,159.0123257008616
836.124,180.96384570211865
836.242,205.50670769471765
836.36,222.70930994705697
836.478,238.33528882277292
836.596,249.48247981970104
836.715,264.4123547993132
836.833,261.8132254499213
836.951,277.30846839490175
837.069,290.05219618836713
837.188,301.15523134114
837.306,316.87211930776556
837.424,338.381215066599
837.542,353.2201809553025
837.66,364.98209056694975
837.779,366.15871879331576
837.897,369.33274961708435
838.015,369.0911960252686
838.133,367.6652268490373
838.251,371.5171797507281
838.369,377.490344773631
838.487,380.60723274025696
838.606,384.39425057701266
838.724,394.18906062156054
838.842,400.1215330037709
838.96,401.9501092820852
839.078,402.05747343918745
839.196,402.9388635703158
839.315,407.5449290261196
839.433,405.0488299797587
839.551,409.76485214551906
839.669,412.44451067491553
839.787,412.4142124943553
839.905,406.00123033111106
840.023,398.58305336267193
840.142,393.37353440289075
840.26,388.1423704214644
840.378,392.4133709422026
840.496,403.11207709064627
840.614,404.9986620269686
840.732,407.3233422013859
840.85,404.04888817666904
840.968,394.35625233377027
841.087,375.93720956446464
841.205,366.0627555397476
841.323,368.3666564933857
841.441,366.4359254123915
841.559,371.18831121451416
841.677,378.7865844625241
841.795,395.6523901780665
841.913,414.66191883733194
842.031,424.2593262844762
842.149,443.71993719482384
842.267,468.7666952913188
842.385,486.49570447006465
842.504,487.1675707916677
842.622,491.668008541842
842.74,499.74420386777393
842.858,503.72602689933353
842.976,496.1693217923648
843.094,502.6195430923227
843.212,513.502664825181
843.33,513.8152237874766
843.448,507.16847539046506
843.566,509.2585235302499
843.684,512.0438097652728
843.802,509.90788387908344
843.92,496.6048584257945
844.038,509.00140007207244
844.156,517.6516213720299
844.274,520.625652195797
844.392,534.8092068290878
844.51,545.3096445792614
844.628,547.5408182601712
844.746,548.2196109887001
844.864,546.1659361847617
844.982,550.1797938483558
845.1,535.8525259708244
845.218,513.0533966214315
845.336,479.67418069195185
845.454,448.65860112610835
845.572,402.6568743741177
845.69,368.31748528446485
845.808,338.1434641601802
845.926,311.20840407485684
846.044,289.40754312373264
846.162,278.20408477001104
846.28,256.0543060699689
846.398,244.1408910062902
846.516,229.15821187334717
846.634,207.59458035945167
846.752,189.28809170269892
846.87,167.38939525373848
846.988,151.13572044979963
847.106,126.56568119807812
847.224,106.32776369942391
847.342,97.48640924139528
847.46,79.35014788998774
847.578,63.173636425155664
847.696,61.136369176537386
847.814,63.940080620857586
847.932,65.62503350217409
848.05,61.06007927409033
848.168,73.32159461844734
848.285,86.7577208943632
848.403,85.84845152973838
848.521,90.6935878521974
848.639,93.1202249630914
848.757,104.53427172542271
848.875,110.99058063397464
848.993,122.42264711828406
849.111,136.64432399220362
849.229,148.32574112586337
849.347,161.2634353158001
849.465,168.75610786071522
849.582,177.9396894965393
849.7,192.2990287081209
849.818,208.9821774435119
849.936,227.460131373708
850.054,243.2973926632115
850.172,258.31993533799647
850.29,265.7061143764179
850.408,268.4230293455754
850.525,275.00487937966795
850.643,274.1140021410331
850.761,272.3980166772901
850.879,273.0993472308632
850.997,277.21712800088653
851.115,275.8976793336803
851.233,276.62411811236143
851.35,283.89341403389955
851.468,291.2345714272989
851.586,291.84239548736457
851.704,294.44762214483274
851.822,312.1870479365001
851.94,344.79920100089464
852.057,380.78191683585203
852.175,430.5178794240562
852.293,494.80449136290963
852.411,557.4677266783866
852.529,625.237455500357
852.647,683.7171410322841
852.764,743.4531036204883
852.882,797.1890662086923
853.0,821.4116088834766
853.118,845.9397792638886
853.236,871.5597245360755
853.353,888.8870291156218
853.471,898.3900912709255
853.589,880.3052746383505
853.707,863.5529255382429
853.824,836.0551218926807
853.942,795.5772316670318
854.06,764.9937137357551
854.178,742.364308358591
854.296,716.6284094749333
854.413,680.9652378640028
854.531,636.7505511015572
854.649,599.2336998369474
854.767,554.7999654554543
854.884,508.5315990393293
855.002,454.564531324503
855.12,398.86672767894083
855.238,345.0806123450671
855.355,293.56462688132336
855.473,247.95513492407318
855.591,203.51966894084907
855.708,157.8971899706118
855.826,126.97514390080732
855.944,95.71820994412606
856.062,59.47174115614792
856.179,44.568806253092795
856.297,28.36044965761051
856.415,11.704075183995368
856.532,-1.4822106881246881
856.65,-21.034878995746322
856.768,-22.153836497210346
856.886,-31.819150911125718
857.003,-39.31019184794096
857.121,-41.018639038319336
857.239,-44.17257427677827
857.356,-45.90735528639443
857.474,-43.46963574580185
857.592,-38.20620355369171
857.709,-30.545038767036516
857.827,-22.302620633173547
857.945,-12.641725152746284
858.062,-5.62070686578803
858.18,1.7414736140943057
858.298,1.778316638009744
858.415,7.631884333390709
858.533,17.9325577514708
858.651,21.345002673787647
858.768,28.464463884411824
858.886,37.39597620835076
859.003,44.17820554006072
859.121,35.85918521458721
859.239,26.885872126347863
859.356,22.76867622714319
859.474,26.149804128948624
859.592,23.98713023988907
859.709,23.62090836760867
859.827,23.200678535318094
859.944,12.094864387409357
860.062,-3.0503706061524425
860.18,-14.659435472763292
860.297,-20.920135114950277
860.415,-10.237338343744504
860.532,-11.959999409443519
860.65,-7.554678900727504
860.768,-3.6629798443130492
860.885,-7.415336325724368
861.003,-3.6519759148988302
861.12,-2.0450389405291944
861.238,6.57945273374825
861.356,17.91926218082632
861.473,16.364782549910466
861.591,26.851653060362025
861.708,31.726473090105536
861.826,38.18472043764571
861.943,43.394498143393704
862.061,44.370053904903585
862.178,42.90683357636715
862.296,31.09360127793405
862.414,24.518424450403344
862.531,19.59833648020812
862.649,10.51801016468743
862.766,12.656252994446234
862.884,8.607538376839575
863.001,13.831500465904059
863.119,17.878289861625078
863.236,21.290404215759512
863.354,31.00852050530947
863.471,29.17910164871675
863.589,34.91644427611805
863.706,44.362510481413466
863.824,49.912590886967635
863.941,52.974359604210136
864.059,62.5382928236173
864.176,72.88144682224535
864.294,79.90685190312445
864.411,85.49849075023727
864.529,89.88233738955773
864.646,90.69129225398639
864.764,89.18855880672658
864.881,84.24166951531072
864.999,88.13287546199011
865.116,95.74009872468683
865.233,100.6304388705003
865.351,112.69393918947395
865.468,128.74964730065548
865.586,141.70492251140394
865.703,160.44634490829958
865.821,179.39296211038993
865.938,199.04260961551057
866.056,212.6091402375144
866.173,202.9574890413362
866.29,198.94739628671647
866.408,197.14942474421792
866.525,187.13760038786654
866.643,185.37599248173169
866.76,190.07239323360557
866.878,201.69693251361807
866.995,204.39160166376053
867.112,208.7416820693143
867.23,213.82163260473834
867.347,216.17863941721868
867.465,210.7148670089199
867.582,205.2796660291923
867.699,202.62628323128297
867.817,202.83350649397968
867.934,207.91085962680614
868.051,220.85487942629933
868.169,225.44651827341158
868.286,232.07711815948497
868.404,239.5475448853851
868.521,254.9080149013285
868.638,274.4217316705188
868.756,302.2748423791029
868.873,328.41626477599885
868.99,350.5672109824187
869.108,371.1398022104835
869.225,389.2344713606261
869.342,416.2382314198596
869.46,452.5303031674048
869.577,490.24921474178973
869.694,526.4988622469106
869.812,558.219505423027
869.929,584.40681526581
870.046,608.0538653683332
870.164,616.3909587608994
870.281,621.805108430522
870.398,629.3162277971143
870.516,626.7416328779923
870.633,612.1756959675283
870.75,598.4868153341206
870.867,580.7390602418386
870.985,567.3445519028032
871.102,540.7664937802183
871.219,514.173717042915
871.337,494.0510701757414
871.454,468.01760079774544
871.571,446.1503651859834
871.688,414.2268525179443
871.806,395.6323441789093
871.923,377.4378358398744
872.04,354.05458291209493
872.157,323.39600530899077
872.275,298.9261722946311
872.392,276.3515773755096
872.509,255.1787140581197
872.626,220.3010888359679
872.744,203.75419954455216
872.861,192.79951804534426
872.978,177.2950529963529
873.095,158.55941911619274
873.213,147.94066835291562
873.33,135.63966650738723
873.447,119.71009323328715
873.564,96.10779268645975
873.681,76.10116313530327
873.799,61.5594686490819
873.916,34.78976975738353
874.033,23.62113585173202
874.15,18.35781872384691
874.267,14.726068829075189
874.385,20.960340011670876
874.502,17.547342836891623
874.619,15.520325796609885
874.736,10.75119823439033
874.853,4.349214799916312
874.97,1.7026437872207465
875.088,-0.5781167101634384
875.205,-3.4275394640334786
875.322,2.1624299015562713
875.439,4.909556861454887
875.556,-3.065851976797522
875.673,-3.528222402688429
875.791,-8.279721264815795
875.908,-12.838924793767788
876.025,-9.625953476380387
876.142,-2.6032233494877755
876.259,3.591274752710811
876.376,5.164943891098879
876.493,-2.713657948936821
876.61,-3.622702715191344
876.728,-4.833230864418683
876.845,-2.9801795950015024
876.962,0.9422802347287149
877.079,9.009809300528643
877.196,15.158511422636114
877.313,11.195661242563213
877.43,10.115509853311254
877.547,7.662346611318893
877.664,7.57617706833258
877.781,-0.6125349598188707
877.898,-3.8537163025924586
878.016,-4.908849010731622
878.133,-1.8839899194743028
878.25,-1.1052723458089369
878.367,-1.48568983843579
878.484,0.7853149913997619
878.601,2.0602130186245478
878.718,0.04751785255928298
878.835,-0.8640868283115388
878.952,-8.44883041042692
879.069,-14.780126348325886
879.186,-19.68271183736286
879.303,-23.329501459734935
879.42,-26.84696998917794
879.537,-19.69021723093164
879.654,-14.869549450414658
879.771,-13.315367334589887
879.888,-17.92834362358643
880.005,-23.757965386343617
880.122,-32.46838439167382
880.239,-44.059600639577084
880.356,-58.53161413005341
