wavelength_nm,intensity
792.446,194.9293518298367
792.565,232.85480637529128
792.684,255.8482262887112
792.803,263.9096115700965
792.922,257.03896221944706
793.041,218.8147197952047
793.16,171.98614836663336
793.279,144.4606072410923
793.398,124.9922089726941
793.518,123.02597520646032
793.637,132.12813970862481
793.756,147.25541243589745
793.875,174.38355096403598
793.994,198.5852825657676
794.113,226.83896221944724
794.232,251.32727390775892
794.351,254.09350767399263
794.47,235.22770680819173
794.589,205.6129881934731
794.708,166.61731719780212
794.827,149.18787996836494
794.946,135.7688323493174
795.066,139.0692652497503
795.185,140.58614836663344
795.304,144.92207910256417
795.423,140.9090920895772
795.542,138.51601849650353
795.661,134.1740271545122
795.78,135.34112672161177
795.899,131.91601849650363
796.018,126.64329122377634
796.137,122.18787996836508
796.256,123.06407044455554
796.375,125.35497953546457
796.494,118.01501392740627
796.613,109.95623751259897
796.732,94.99660563767978
796.851,85.01494345868296
796.97,70.34877208166003
797.089,64.37803695616333
797.208,64.47721204756012
797.327,70.83175005348266
797.446,73.94111270685883
797.565,86.41599107285171
797.684,97.37765243186709
797.803,120.77712666683264
797.922,139.22377769176904
798.041,150.5007317470084
798.16,154.0521446767067
798.279,143.40269180553918
798.398,133.4943644754973
798.517,119.53149169090986
798.636,105.53918167688519
798.755,106.57457729056617
798.874,116.79005948433371
798.993,131.2124680850277
799.112,144.85738750823253
799.231,157.44256667169702
799.35,161.63034323775884
799.469,160.88132326702396
799.588,159.405896369882
799.707,152.9806859229563
799.826,150.3424884630434
799.945,143.9034252022646
800.064,138.92583380295758
800.183,143.34304759845585
800.302,136.99835663204956
800.421,140.15669596867372
800.54,147.7773729676357
800.659,149.5746733432211
800.778,160.59621614304882
800.897,172.30607063118828
801.016,186.25834936175198
801.135,198.32751120919892
801.254,203.02264708261998
801.373,206.38791282617095
801.492,205.27958549612885
801.611,195.14614994097857
801.729,188.47332044643434
801.848,190.65763380903292
801.967,186.41337574306007
802.086,195.14314365111306
802.205,199.3967210829755
802.324,199.157657822197
802.443,180.664049106873
802.562,156.01892524003398
802.681,120.9449374861866
802.8,89.49382717109276
802.919,55.35660066584241
803.038,36.093266325424395
803.157,25.146276616981986
803.276,24.591010475703357
803.394,17.196527261602714
803.513,10.445793513287285
803.632,-5.723790688476076
803.751,-15.56561959971896
803.87,-25.22498227012261
803.989,-39.409185131843685
804.108,-33.24284175312725
804.227,-21.77882025146996
804.346,-18.321490007467904
804.465,-18.852936882396527
804.583,-23.623007239901135
804.702,-24.38510078281749
804.821,-22.309708909567043
804.94,-23.36637433315267
805.059,-12.185555523041486
805.178,3.6667915050419193
805.297,13.586114440703385
805.416,31.28756845179319
805.535,37.769243011024
805.653,44.084987287390504
805.772,45.96120468493913
805.891,45.05332537470726
806.01,53.30727135000263
806.129,65.28882158248356
806.248,88.31465006757531
806.367,114.67900661469818
806.485,136.2914158712646
806.604,167.4677934572413
806.723,207.5583917092756
806.842,240.70873022105002
806.961,269.6642635380193
807.08,289.2830003181921
807.198,301.4982738949019
807.317,291.6191751772395
807.436,278.0898600093606
807.555,262.1484236293605
807.674,267.2632643056374
807.793,265.10537770918694
807.912,263.32151708676236
808.03,274.2181759448572
808.149,279.0291205172377
808.268,300.110194959748
808.387,330.13672394771265
808.506,361.98230055472504
808.624,406.1577472916076
808.743,434.75224164753797
808.862,455.3216277783602
808.981,466.7940442122127
809.1,456.0915688711734
809.219,449.2341151751558
809.337,421.777527280004
809.456,392.87678354069635
809.575,370.33967616502514
809.694,344.1307073174927
809.812,318.9572363054583
809.931,310.4253237349824
810.05,311.93756700866254
810.169,334.205654438187
810.288,343.04517043914007
810.406,363.3807903361969
810.525,380.21770893455255
810.644,391.58622926450994
810.763,390.93137297109104
810.882,398.95270715386266
811.0,403.0242577868511
811.119,405.13736686139816
811.238,400.4115148969843
811.357,404.69864994555746
811.475,402.74855555690135
811.594,416.94045251023647
811.713,429.99988193110426
811.832,456.33983083249154
811.95,473.09190094600007
812.069,474.2093390248765
812.188,476.7917121686879
812.307,469.8043883428025
812.425,456.9097052095578
812.544,445.9154549767458
812.663,424.54891037163964
812.782,415.579768363936
812.9,402.6547822003881
813.019,393.5600990671432
813.138,391.8082730767553
813.257,393.71012674004714
813.375,411.53319252455117
813.494,430.0488990016959
813.613,446.76720288143804
813.731,469.9616972373708
813.85,490.12242535953743
813.969,510.1281751267256
814.088,519.2308945908834
814.206,533.4522287736561
814.325,553.680489363355
814.444,576.1606980050021
814.562,598.4911230968659
814.681,619.8613750285563
814.8,638.9623628909831
814.918,649.9984156884747
815.037,649.1582780097758
815.156,647.644547257484
815.274,644.5031108774865
815.393,634.926176661991
815.512,621.848809546063
815.631,613.9454684041607
815.749,620.4681012882324
815.868,618.0764484580186
815.987,628.8484319914414
816.105,623.6888137932624
816.224,619.0408839067718
816.343,610.0812657085927
816.461,594.8913444801108
816.58,580.784540134746
816.698,561.769510681156
816.817,538.889546162631
816.936,521.60871584324
817.055,485.8733400693035
817.173,456.53796429536675
817.292,443.9489088677502
817.41,430.4100698903501
817.529,416.42014866186787
817.648,397.1886689918273
817.766,396.6784014429987
817.885,383.25731138334754
818.004,371.74964123711635
818.122,366.17790182681574
818.241,368.21308882344135
818.359,374.6855052572963
818.478,375.6947182279475
818.597,379.7602082548757
818.715,399.15792665422816
818.834,406.56212897983585
818.953,391.17664469432054
819.071,413.0406948747833
819.19,431.0831293973057
819.308,583.3134984458933
819.427,761.3208239877935
819.546,951.3448973626719
819.664,1098.5408400891124
819.783,1148.3588754365655
819.901,1077.2216823189335
820.02,944.1378077145189
820.138,747.3277007678812
820.257,639.0602596582729
820.376,534.4704077936335
820.494,466.6869537654916
820.613,414.53501057412757
820.731,383.77885557941113
820.85,359.67551443750835
820.969,340.63104775448005
821.087,337.71385379872436
821.206,349.5022875485961
821.324,374.1677775755239
821.443,416.29820266738693
821.561,458.55243728305965
821.68,494.67507016713074
821.798,502.1474866009854
821.917,484.907348922286
822.035,461.77630215267743
822.154,420.3768571146702
822.273,385.42416532341616
822.391,363.19961206030064
822.51,347.0044960266223
822.628,338.12712891069305
822.747,341.13720768220963
822.865,345.25377996021984
822.984,349.7781444460224
823.102,349.6306474599634
823.221,356.58271757347154
823.339,355.48457123676303
823.458,361.41672793035747
823.576,364.9159841910514
823.695,374.2187036552084
823.813,375.1318127297551
823.932,367.85098241036235
824.05,364.9389832598009
824.169,369.61226549452084
824.287,364.60935725305035
824.406,362.72679533192604
824.524,359.9741035406719
824.643,358.80409573210153
824.761,352.63841692786025
824.88,350.91169916258
824.998,349.5442887566071
825.117,358.84787402162976
825.235,357.12721686241
825.354,352.1191138157443
825.472,337.18382414864595
825.591,314.64195565695866
825.709,405.10456115679284
825.828,509.46910861442564
825.946,559.5286155924666
826.064,577.8770214848553
826.183,544.4528544301198
826.301,474.10113607328185
826.42,368.15606554854054
826.538,280.58669814658185
826.657,303.719179318315
826.775,321.41754825143346
826.894,308.13585213117517
827.012,302.90437246113333
827.13,292.9464858646847
827.249,288.37561225524905
827.367,276.0359074769824
827.486,270.12910313161603
827.604,256.16688753083844
827.723,251.8202563456452
827.841,244.25890654573317
827.959,253.11573856400298
828.078,272.2868562965585
828.196,285.4311342022742
828.315,301.28710041967815
828.433,318.0054042994197
828.552,335.93929259474567
828.67,361.69569171258235
828.788,363.9464631247913
828.907,368.24918258894826
829.025,350.07484577604885
829.143,303.7628466254872
829.262,251.85770227274114
829.38,195.50934362395077
829.499,152.53661012932417
829.617,124.55569556335644
829.735,96.3505205924551
829.854,93.03553585267856
829.972,86.14278778431554
830.091,88.17826603432718
830.209,105.13889704868063
830.327,124.92996146103235
830.446,159.53864578954136
830.564,200.19687340652848
830.682,239.96967660192473
830.801,291.20009551340746
830.919,328.09654721489477
831.037,351.8527391761225
831.156,358.69551122393034
831.274,344.05862959208457
831.392,312.32650986500073
831.511,276.27317801670483
831.629,240.58261673117963
831.747,212.4591550127542
831.866,193.97984913848444
831.984,187.32911469278622
832.102,188.88357505228254
832.221,193.8666068403502
832.339,185.87647845525743
832.457,194.91492149873608
832.576,202.85726064611077
832.694,204.35890715279282
832.812,215.04150604042718
832.93,219.24618285013946
833.049,209.93673320710906
833.167,190.76253092507002
833.285,160.50664759020833
833.404,147.96983524514488
833.522,148.34195496036347
833.64,165.98725821949256
833.759,177.5188457937645
833.877,194.60732575067289
833.995,206.36003423319366
834.113,223.78114098411254
834.232,234.0005161332997
834.35,252.1514930140884
834.468,282.26177725418444
834.586,323.8924078146266
834.705,343.0624323144626
834.823,361.7640585459004
834.941,367.5358146474681
835.059,367.47813351959843
835.178,337.81179438307083
835.296,311.0718621729501
835.414,290.45054468144417
835.532,283.08550424621524
835.651,278.55682744734986
835.769,284.84113766147124
835.887,289.77306692321145
836.005,308.92664120659657
836.124,323.41354882331484
836.242,342.9134434530201
836.36,363.1354160048031
836.478,390.9392067384041
836.596,407.4468935759012
836.715,421.3814202402381
836.833,423.61291660154484
836.951,446.6591315775705
837.069,460.2880305362802
837.188,469.08056585862624
837.306,486.7735340814052
837.424,512.696805334487
837.542,519.088474855967
837.66,531.0013564986591
837.779,541.9419437690569
837.897,554.3154314723552
838.015,550.7876204743548
838.133,553.7628397793846
838.251,562.7146824610377
838.369,558.6613303374959
838.487,549.7040821100579
838.606,554.855058990845
838.724,549.9263821919785
838.842,542.1336361290428
838.96,534.6257385509552
839.078,545.0009578559846
839.196,559.183969368806
839.315,561.3929549076009
839.433,568.823585468041
839.551,580.8698004440654
839.669,578.1281366322112
839.787,567.8600658939499
839.905,558.0145059781998
840.023,556.181067274571
840.142,563.0870225103358
840.26,563.3479561010793
840.378,560.6954697784029
840.496,563.5235029362459
840.614,560.8164711590241
840.732,549.3561926285556
840.85,538.2153946175677
840.968,539.5473238793066
841.087,543.068863530656
841.205,542.3670265586286
841.323,546.2747133961254
841.441,553.5919240431462
841.559,560.2286152096475
841.677,563.8713669822096
841.795,566.7530797937327
841.913,587.4131475836106
842.031,598.3398820401547
842.149,616.4493004793827
842.267,631.343134503026
842.385,647.1971416868425
842.504,655.716083935594
842.622,653.586541335861
842.74,656.4024532815828
842.858,676.89975050869
842.976,678.390987129737
843.094,684.3982410668012
843.212,688.7448889432598
843.33,693.8569047850865
843.448,679.9732496312421
843.566,667.6428412306443
843.684,660.7834285010424
843.802,659.9421975896221
843.92,639.539927717163
844.038,636.9445842516302
844.156,642.9933966302533
844.274,653.3071440738113
844.392,664.2087703052482
844.51,688.6766303029187
844.628,699.5522825083813
844.746,708.5370256229346
844.864,702.965924581644
844.982,700.0528321983619
845.1,684.0799995553396
845.218,663.9452621504121
845.336,632.4555463905062
845.454,601.8896401544099
845.572,563.0258984204781
845.69,518.0669185913084
845.808,476.56161841581854
845.926,444.3896515736619
846.044,411.4401955540162
846.162,386.6942027378336
846.28,356.8997250731662
846.398,328.5199660232174
846.516,300.74280437586594
846.634,260.5933483562203
846.752,236.0118577045398
846.87,213.62603804853018
846.988,194.20731795962004
847.106,175.9885978707099
847.224,150.7136007255227
847.342,132.06977241150435
847.46,114.26753258202687
847.578,95.76728511714327
847.696,90.43658783359845
847.814,86.38828445714282
847.932,85.33646058956771
848.05,79.58504731188512
848.168,72.89738525575208
848.285,82.7761876758978
848.403,86.54146252804549
848.521,96.80401112170442
848.639,111.47863228983769
848.757,126.29628112593448
848.875,135.15429502451659
848.993,146.16974699632067
849.111,158.84147602440186
849.229,167.11753405681202
849.347,169.33818083381072
849.465,181.74151159349339
849.582,195.34743975577328
849.7,203.7057488704342
849.818,210.83115755219478
849.936,224.87950995689926
850.054,239.09149872524029
850.172,237.8255654156593
850.29,243.80638535283168
850.408,249.93179403459288
850.525,260.60005985921106
850.643,263.35144256694605
850.761,269.96689453875047
850.879,278.2230391512475
850.997,294.0757205602814
851.115,294.56649720741046
851.233,306.46679766406345
851.35,309.077920631539
851.468,327.7028964128673
851.586,334.26553453185807
851.704,342.8515492742255
851.822,366.82197960100837
851.94,403.5491198845013
852.057,449.8018012935354
852.175,513.8752619233488
852.293,592.2976403020798
852.411,680.6325727933652
852.529,771.4125269296719
852.647,845.9171563906541
852.764,919.9629113927617
852.882,989.0519564381592
853.0,1041.2518239943793
853.118,1077.9244188233263
853.236,1101.7641132193733
853.353,1119.651426663039
853.471,1126.0651470331118
853.589,1101.4528933772106
853.707,1081.0605531412225
853.824,1051.7556587926802
853.942,1010.8040111973845
854.06,965.5683809181064
854.178,916.6678155738929
854.296,884.5438736063029
854.413,847.9870312058124
854.531,802.9003186754519
854.649,762.0473723788575
854.767,708.352001839839
854.884,648.4921291363182
855.002,576.585503186044
855.12,511.4598296167221
855.238,445.44757596082
855.355,384.97385044344617
855.473,319.4602980862454
855.591,262.36233014462914
855.708,214.54747908612984
855.826,163.20465810259498
855.944,118.56005193465587
856.062,93.43677281256066
856.179,57.86833920482002
856.297,33.63237930278696
856.415,11.60387971281557
856.532,-3.2385750793243995
856.65,-18.053847237408046
856.768,-31.818569794544956
856.886,-47.832150442838284
857.003,-47.243577140382996
857.121,-51.02583791995531
857.239,-47.608454976031595
857.356,-43.74843980435854
857.474,-53.51421224692342
857.592,-57.061935452395936
857.709,-55.54351650640453
857.827,-47.14640419018321
857.945,-28.708211846889995
858.062,-13.325816525399395
858.18,1.1103371959050548
858.298,16.206872978935515
858.415,15.736968672715477
858.533,21.891298885758786
858.651,31.61179492254014
858.768,44.11993521721557
858.886,58.89791185687918
859.003,58.91575089173707
859.121,60.547550060791735
859.239,58.024518972352254
859.356,48.1448949097511
859.474,36.00385772080848
859.592,41.01171163601383
859.709,36.73798760265221
859.827,35.553390949119816
859.944,19.359353080306967
860.062,6.051628340714418
860.18,-4.609912317916628
860.297,-9.2079818790729
860.415,-9.894376817498065
860.532,-4.455366381649599
860.65,-7.089716064572756
860.768,-1.9349816551464305
860.885,-3.3237461681352647
861.003,-1.8026922495146653
861.12,9.370971086038525
861.238,21.040197885358314
861.356,29.73922776012421
861.473,37.81499315227612
861.591,41.2190311533605
861.708,54.25111962336045
861.826,60.447192996047534
861.943,61.671837797306054
862.061,53.65146095354298
862.178,49.73498021367606
862.296,43.482568737878424
862.414,41.23535206727564
862.531,35.267419670249055
862.649,30.426852807464194
862.766,31.186730721931163
862.884,29.957037522468
863.001,25.871398352250548
863.119,26.470156950644327
863.236,29.998266024279786
863.354,30.858951605321845
863.471,32.590336428092854
863.589,37.32139374582304
863.706,50.273115972666666
863.824,60.41123144227636
863.941,63.18517461036862
864.059,72.5040952021761
864.176,81.57539674636419
864.294,88.39734764120152
864.411,95.67644139318165
864.529,92.13215852178527
864.646,92.24415270666591
864.764,87.99857113397096
864.881,83.37030557859214
864.999,90.42082790200124
865.116,98.68866624272633
865.233,116.49156951851629
865.351,139.83040353023694
865.468,153.14412931684927
865.586,185.21629666190313
865.703,218.51530383379685
865.821,239.6039213953011
865.938,258.4847467490131
866.056,269.8686024057554
866.173,261.755488365528
866.29,255.79562107854738
866.408,244.19246374827668
866.525,239.86030208900166
866.643,240.9541144557009
866.76,235.4435978180711
866.878,248.80407685143695
866.995,260.19918791943485
867.112,258.9181085112421
867.23,258.48031914633947
867.347,258.220018958926
867.465,253.26015167194544
867.582,252.36868265336312
867.699,249.71444307201017
867.817,258.3640995945533
867.934,261.23280373614386
868.051,266.1396031158295
868.169,273.1944544435671
868.286,287.64064776264655
868.404,307.14311813800293
868.521,332.2603071280779
868.638,348.4000069406636
868.756,372.7362435497862
868.873,390.6612247476535
868.99,421.0424830017978
869.108,451.1735248057257
869.225,493.05608176116914
869.342,542.8849590629329
869.46,607.5502000010604
869.577,654.6284279521751
869.694,705.1438853405192
869.812,751.4143210838417
869.929,793.9271810695884
870.046,824.966447981742
870.164,849.4611261493069
870.281,856.5168432779107
870.398,872.7171491511033
870.516,861.9468922537333
870.633,838.6008777806057
870.75,816.8583265109414
870.867,787.0794116049132
870.985,760.2840464824346
871.102,721.6739627452374
871.219,685.1712383153995
871.337,660.6607216777693
871.454,634.4082136981476
871.571,605.2189091817297
871.688,575.4954055311127
871.806,538.1632438718377
871.923,500.8986146800954
872.04,463.42446167882923
872.157,417.73991906717333
872.275,379.4510474511883
872.392,348.39680786983524
872.509,326.7572869032008
872.626,298.9844326032332
872.744,274.14837484006216
872.861,259.5192434838176
872.978,235.59833723579825
873.095,209.6540543644022
873.213,186.82752041075526
873.33,164.63388689000868
873.447,142.01341354242248
873.564,113.2197800216762
873.681,97.06770494248839
873.799,85.3961493438203
873.916,59.947260117794954
874.033,55.071138764553154
874.15,34.39027625194786
874.267,23.68439999845313
874.385,5.993085113213574
874.502,-7.868410036101378
874.619,-15.290121519127885
874.736,-17.83747366074054
874.853,-15.158554954388345
874.97,-6.369207065312743
875.088,-9.496166932937673
875.205,-1.6469355300618214
875.322,-2.3754533572438605
875.439,-2.843213718385419
875.556,-11.076814566687073
875.673,-14.988678045902951
875.791,-18.026726165564384
875.908,-19.545602652179934
876.025,-22.686180729460997
876.142,-17.552842852482943
876.259,-16.118071798142992
876.376,-11.828966455076616
876.493,-14.339389144415243
876.61,-13.76607102208559
876.728,-16.10412934601636
876.845,-12.416454974624111
876.962,-7.9288625466851474
877.079,-6.2274655846933955
877.196,-11.910582649408912
877.313,-14.099763756731868
877.43,-12.35990818388981
877.547,-16.908388440839328
877.664,-14.104079012032148
877.781,-14.376163023614424
877.898,-12.049194185851606
878.016,-15.146334447501125
878.133,-18.6793736727413
878.25,-19.63267636561441
878.367,-20.145428166189433
878.484,-24.09556297103857
878.601,-18.835059774334027
878.718,-19.32812510080052
878.835,-22.048933603003462
878.952,-33.52290663313528
879.069,-35.08728775540509
879.186,-42.87764286575121
879.303,-43.133402872059705
879.42,-40.031433696623054
879.537,-30.151449667062145
879.654,-20.9533651989571
879.771,-26.064984833872217
879.888,-37.227935272748454
880.005,-38.9963790822937
880.122,-39.10811710287084
880.239,-37.56314933447994
880.356,-34.36147577712097
