wavelength_nm,intensity
792.446,199.38579828407285
792.565,240.86034373861833
792.684,267.4145428728175
792.803,279.04839568667035
792.922,275.76190218017655
793.041,236.29610131437576
793.16,199.45194547021995
793.279,171.07272469099917
793.398,142.908222526497
793.518,124.2095212277958
793.637,130.47099308926764
793.756,144.6051922234667
793.875,172.11688053515496
793.994,200.90043031870468
794.113,239.8909065091808
794.232,263.74025715853145
794.351,263.15670737498164
794.47,244.82250824078255
794.589,217.0571402754146
794.708,179.84328746156186
794.827,149.82856884684327
794.946,134.59393681221124
795.066,133.83809265636717
795.185,137.69090650918102
795.304,138.7125515308261
795.423,138.2398242580988
795.542,139.16363378190832
795.661,128.1367939550685
795.78,133.12727014554463
795.899,137.56017057844502
796.018,132.19740001567448
796.137,126.32813594641036
796.256,120.99566841394282
796.375,121.03982425809872
796.494,118.82510564338016
796.613,114.75843897671352
796.732,116.49869871697325
796.851,105.72467274294726
796.97,90.50564430393678
797.089,79.72787291950459
797.208,77.96045552539323
797.327,82.81290223110003
797.446,83.18102376576456
797.565,91.78372801496573
797.684,103.5690806267819
797.803,122.23898033646634
797.922,137.2569511742396
798.041,144.4532769903675
798.16,146.44440800130042
798.279,139.93337451006877
798.398,122.14701634351246
798.517,107.4913941076922
798.636,102.79594503204525
798.755,112.49097214687465
798.874,125.72799060369543
798.993,131.2031042986115
799.112,141.46263357794305
799.231,147.71263904775066
799.35,151.7029042578181
799.469,147.84641622113224
799.588,149.5293221238405
799.707,143.99664361096444
799.826,143.64145427557764
799.945,143.2057454596714
800.064,145.52761240134083
800.183,142.74904644257725
800.302,140.17307788641114
800.421,140.03780197093755
800.54,145.45144380438188
800.659,146.26162243436286
800.778,158.9194201119629
800.897,180.36596237830747
801.016,194.78653061867803
801.135,201.54909020103992
801.254,199.0960653678174
801.373,193.19628728784164
801.492,184.9242148355716
801.611,185.63482636598556
801.729,186.19305694401874
801.848,194.3971749679394
801.967,198.95800294857017
802.086,204.20800841837845
802.205,197.20260263277552
802.324,182.95477260474857
802.443,154.5488843914814
802.562,130.4720335253731
802.681,103.20770506512577
802.8,80.26823903148536
802.919,53.3790382809694
803.038,44.86039294963901
803.157,30.940795180462587
803.276,23.728810236778376
803.394,8.462137328468984
803.513,6.1998169456448515
803.632,0.026359317853915876
803.751,-5.444630917629258
803.87,-19.530820069987058
803.989,-28.394626693788652
804.108,-37.78533952044762
804.227,-33.440884095480996
804.346,-25.349320452007383
804.465,-14.879754929592007
804.583,-13.410378547202303
804.702,-6.007334169675728
804.821,-9.378858298123964
804.94,-13.28238223312178
805.059,-6.573511730079127
805.178,5.759519155272073
805.297,19.81364265107931
805.416,24.183604851693644
805.535,35.299051299663645
805.653,41.242703999747036
805.772,47.95745255972471
805.891,47.47504514655822
806.01,46.662737486288
806.129,62.06126341748614
806.248,79.78036589493809
806.367,95.69248529957731
806.485,125.67342549873925
806.604,161.3604422979633
806.723,207.99567343336446
806.842,242.5968947528117
806.961,268.3556918298348
807.08,293.10409929646835
807.198,297.13735524795044
807.317,289.85026487908635
807.436,269.99261173965954
807.555,251.11937418464836
807.674,244.90068208418268
807.793,242.19367829540548
807.912,243.25896887892276
808.03,257.46625080443135
808.149,279.24669290310015
808.268,308.05224322687724
808.387,333.47164636450685
808.506,357.9681057791927
808.624,392.82387255318577
808.743,410.73418478172437
808.862,423.9328086985748
808.981,431.66822915222167
809.1,428.8954244976436
809.219,411.51915663960233
809.337,388.4095554482278
809.456,353.21077676767595
809.575,328.15745263257867
809.694,303.44958304293596
809.812,292.79192990350964
809.931,291.0000776298844
810.05,293.8757578237916
810.169,314.1531696194304
810.288,335.08166366615137
810.406,353.7495516522664
810.525,368.2615954825372
810.644,378.5130332522018
810.763,383.4900121474075
810.882,382.87305164867405
811.0,374.52968422353376
811.119,385.4148882269648
811.238,397.98667231697607
811.357,397.24936549789675
811.475,396.6653054320643
811.594,398.39639688138357
811.713,407.5084407116552
811.832,417.75987848132087
811.95,420.76369720336754
812.069,434.76491852281686
812.188,451.4224168985433
812.307,443.222772417127
812.425,437.5226950352777
812.544,424.00357003438074
812.663,418.2957004447393
812.782,393.9549304221974
812.9,375.311995897491
813.019,379.1798838836073
813.138,384.6018844238362
813.257,400.91219665237713
813.375,419.5108205692296
813.494,438.5310895077274
813.613,454.7773324721994
813.731,459.7638351769312
813.85,478.32349805482306
813.969,503.40177565132956
814.088,519.9900099577927
814.206,544.7747810607927
814.325,568.6469980512388
814.444,586.9521154745855
814.562,603.9680554087548
814.681,610.4852940442227
814.8,615.2458227229803
814.918,610.9241003194866
815.037,602.0655813791964
815.156,598.6122572441009
815.274,597.783175533248
815.393,589.8259552942568
815.512,595.1007696873006
815.631,585.8232031279637
815.749,584.1075413305316
815.868,580.8888492300694
815.987,577.4502437096938
816.105,579.1094736871539
816.224,577.6448941408045
816.343,562.1673275814678
816.461,556.4204969528672
816.58,542.9940126446129
816.698,534.6792166480468
816.817,523.9349834220436
816.936,509.8470272523175
817.055,497.12443904795964
817.173,481.848604090355
817.292,449.9719033318846
817.41,423.5263714045831
817.529,408.98213817858044
817.648,387.1920175066904
817.766,367.0633686962722
817.885,358.66026101139516
818.004,348.1039065732715
818.122,344.3544785420744
818.241,345.6751803810072
818.359,347.52315494721273
818.478,358.7719953142842
818.597,366.7680218285419
818.715,383.7534710847084
818.834,406.4196587437129
818.953,391.71661259520465
819.071,416.5553307447878
819.19,440.88249913081756
819.308,578.9334076278094
819.427,747.4629655942338
819.546,929.3706103991778
819.664,1066.176352914754
819.783,1108.9367512849103
819.901,1028.418235859186
820.02,892.4050003211441
820.138,707.1790382485424
820.257,607.5534124219689
820.376,511.7258748802187
820.494,449.7224903095417
820.613,405.8216846921291
820.731,374.0679276566023
820.85,339.54966845657344
820.969,327.19504562018136
821.087,327.8915050348717
821.206,342.64510730670526
821.324,375.0039043837337
821.443,411.42157591963655
821.561,460.857429273721
821.68,501.83527396979684
821.798,503.5888762416303
821.917,493.5641235351088
822.035,456.87183836105487
822.154,410.7172155246635
822.273,372.5106446363241
822.391,334.3776668215778
822.51,321.94252450466706
822.628,315.34807482844906
822.747,319.3830623816682
822.865,331.489045605883
822.984,334.5231673582362
823.102,334.3313150846154
823.221,342.73599960753126
823.339,337.33722092698395
823.458,338.19298770098203
823.576,331.59940382562957
823.695,341.39023553469275
823.813,348.09102395371275
823.932,351.0273102082306
824.05,350.61641031556223
824.169,359.1578913752747
824.287,358.2656062012208
824.406,357.81401366785934
824.524,346.25073282280954
824.643,339.3757636660715
824.761,331.5259027344419
824.88,335.7972539240244
824.998,334.5699038149057
825.117,338.3676619308952
825.235,339.2087100901748
825.354,340.4376370373332
825.472,341.36786268579044
825.591,346.7370493732086
825.709,344.4490932034838
825.828,351.2823491549711
825.946,347.7632241540774
826.064,338.4847917938764
826.183,327.20982263713876
826.301,319.1971911427389
826.42,311.8105336743132
826.538,310.61608399809535
826.657,304.7315910318341
826.775,310.61766083613554
826.894,309.44918518589157
827.012,310.45993031486825
827.13,309.6871256602951
827.249,308.9662690576701
827.367,302.86878907842186
827.486,292.03278096064554
827.604,272.80889405499045
827.723,265.20405476838283
827.841,259.02778691034666
827.959,258.4411294419205
828.078,255.75836807739034
828.196,271.72149415874765
828.315,295.9564817119665
828.433,316.59060346431954
828.552,338.71823171017934
828.67,364.15321926339834
828.788,375.4141808425916
828.907,371.35912510576765
829.025,342.9690044338788
829.143,305.93126471437097
829.262,253.7602682252417
829.38,205.17579164675317
829.499,162.78866483782133
829.617,129.85174846250214
829.735,108.42796781995627
829.854,100.14159257402798
829.972,99.52751072850478
830.091,101.18715265090776
830.209,116.10883739283786
830.327,140.44576335368345
830.446,163.2069794386394
830.564,197.58234532828354
830.682,239.3806432508339
830.801,272.9260346693443
830.919,301.9138503302788
831.037,320.6791551687027
831.156,325.2877500504168
831.274,314.11106354684944
831.392,277.074636783542
831.511,245.0875606695855
831.629,214.60438065952513
831.747,181.95756428582845
831.866,163.66399466537848
831.984,173.77042504492852
832.102,189.42750477512783
832.221,204.67938970013222
832.339,208.69491098877307
832.457,223.76238032936197
832.576,224.3960834361846
832.694,206.60294671616742
832.812,190.7777753641159
832.93,188.74134860080918
833.049,182.05037638295707
833.167,164.86070286640356
833.285,158.05025012907086
833.404,163.36880172074234
833.522,167.286487511548
833.64,170.06218196036215
833.759,181.32445649575664
833.877,190.97374401816415
833.995,197.87151638905638
834.113,204.88963508029477
834.232,216.13632520010458
834.35,232.5934049303039
834.468,258.7768915869102
834.586,298.20539988853824
834.705,335.4243843806426
834.823,356.4849273143054
834.941,365.8372451397432
835.059,361.95406512968304
835.178,336.32456477330265
835.296,307.47861420047207
835.414,280.94781514279305
835.532,268.96420223230024
835.651,264.4022343434524
835.769,262.3536863680242
835.887,268.0168267042843
836.005,282.52498868556603
836.124,295.2954883291855
836.242,318.3205334273505
836.36,339.4451456250828
836.478,363.6121820652395
836.596,382.9056254318032
836.715,395.1696315689296
836.833,406.54099701341516
836.951,416.6560854016237
837.069,431.32615214481024
837.188,456.3944872862652
837.306,477.8126059775037
837.424,498.1995558375735
837.542,503.1527394638772
837.66,503.7864425707005
837.779,510.4184140757924
837.897,508.0668357973344
838.015,512.5481579517768
838.133,516.1628134395526
838.251,526.5350446849039
838.369,539.9289209519002
838.487,543.3193340154328
838.606,545.5495739187924
838.724,563.2949653373034
838.842,568.6022615177194
838.96,554.667999256577
839.078,547.8081958698936
839.196,545.8228513576692
839.315,548.3587189666569
839.433,546.4937207747787
839.551,540.3187658729437
839.669,545.8580966853943
839.787,540.4216699220874
839.905,526.9419531154907
840.023,537.8605047071621
840.142,534.8370649568424
840.26,540.4231490160465
840.378,543.0516573176748
840.496,539.0022435413808
840.614,535.3181977304549
840.732,522.9155372009142
840.85,517.0869026453994
840.968,517.0885711201877
841.087,508.0763867811232
841.205,513.4797868576431
841.323,520.1732302242062
841.441,527.5688380929341
841.559,535.17310397032
841.677,545.029317899654
841.795,553.3184322618885
841.913,564.7296245462007
842.031,576.0187389084351
842.149,598.89746366028
842.267,617.175322611259
842.385,636.7380300470869
842.504,649.4548500370277
842.622,660.2885531438515
842.74,658.1932519216712
842.858,660.0763056778459
842.976,655.4649871396482
843.094,663.3272616750437
843.212,662.7904020113048
843.33,656.6197761137996
843.448,645.3625701297144
843.566,638.1244117646768
843.684,634.4472923606781
843.802,636.450692437199
843.92,638.3934864531138
844.038,655.2851982179463
844.156,663.368251974121
844.274,664.105851184841
844.392,667.8027577548685
844.51,673.3074565326882
844.628,679.4060947044475
844.746,678.3289753004493
844.864,678.5098645544599
844.982,681.3730048907217
845.1,670.0205608113989
845.218,643.3659522299117
845.336,608.6316899687706
845.454,568.0705878807896
845.572,526.4358927192153
845.69,476.99253954898296
845.808,443.15784438740855
845.926,420.9058332085183
846.044,396.8209215967277
846.162,374.70570695463414
846.28,349.81213733418565
846.398,330.780039575209
846.516,308.1851712534617
846.634,273.51584405725544
846.752,246.54781556234795
846.87,220.63779572544905
846.988,198.46976723054146
847.106,176.0324746663698
847.224,149.71033361734965
847.342,135.61330079343796
847.46,116.42209136603043
847.578,98.415275680315
847.696,91.3192314679857
847.814,84.36886730446989
847.932,91.74619551251573
848.05,92.02438750786322
848.168,94.43771918750451
848.285,105.08680017635756
848.403,103.01736170605382
848.521,105.26639483322268
848.639,110.45102381935357
848.757,116.81161394831531
848.875,133.10133228246252
848.993,149.32939294086628
849.111,161.9340769758934
849.229,177.45218092434044
849.347,180.97288227538507
849.465,191.80007713292346
849.582,200.2419906051805
849.7,206.95316814670142
849.818,222.10590412978075
849.936,230.07162712584687
850.054,238.31094319550596
850.172,246.44116835607406
850.29,249.7133848586335
850.408,263.23408620967774
850.525,265.84483085076533
850.643,270.31271834899576
850.761,285.79878766540804
850.879,294.5593158562791
850.997,311.64884837615466
851.115,317.3738787315282
851.233,316.95691774491036
851.35,323.12004333837933
851.468,314.91606936474886
851.586,321.7787620577853
851.704,336.77651968588657
851.822,357.786398526109
851.94,391.2646756347297
852.057,440.60961941001693
852.175,501.0671172978583
852.293,582.3332731943575
852.411,665.158736450164
852.529,750.5755416973126
852.647,822.424381576496
852.764,883.1026586851167
852.882,940.057126269928
853.0,983.8176544608
853.118,1012.5574034308927
853.236,1040.5239922278251
853.353,1056.3001048342812
853.471,1061.7948321593522
853.589,1053.795187190051
853.707,1036.3738971991047
853.824,1017.0106158661673
853.942,982.3997154856104
854.06,937.8866506028888
854.178,894.2359233825048
854.296,849.1133346902592
854.413,817.0167200239875
854.531,776.7460793836899
854.649,724.8832309511845
854.767,674.937265635562
854.884,615.841516770156
855.002,546.157889116871
855.12,484.1305385198634
855.238,429.44604506571295
855.355,380.34856459857536
855.473,320.53939581974953
855.591,261.78217509287174
855.708,204.50374224478185
855.826,150.88072065210326
855.944,111.18756918929456
856.062,84.58834611562474
856.179,64.6611593086675
856.297,43.2970842494192
856.415,27.20415574079675
856.532,12.599806088772473
856.65,-11.703038521944364
856.768,-30.066222917125735
856.886,-36.25917223623166
857.003,-39.98910722667217
857.121,-44.058761082001084
857.239,-46.48400211370784
857.356,-38.13815502373855
857.474,-40.67158353033774
857.592,-43.30572164388212
857.709,-46.39618116471297
857.827,-43.43160308425447
857.945,-33.00854445335638
858.062,-24.88263193016765
858.18,-11.76983254874007
858.298,9.99106764001512
858.415,21.383342960222606
858.533,38.46870123402911
858.651,51.485929402354216
858.768,57.79214519548148
858.886,65.80859973609651
859.003,64.1816990323977
859.121,53.915575836808706
859.239,43.87372373061687
859.356,27.607091883154627
859.474,20.55010434749161
859.592,19.21418514465542
859.709,17.14043976956311
859.827,17.300846538198673
859.944,13.752932230091957
860.062,4.588408272187922
860.18,-7.529081065205024
860.297,-13.267697955922726
860.415,-9.423527813621373
860.532,-5.827354229684204
860.65,-7.848772343158419
860.768,0.8371440050800725
860.885,9.85893679998252
861.003,20.824777399822693
861.12,27.750715702466792
861.238,35.40644474360663
861.356,41.31695183135452
861.473,44.17609140775369
861.591,40.41166467964513
861.708,42.81347171777038
861.826,50.388438929055816
861.943,58.0283412052763
862.061,62.92105733431071
862.178,54.69393272051311
862.296,40.18013842500534
862.414,34.834909712752975
862.531,25.86452708560501
862.649,16.76108903828684
862.766,24.878226605493168
862.884,18.840970273192237
863.001,18.336630949968402
863.119,14.594725120837136
863.236,11.27295546262715
863.354,16.64319723539352
863.471,20.547648001319764
863.589,24.69379134957552
863.706,41.76066945137734
863.824,48.24428092069576
863.941,62.93135559347755
864.059,76.22795407578322
864.176,90.14619757973398
864.294,98.27309909234279
864.411,106.50216510711607
864.529,98.22906661972488
864.646,99.88497246133807
864.764,94.05516401723696
864.881,89.78552873330905
864.999,89.45961639310403
865.116,97.0350027541977
865.233,109.50909041399274
865.351,128.30439019499988
865.468,141.21484149115855
865.586,169.49845296047738
865.703,192.95868780641973
865.821,217.76524299868248
865.938,236.42547784462494
866.056,248.3298685347233
866.173,246.37884796941043
866.29,233.88583606210625
866.408,226.483733245711
866.525,223.90500705269216
866.643,228.85095618434875
866.76,237.71465423375415
866.878,244.850213755021
866.995,243.42040531092005
867.112,235.21137608759835
867.23,229.42399188592174
867.347,231.37686742450504
867.465,235.4786607120061
867.582,247.13976135881467
867.699,253.2242386289999
867.817,257.1113133017825
867.934,256.2416780178552
868.051,262.4646834265684
868.169,269.89721264480545
868.286,281.84749078079153
868.404,294.5146520336608
868.521,316.36103406575114
868.638,334.30178839221406
868.756,354.75856003469437
868.873,378.32269098453423
868.99,414.65651890407105
869.108,450.8708663041275
869.225,487.68607950504963
869.342,529.8891714938507
869.46,584.0827396731279
869.577,622.0286888047863
869.694,663.8404388022457
869.812,702.9387688862853
869.929,744.736666069892
870.046,775.9285026474381
870.164,796.095230999876
870.281,810.1312234215779
870.398,816.8702461463104
870.516,802.1980134597876
870.633,792.4088976563817
870.75,773.2396952728892
870.867,746.4072894261935
870.985,720.1385199431344
871.102,694.5952915856165
871.219,665.8650502410854
871.337,640.2205231822686
871.454,612.0114939589496
871.571,583.9799539131193
871.688,539.9163792352546
871.806,492.81038031496564
871.923,449.1381476284433
872.04,412.58452966053585
872.157,377.07853074024774
872.275,354.6833543307821
872.392,335.17822121135987
872.509,318.6315296503791
872.626,292.7999896045499
872.744,271.1216963119675
872.861,248.58019955618175
872.978,221.28459024628341
873.095,201.44785539525947
873.213,182.93579586891082
873.33,162.2644289832548
873.447,140.2372179417544
873.564,117.65589434614151
873.681,93.82002529598299
873.799,69.17982724149527
873.916,42.480754728132865
874.033,37.23536186845003
874.15,25.147720721084873
874.267,12.669726421276327
874.385,7.184662285758777
874.502,6.36998583832444
874.619,1.6635332961417122
874.736,1.4110706293700126
874.853,3.1895933221593094
874.97,8.206206223243852
875.088,1.6747224752855345
875.205,-6.657432757543734
875.322,-2.6613249356743873
875.439,-7.712027903665756
875.556,-8.641885001419267
875.673,-10.458871594568619
875.791,-12.319743662293902
875.908,-18.870466687948166
876.025,-24.527830391632307
876.142,-22.36841682313893
876.259,-14.549478132136304
876.376,-19.44527664144919
876.493,-16.59561209368627
876.61,-14.259159655059163
876.728,-9.039618214469185
876.845,-14.428862006452196
876.962,-8.714122652712
877.079,-6.700057492774876
877.196,-4.229488101990743
877.313,-6.717920962946918
877.43,-16.217749338834388
877.547,-21.19381518214901
877.664,-19.778707809135028
877.781,-25.81025042720967
877.898,-16.685611202060006
878.016,-17.978396349172957
878.133,-9.186522234084089
878.25,-2.9049441736550836
878.367,-9.565258376661397
878.484,-14.386548845623182
878.601,-11.17099843803338
878.718,-12.613721544721477
878.835,-11.883722381546159
878.952,-24.701791848538644
879.069,-25.61783220786277
879.186,-28.15952583477343
879.303,-27.924068811230693
879.42,-29.13721323107805
879.537,-25.243486635130324
879.654,-19.61146185600054
879.771,-19.745840007695648
879.888,-31.285822776072806
880.005,-36.25520051288103
880.122,-41.05028591396229
880.239,-45.671078979316604
880.356,-50.11757970894397
