wavelength_nm,intensity
792.446,0.2091262568464555
792.565,0.23271475504135294
792.684,0.2469108283246213
792.803,0.25171447669626057
792.922,0.2471257001562705
793.041,0.22782875643471767
793.16,0.19963729531481023
793.279,0.17323747082015284
793.398,0.1545910247531906
793.518,0.14219212424542427
793.637,0.1435083439677981
793.756,0.15786496560836955
793.875,0.17941027835094897
793.994,0.20264619297668257
794.113,0.22583020619380528
794.232,0.24041450201348347
794.351,0.24369467103769576
794.47,0.2287519094892112
794.589,0.2106784549733139
794.708,0.190740701860111
794.827,0.17952653750623743
794.946,0.16471733558257845
795.066,0.1649699224378185
795.185,0.1654481074158208
795.304,0.17192886330437537
795.423,0.16981128583304844
795.542,0.17008532527051423
795.661,0.16732901446388176
795.78,0.16558927924724257
795.899,0.1558989402501866
796.018,0.1506714303748913
796.137,0.14247169983314195
796.256,0.13326785003946606
796.375,0.12849361246603974
796.494,0.12431035893199684
796.613,0.1285157570670471
796.732,0.13221459745405445
796.851,0.13228864346367275
796.97,0.13040150824657842
797.089,0.12350761714548067
797.208,0.11961985563112944
797.327,0.12541966503870827
797.446,0.12899809415773822
797.565,0.14104337306816853
797.684,0.1509752266199608
797.803,0.16284473275989536
797.922,0.17249424264884397
798.041,0.1725987374848474
798.16,0.1731592726978457
798.279,0.15869123603345597
798.398,0.1426523167351081
798.517,0.1381590387869624
798.636,0.13535774675953385
798.755,0.13933616273425886
798.874,0.14331388669020245
798.993,0.14780024445053336
799.112,0.15421456653606586
799.231,0.1558532670106091
799.35,0.15795769612508798
799.469,0.1676411149343291
799.588,0.16533046422296938
799.707,0.16291808675073216
799.826,0.15952581068392013
799.945,0.15499723977791896
800.064,0.1521177496281832
800.183,0.15644840316268124
800.302,0.1564871562144441
800.421,0.15583319846594607
800.54,0.1558608792172052
800.659,0.16111053369350786
800.778,0.1704341027363797
800.897,0.1745080173029489
801.016,0.1805673337535825
801.135,0.1862744126444431
801.254,0.18629240513276157
801.373,0.18823766992750016
801.492,0.18487307461194735
801.611,0.1744844886643787
801.729,0.17562078350356786
801.848,0.17558756660205685
801.967,0.17468725016735215
802.086,0.178168796656975
802.205,0.1822115703783776
802.324,0.1872937563095622
802.443,0.17046593560032774
802.562,0.1515191533822034
802.681,0.13946695428395833
802.8,0.1259765689869203
802.919,0.10877759308498319
803.038,0.095833609393245
803.157,0.08230941762375651
803.276,0.06947628840684708
803.394,0.054713680346577157
803.513,0.04400819452107757
803.632,0.03590385742521129
803.751,0.03467423505717791
803.87,0.033993330635802996
803.989,0.030745748557585367
804.108,0.032582187161901296
804.227,0.036123145519824144
804.346,0.04043281165076099
804.465,0.035897453940841845
804.583,0.03717392419060901
804.702,0.0414366131626851
804.821,0.04881689439224075
804.94,0.05612884441969151
805.059,0.061821114276543444
805.178,0.0680968683433519
805.297,0.07528702869155562
805.416,0.07997632685906675
805.535,0.08966728388402637
805.653,0.08906412814879294
805.772,0.09148200056540076
805.891,0.08911653084374138
806.01,0.08715119503218323
806.129,0.0877535733946959
806.248,0.09524089984577619
806.367,0.11844646202448089
806.485,0.14410462347428526
806.604,0.16560487905040006
806.723,0.19440726321555327
806.842,0.2181292718861738
806.961,0.24030046646749903
807.08,0.2514561060852354
807.198,0.26044780297328585
807.317,0.26171657026002615
807.436,0.2559392023137433
807.555,0.24671488881691148
807.674,0.24107108049545395
807.793,0.23317682709662524
807.912,0.23083533240038717
808.03,0.2386056161391261
808.149,0.25623370742003904
808.268,0.2736922540994895
808.387,0.2994308054993411
808.506,0.3274765475166449
808.624,0.3501937449165573
808.743,0.36764952352088187
808.862,0.3766744373104429
808.981,0.37535851444835744
809.1,0.3695714582391335
809.219,0.3493834911873235
809.337,0.33032835888079515
809.456,0.3114233946498479
809.575,0.28591380316846154
809.694,0.274194069945615
809.812,0.2601450015043089
809.931,0.2531393002209001
810.05,0.2609178881850169
810.169,0.2684542695756158
810.288,0.28299941718503785
810.406,0.29895628310867783
810.525,0.3004527245745242
810.644,0.3094444214625739
810.763,0.30922673240669596
810.882,0.3074893701066892
811.0,0.30141166600924385
811.119,0.300404383523698
811.238,0.30303296771604493
811.357,0.31164820638697
811.475,0.31785106758565795
811.594,0.3315554123755825
811.713,0.3409844651335274
811.832,0.34928345122131643
811.95,0.35239990865460635
812.069,0.35676822806359254
812.188,0.3664872366909773
812.307,0.3673124199387889
812.425,0.37176239756398954
812.544,0.37008731695431585
812.663,0.36493068985501925
812.782,0.36435315103277177
812.9,0.3633846215989884
813.019,0.3729029447797436
813.138,0.3847796679677805
813.257,0.3962211113422669
813.375,0.41182643172491484
813.494,0.42790024882262434
813.613,0.44030083022824124
813.731,0.44658188954923594
813.85,0.45215016952530684
813.969,0.4594035152342799
814.088,0.46041069942161994
814.206,0.4648240000514017
814.325,0.4684594715708004
814.444,0.46945765951398133
814.562,0.4745256099110426
814.681,0.4719370645098159
814.8,0.470673735075122
814.918,0.4647946403679605
815.037,0.4605279494216459
815.156,0.4588597889997864
815.274,0.45654943514871404
815.393,0.4481209432505824
815.512,0.4524719621900308
815.631,0.4444469172415017
815.749,0.4421600920289999
815.868,0.44396102175869695
815.987,0.43872481249953
816.105,0.4384829027862996
816.224,0.43342661841031704
816.343,0.43768213875792117
816.461,0.4400083107427607
816.58,0.4304739728318249
816.698,0.42039986027133536
816.817,0.40959982000907413
816.936,0.3953964313794971
817.055,0.38145462584931944
817.173,0.3598563245208537
817.292,0.3540443556354959
817.41,0.342240196121308
817.529,0.33236469295110316
817.648,0.3179599268561156
817.766,0.31453749882320603
817.885,0.31714463043332636
818.004,0.3182971385647769
818.122,0.31960465890327894
818.241,0.3244234825390073
818.359,0.3299481653318447
818.478,0.33393241431710907
818.597,0.33760041071923763
818.715,0.3505619767389905
818.834,0.36252039857951635
818.953,0.3575813421698128
819.071,0.3760536463214666
819.19,0.3879303555860911
819.308,0.4863338957106582
819.427,0.6009459290478837
819.546,0.7241800855444996
819.664,0.8177960314510162
819.783,0.8454922529509077
819.901,0.7905804770005335
820.02,0.6981539093000388
820.138,0.5686995292923583
820.257,0.49802533808310145
820.376,0.42640397500224997
820.494,0.3777494973897868
820.613,0.3447713118263558
820.731,0.3223211353778896
820.85,0.2980274208955624
820.969,0.28110716652989826
821.087,0.27582182393724697
821.206,0.27679648324185835
821.324,0.2872241191014781
821.443,0.31032607894389297
821.561,0.34489548201420284
821.68,0.37707050010059395
821.798,0.38198482232816744
821.917,0.3745140844236043
822.035,0.35174073520418725
822.154,0.32068738126436924
822.273,0.2945328282786437
822.391,0.27480228564139153
822.51,0.2685889458627763
822.628,0.2666778868486185
822.747,0.2699625048458081
822.865,0.2771141237939046
822.984,0.27804518591528293
823.102,0.2804682405295308
823.221,0.2799045420829136
823.339,0.2786647412867911
823.458,0.2800698362734829
823.576,0.27206278381327353
823.695,0.2802005295249784
823.813,0.28343670620746486
823.932,0.28639676739614106
824.05,0.28771882012905536
824.169,0.2855849310672618
824.287,0.2907172392110017
824.406,0.28355375764541585
824.524,0.2735066338174054
824.643,0.2708648029700061
824.761,0.2694997467744362
824.88,0.2736175553845278
824.998,0.2774800090642535
825.117,0.281217899363313
825.235,0.29053069296597045
825.354,0.28915733254502296
825.472,0.28759159090282416
825.591,0.28654347930917196
825.709,0.2855078240535863
825.828,0.2861385500238032
825.946,0.28021170602072143
826.064,0.27704048080549093
826.183,0.26835386590186977
826.301,0.2613073355103548
826.42,0.25430786239598047
826.538,0.25825335832948415
826.657,0.25739347584439487
826.775,0.2621548619212627
826.894,0.26029501229693564
827.012,0.26367443686718917
827.13,0.2556660003694179
827.249,0.2494858774923152
827.367,0.24148782127626622
827.486,0.23024627303142337
827.604,0.22373467315799217
827.723,0.221456844189652
827.841,0.21870982648746867
827.959,0.2227452848625649
828.078,0.229035340427721
828.196,0.24526416973248405
828.315,0.26001346288244426
828.433,0.2779778752911577
828.552,0.2979145412270875
828.67,0.3138229658360258
828.788,0.31506197631516397
828.907,0.31017177644673916
829.025,0.29442795400959154
829.143,0.2680747916335833
829.262,0.23584362172768888
829.38,0.2124455280730114
829.499,0.1807223733230143
829.617,0.15689867979251593
829.735,0.13414025675569186
829.854,0.12671166952012144
829.972,0.12424226907357902
830.091,0.12959345980658643
830.209,0.14528475111369488
830.327,0.16511479398733214
830.446,0.18265247897466916
830.564,0.2031919313620285
830.682,0.22432500022879362
830.801,0.24901158553845532
830.919,0.26858276801542136
831.037,0.28217560023918703
831.156,0.28134606903814074
831.274,0.2706760307644574
831.392,0.2500021689857078
831.511,0.2299158311524343
831.629,0.21089866233654636
831.747,0.1904109536100147
831.866,0.17342901203045782
831.984,0.17084728927470566
832.102,0.16980046417627487
832.221,0.16882560903111787
832.339,0.16952336328079654
832.457,0.1753794255276226
832.576,0.17630277790006355
832.694,0.17275776500049198
832.812,0.16878162440005873
832.93,0.17051217517521322
833.049,0.16289548139924107
833.167,0.15062842907791216
833.285,0.14267257678575807
833.404,0.13483016080004884
833.522,0.13344887919388781
833.64,0.13560770779482556
833.759,0.14082170585480314
833.877,0.14736808833927734
833.995,0.1543381920613653
834.113,0.1631186439513795
834.232,0.17212533067274366
834.35,0.1891716695925356
834.468,0.2119659165112956
834.586,0.2343359559170088
834.705,0.25416559437591124
834.823,0.2647270252944601
834.941,0.2685952505585403
835.059,0.2617434128787231
835.178,0.2448732192994286
835.296,0.22788676656484547
835.414,0.20803881616884506
835.532,0.19638921227703096
835.651,0.1888896450177487
835.769,0.1878853660414319
835.887,0.19807379883676285
836.005,0.20892449360596954
836.124,0.22412037430408518
836.242,0.23468595733532222
836.36,0.24947077887723917
836.478,0.26170412717184144
836.596,0.2741374688942914
836.715,0.2802450669352382
836.833,0.29144453917031043
836.951,0.30081500576593256
837.069,0.30729421789253375
837.188,0.3141782610063005
837.306,0.3325463557987175
837.424,0.3456281191194135
837.542,0.36050636319682994
837.66,0.3675544147618068
837.779,0.3801524569542484
837.897,0.38603376485365104
838.015,0.38671593564779905
838.133,0.3882977308578702
838.251,0.3961312237398261
838.369,0.40270039830801924
838.487,0.41352133626962173
838.606,0.4154041596496363
838.724,0.41632300086705015
838.842,0.41778023269645514
838.96,0.4107055649690008
839.078,0.40347450099693216
839.196,0.4015449929097772
839.315,0.4067342820277007
839.433,0.4125657645748371
839.551,0.40738722830863644
839.669,0.40845831365797614
839.787,0.41466556240345587
839.905,0.41464879422830997
840.023,0.41642158662206963
840.142,0.4184006006127102
840.26,0.41876582680494107
840.378,0.41105588583608904
840.496,0.3947939767657146
840.614,0.39205134661032165
840.732,0.3924816225680118
840.85,0.39034035673372425
840.968,0.38666903737358566
841.087,0.3881145048837058
841.205,0.39213220620458483
841.323,0.39825087654603547
841.441,0.393007290514376
841.559,0.4055188303591334
841.677,0.4195029861708791
841.795,0.4260368677812177
841.913,0.4419842808760205
842.031,0.4535103859759515
842.149,0.4671222356832614
842.267,0.4798386130873369
842.385,0.479828073081225
842.504,0.47850200537152077
842.622,0.4845071846328093
842.74,0.4842177610577611
842.858,0.4886880426617283
842.976,0.4899674256642942
843.094,0.4862628894026454
843.212,0.4956008311155389
843.33,0.4970781314896081
843.448,0.49485520743910694
843.566,0.4988950533609944
843.684,0.4900072964260651
843.802,0.48003376202299497
843.92,0.47635483045626137
844.038,0.47097768479977725
844.156,0.4783807419996544
844.274,0.4869450067148542
844.392,0.5014364122934247
844.51,0.5091204291185827
844.628,0.5109741877097767
844.746,0.5112100063898721
844.864,0.5079615105052186
844.982,0.5047953648555614
845.1,0.49837742295173254
845.218,0.4846393063774146
845.336,0.4643020987029092
845.454,0.4378336046244964
845.572,0.40839842602988147
845.69,0.3782650004847539
845.808,0.35091003034726614
845.926,0.32868291938054084
846.044,0.3099823361242345
846.162,0.29215992470162555
846.28,0.27134937618058863
846.398,0.25628742767730095
846.516,0.23753840310629115
846.634,0.21870841233784824
846.752,0.2063917023406895
846.87,0.19321412097937055
846.988,0.1768318006410207
847.106,0.1646721789072581
847.224,0.14938601631877188
847.342,0.14255078708971203
847.46,0.133367647028096
847.578,0.12253328277114733
847.696,0.11415759218811349
847.814,0.10806621187594083
847.932,0.09756786767313566
848.05,0.08966754571268748
848.168,0.09699731940653096
848.285,0.10357870988629136
848.403,0.11119466691828635
848.521,0.12174509205561791
848.639,0.12629295965850518
848.757,0.13465819268069396
848.875,0.14200445048506788
848.993,0.15344344459304113
849.111,0.1764523905970864
849.229,0.18673290032060408
849.347,0.19115062692742824
849.465,0.20197783148831444
849.582,0.2090591383850527
849.7,0.21388584809173097
849.818,0.22508120664436407
849.936,0.24097606474202385
850.054,0.2582362758955425
850.172,0.26775002880918086
850.29,0.2738943422757961
850.408,0.282591513027289
850.525,0.2833982856323538
850.643,0.28200028639962516
850.761,0.2882013454063219
850.879,0.29339344102962184
850.997,0.3019584361938523
851.115,0.3080127872188755
851.233,0.3105966640547795
851.35,0.30910939439924
851.468,0.3019233500782177
851.586,0.3015301621161969
851.704,0.30675409060344416
851.822,0.32353404072261577
851.94,0.3484908847637481
852.057,0.3815118236654598
852.175,0.42897173444273917
852.293,0.48394489313054023
852.411,0.5479821138181584
852.529,0.6049448265027131
852.647,0.6598709279133735
852.764,0.715320887541614
852.882,0.7521811466429738
853.0,0.7821461306056726
853.118,0.805113420650052
853.236,0.8166451003304841
853.353,0.8301102804863696
853.471,0.824536639926194
853.589,0.8176723843385592
853.707,0.8089888113744149
853.824,0.7954514186769743
853.942,0.7745986954405153
854.06,0.7437677533939047
854.178,0.7130738310660272
854.296,0.684385379166877
854.413,0.6531932033163343
854.531,0.6213152368533457
854.649,0.5855557370450392
854.767,0.5512723132976283
854.884,0.505754656651681
855.002,0.45599354083770216
855.12,0.40186094238111797
855.238,0.35110331952180873
855.355,0.3113266506870147
855.473,0.2713375320863063
855.591,0.23279127264498242
855.708,0.20173196440048413
855.826,0.17196050310831895
855.944,0.1432228659699851
856.062,0.11320195612287409
856.179,0.0909642768442123
856.297,0.07545298522186561
856.415,0.05882817496244803
856.532,0.04420709909384725
856.65,0.035463925509989516
856.768,0.03054113846223712
856.886,0.019987289461715387
857.003,0.015301673620031164
857.121,0.01906403935070649
857.239,0.024824204747477017
857.356,0.02910457857941834
857.474,0.027480158560889693
857.592,0.03494258774645528
857.709,0.03580794940170452
857.827,0.03353146759904165
857.945,0.03391656419595804
858.062,0.04358127846547735
858.18,0.05479708670428365
858.298,0.06818823772907999
858.415,0.07801708102706727
858.533,0.08870104866680573
858.651,0.09111978291623557
858.768,0.0985262092719178
858.886,0.09753608292949037
859.003,0.09694455940519518
859.121,0.09360582588659028
859.239,0.09119271981338875
859.356,0.08388660443589784
859.474,0.0736688518891882
859.592,0.06685851111643029
859.709,0.06430774664643421
859.827,0.05853422801838469
859.944,0.05264018108993111
860.062,0.04699596698824772
860.18,0.04594472543262028
860.297,0.04893738276829969
860.415,0.050055936234497556
860.532,0.05128414163694942
860.65,0.05516980915468979
860.768,0.056882295648514644
860.885,0.061396167825229844
861.003,0.06088955401125659
861.12,0.062345498727499865
861.238,0.06612489083588444
861.356,0.0661582184850581
861.473,0.07333857856064063
861.591,0.08001743490563375
861.708,0.08575787646265083
861.826,0.09732990598925731
861.943,0.09999774994859831
862.061,0.09669238661320692
862.178,0.09010331187840845
862.296,0.08172424932476685
862.414,0.08285175471466258
862.531,0.07754193743521384
862.649,0.07520331089881929
862.766,0.07257743579380387
862.884,0.07022644009527541
863.001,0.07181016942401838
863.119,0.0674194626813831
863.236,0.071190612178577
863.354,0.08547519261584614
863.471,0.08891347003967631
863.589,0.09031150079273492
863.706,0.0905423781490377
863.824,0.09364377170793203
863.941,0.10284004910840698
864.059,0.10990333229405988
864.176,0.12433630402188783
864.294,0.13836092608731532
864.411,0.13799821954838717
864.529,0.1337055383494375
864.646,0.13180931819075103
864.764,0.12826332525701772
864.881,0.1267124224702895
864.999,0.1315654614873716
865.116,0.13282069485954257
865.233,0.14131928881745853
865.351,0.1436720639770561
865.468,0.14825175557545442
865.586,0.16798596646947012
865.703,0.19298021212151067
865.821,0.21556069626375102
865.938,0.23633501138633015
866.056,0.2381694644785998
866.173,0.23739500676469216
866.29,0.22373446732085672
866.408,0.21156730440745375
866.525,0.20990637063447087
866.643,0.21344665002308705
866.76,0.22282756792738925
866.878,0.23338630179776942
866.995,0.23025067600145394
867.112,0.22518500982359257
867.23,0.21790834363890454
867.347,0.21368970844957402
867.465,0.2150189878313637
867.582,0.2163586474948757
867.699,0.22411470530026464
867.817,0.23171921099250975
867.934,0.2304631082066927
868.051,0.23334181764021505
868.169,0.23466417683419022
868.286,0.24338006468949117
868.404,0.2586216896541427
868.521,0.269386645121404
868.638,0.2902689151738941
868.756,0.30676932230205683
868.873,0.319159137868232
868.99,0.3410974285812599
869.108,0.36527786014628105
869.225,0.3901862954694182
869.342,0.41736247633946333
869.46,0.45307401686027526
869.577,0.4883475094924108
869.694,0.5148579682946728
869.812,0.5404764148876079
869.929,0.5663308398850273
870.046,0.5878989005499635
870.164,0.5908502719555406
870.281,0.5951171710647103
870.398,0.5990705856658696
870.516,0.5931482002365366
870.633,0.5894679556591969
870.75,0.5776454180989705
870.867,0.5595435021155999
870.985,0.5453791729988473
871.102,0.518385507692248
871.219,0.4990095851321741
871.337,0.48446395366682626
871.454,0.47099510342546047
871.571,0.4557443048217853
871.688,0.4308841334184874
871.806,0.4030794220999948
871.923,0.3734969145318816
872.04,0.3382315487302596
872.157,0.3181947482338731
872.275,0.3041362979906871
872.392,0.29301408343731805
872.509,0.27542910548371313
872.626,0.26097897261020975
872.744,0.24723746696894142
872.861,0.22644567398196086
872.978,0.2062580133912118
873.095,0.19857098006910634
873.213,0.18483639461565252
873.33,0.16826245610178864
873.447,0.14790663494713985
873.564,0.13010159502102414
873.681,0.12023055042456972
873.799,0.10754852553774591
873.916,0.09478484243470756
874.033,0.09232531898789739
874.15,0.09053151760887032
874.267,0.07691467988729814
874.385,0.07404136405550657
874.502,0.068311553577794
874.619,0.06394456612388894
874.736,0.06077122323106298
874.853,0.055552525243588086
874.97,0.0549608342566138
875.088,0.055034733291093096
875.205,0.04871797036408901
875.322,0.04963736701623035
875.439,0.049410584189059706
875.556,0.04798410725048072
875.673,0.05044423749700243
875.791,0.050340991754260975
875.908,0.055594798318356134
876.025,0.055610773983734124
876.142,0.06154105309495982
876.259,0.06584716058020292
876.376,0.07025188394070712
876.493,0.0699903973401994
876.61,0.06893770196307217
876.728,0.06806791284193543
876.845,0.06398955547743494
876.962,0.057018927824027045
877.079,0.05562149048814878
877.196,0.05288431456964366
877.313,0.051954053303472456
877.43,0.05038749646619588
877.547,0.05170760196616478
877.664,0.05199283548934109
877.781,0.05110783274132667
877.898,0.0514018332178733
878.016,0.04940050258034411
878.133,0.04766857965150534
878.25,0.05071010325255776
878.367,0.051395435556673696
878.484,0.05082694976859829
878.601,0.05433978039302579
878.718,0.05595814012313367
878.835,0.05501542890731541
878.952,0.04919456947721947
879.069,0.05087817915112046
879.186,0.043860940748905314
879.303,0.040504128320211635
879.42,0.04440337586320167
879.537,0.04814589026592203
879.654,0.043977053880970486
879.771,0.04116234513496439
879.888,0.03913181007817676
880.005,0.035304617378964884
880.122,0.030706122398944057
880.239,0.025336325138114325
880.356,0.01919522559647568
