wavelength_nm,intensity
792.446,227.79721530695045
792.565,213.52024560998066
792.684,198.6424101121451
792.803,183.16370881344375
792.922,167.08414171387648
793.041,145.88241011214492
793.16,119.8001590298939
793.279,113.13089496062989
793.398,108.38976941950438
793.518,113.4772153069502
793.637,128.91617634591117
793.756,144.77158760132238
793.875,170.07548370521852
793.994,181.4694230991579
794.113,187.3308949606298
794.232,172.60535383508875
794.351,153.23825426798916
794.47,133.4252672550021
794.589,115.59583002556488
794.708,109.43479106452594
794.827,118.10751833725323
794.946,118.20795123768613
795.066,122.32050535024027
795.185,120.04431487404982
795.304,120.31271314244805
795.423,122.07288630262116
795.542,119.51184734158218
795.661,118.24258327231811
795.78,119.97764820738303
795.899,116.41314604288084
796.018,114.74734517708
796.137,119.23998586972073
796.256,116.21314604288082
796.375,116.5239685537033
796.494,112.74215037188517
796.613,114.66769149742635
796.732,110.39842742816234
796.851,100.3326265623615
796.97,92.77245340218849
797.089,82.5854404151755
797.208,74.41487764461267
797.327,77.45124128097626
797.446,82.91184734158226
797.565,98.95513738487224
797.684,99.21141444114932
797.803,98.37591660565148
797.922,95.05989928963422
798.041,90.93608976582469
798.16,86.83046206019705
798.279,90.28673911647414
798.398,92.67115470088973
798.517,100.787172016907
798.636,103.67808110781604
798.755,104.5265659563008
798.874,103.10578673552152
798.993,105.00448803422276
799.112,101.83825426798904
799.231,101.87721530695015
799.35,97.63464676438164
799.469,96.29395412368902
799.588,91.5330594627944
799.707,83.21430044403533
799.826,76.34893247866736
799.945,71.6927997225346
800.064,71.20174633148126
800.183,78.92252555226048
800.302,86.21098154071646
800.421,99.98284301257793
800.54,102.56206379179869
800.659,108.07461790435272
800.778,109.76812439785924
800.897,112.58111141084623
801.016,121.83652266625745
801.135,130.65470448443926
801.254,131.61141444114924
801.373,143.30751833725316
801.492,141.29886032859508
801.611,152.7689901987249
801.729,162.27894690868163
801.848,173.21487764461236
801.967,175.35860058833526
802.086,167.7482109779457
802.205,152.57678240651722
802.324,132.67981270954758
802.443,104.13782136755628
802.562,89.00015902989396
802.681,71.34339041915945
802.8,51.46847366040468
802.919,37.320151964430636
803.038,30.682553249606105
803.157,26.097681934602434
803.276,16.45763023591044
803.394,9.199071724449128
803.513,-0.03788218144127331
803.632,-11.591977725308986
803.751,-21.94876136360815
803.87,-27.841411892385928
803.989,-22.386200445432053
804.108,-22.101805626498688
804.227,-21.179969795750246
804.346,-25.04137669133797
804.465,-25.183116524937514
804.583,-25.079644693596247
804.702,-20.517020778424936
804.821,-23.46168697370299
804.94,-11.812721149770095
805.059,-8.668408456947507
805.178,-10.19888127190442
805.297,-10.06379527890284
805.416,0.8046191524969852
805.535,9.703501845828946
805.653,16.05803997667449
805.772,23.8452337412676
805.891,33.33756129332072
806.01,43.67258595611902
806.129,61.23894636988758
806.248,85.64737170015249
806.367,112.31392975875718
806.485,132.37021769291573
806.604,147.45123361129532
806.723,166.17813697556227
806.842,184.18988882467758
806.961,190.6726363447884
807.08,199.35884706836234
807.198,197.7004690473475
807.317,192.8888442730858
807.436,182.15254417414883
807.555,178.658668317636
807.674,182.00461930095003
807.793,184.85446638816006
807.912,183.17444334549995
808.03,197.25632506474466
808.149,214.40400764979037
808.268,238.01229629544204
808.387,261.13573645624524
808.506,286.04792120579305
808.624,297.90902370425874
808.743,291.26709589969414
808.862,281.78707285703445
808.981,267.18670349402834
809.1,244.13784928253745
809.219,223.65869204074352
809.337,198.5630845824994
809.456,175.35838621516456
809.575,161.0229519170939
809.694,151.50310203460782
809.812,151.75035171922133
809.931,151.1369953432288
810.05,160.41108485468214
810.169,179.59946008042124
810.288,196.5497400680652
810.406,202.40737936306869
810.525,201.84683683989059
810.644,207.91659734701565
810.763,217.00367387145667
810.882,215.2890187941661
811.0,226.0626754051871
811.119,241.45624543612135
811.238,253.9381271553671
811.357,256.1204417750457
811.475,247.865526957495
811.594,251.1915645208966
811.713,256.42669299338905
811.832,263.43757904163925
811.95,269.51166855309305
812.069,269.1918186706075
812.188,265.1005402166933
812.307,263.644759598277
812.425,254.71192270280432
812.544,247.73146675971253
812.663,246.01161687722674
812.782,257.8389531419271
812.9,259.125163865502
813.019,258.5542317319339
813.138,258.0845982996644
813.257,271.8911553435854
813.375,284.2397037294976
813.494,295.3648754920331
813.613,304.89091305543445
813.731,315.4048294067145
813.85,325.26679770604665
813.969,330.56166643827896
814.088,331.04960876358496
814.206,340.41287576421564
814.325,349.4878310765346
814.444,349.6156002416673
814.562,357.37800144143205
814.681,359.07979658059077
814.8,371.3287778669357
814.918,369.0643392398607
815.037,368.20682701971225
815.156,367.25407670432566
815.274,373.784443272056
815.393,373.33039425537083
815.512,381.3681201304606
815.631,381.8725126722172
815.749,389.2756065126752
815.868,388.1090033834363
815.987,395.06880718060427
816.105,396.5151910643523
816.224,394.9044320909576
816.343,385.61834844223824
816.461,365.10455916581327
816.58,337.6608997595182
816.698,322.8371537731366
816.817,314.0861350594821
816.936,314.66758387829515
817.055,311.51050455858
817.173,298.8174945029343
817.292,288.7781641009683
817.41,274.1847211448897
817.529,268.4821872797202
817.648,262.6515148864121
817.766,265.4632667355281
817.885,261.95467226429764
818.004,253.70581805280744
818.122,248.1158383001916
818.241,248.90854253025952
818.359,253.05535931443998
818.478,264.55282544926973
818.597,276.7404419247995
818.715,278.5645808412469
818.834,292.6612180322858
818.953,308.6947233838801
819.071,412.2212056089503
819.19,522.8955227652441
819.308,626.8534019064664
819.427,704.6956369456391
819.546,732.1945222550562
819.664,685.1202841603596
819.783,605.9379671316174
819.901,498.88789050752644
820.02,448.295999433568
820.138,379.1640817102391
820.257,322.01222006912343
820.376,277.99193728620446
820.494,243.21061554224653
820.613,229.46565743465226
820.731,222.85663006298876
820.85,231.03634728006972
820.969,247.28359696468289
821.087,265.3940501124995
821.206,287.87593183174454
821.324,308.108462901639
821.443,325.0500848806243
821.561,341.86876313666596
821.68,329.4493461546127
821.798,311.8723534149839
821.917,284.9473087273031
822.035,259.56685278421105
822.154,243.06172151644358
822.273,229.11849501058066
822.391,222.89994382939284
822.51,220.75844892526115
822.628,209.08881549299102
822.747,215.36723400877298
822.865,217.0794187583212
822.984,221.31974203600808
823.102,222.10465405828376
823.221,224.1060162970095
823.339,220.08140450976111
823.458,221.16848103420097
823.576,212.33607703916033
823.695,218.7599501003967
823.813,219.57862835643812
823.932,218.3488217639947
824.05,207.07832253085869
824.169,204.53769342759284
824.287,197.46632839359114
824.406,197.04085080547713
824.524,198.02229962428964
824.643,211.0868653262191
824.761,212.0579245346422
824.88,211.5138322279139
824.998,212.051125202571
825.117,213.4732666620768
825.235,210.27289729907187
825.354,204.316683780223
825.472,204.64791614882
825.591,213.1202740585424
825.709,216.93029430592713
825.828,215.40450380651208
825.946,220.64898610392652
826.064,217.40983391979967
826.183,228.8064983649485
826.301,236.13335173374543
826.42,234.7254589612553
826.538,231.86333952799754
826.657,231.48465577163444
826.775,210.94784925060753
826.894,198.22706357359715
827.012,178.47341746006336
827.13,169.08516930918023
827.249,158.39129345266923
827.367,144.40217950092006
827.486,132.07194000804535
827.604,130.53131090478092
827.723,131.37249998333465
827.841,142.07516092336027
827.959,152.8115880971522
828.078,171.67615379908256
828.196,197.26885802915135
828.315,223.183640181298
828.433,234.16682060184291
828.552,237.7517326241193
828.67,240.0318827416338
828.788,217.65402420113946
828.907,192.05278903726855
829.025,164.93122863348088
829.143,135.2938488243497
829.262,108.47845245950668
829.38,73.93117244380792
829.499,56.626945887284364
829.617,50.31830047259268
829.735,42.49364738195819
829.854,38.9965632239565
829.972,42.48700061505552
830.091,55.68295737440563
830.209,67.04782827605187
830.327,84.82047541905459
830.446,108.17496303112873
830.564,135.90805398627873
830.682,155.82310492169506
830.801,169.36088041805579
830.919,179.73501955078012
831.037,174.49876907311477
831.156,157.32052725345812
831.274,149.3682594597753
831.392,126.21956052979333
831.511,120.76804945691111
831.629,106.29024444606117
831.747,111.9148269829737
831.866,117.39666780820227
831.984,124.06487886517583
832.102,135.05311633050218
832.221,140.7575892719758
832.339,129.89939731091673
832.457,125.44813175678412
832.576,109.86439867018393
832.694,104.54992965284791
832.812,98.97918357923493
832.93,96.6182036202255
833.049,91.13469560212985
833.167,82.59792373607218
833.285,82.77135131063208
833.404,85.112640691844
833.522,94.40395635350015
833.64,112.96581769100408
833.759,130.43631980059058
833.877,143.06723737542995
833.995,152.3206657727803
834.113,161.31435391039048
834.232,174.59115893111752
834.35,179.4567085405892
834.468,193.0200936478964
834.586,211.79386836559326
834.705,213.65422316987022
834.823,205.3734524330216
834.941,202.06670767019887
835.059,190.2777118251251
835.178,177.5051661965016
835.296,165.84690628216373
835.414,165.83020480938444
835.532,166.4680487911507
835.651,165.40026506728927
835.769,162.71603112697747
835.887,170.97465432952265
836.005,184.35016064895092
836.124,200.7784808211931
836.242,220.72541571204994
836.36,234.7442120747683
836.478,252.1543504288287
836.596,266.8129736313739
836.715,276.15471371703586
836.833,286.0029473091913
836.951,303.36113761130343
837.069,317.4647824588702
837.188,329.0247043627141
837.306,340.5201241020559
837.424,357.0926001184539
837.542,358.08585535563134
837.66,367.84274695644524
837.779,370.42994158756204
837.897,366.51064271218524
838.015,364.2329022783668
838.133,356.47117916056544
838.251,356.1059928393007
838.369,353.50530868253793
838.487,352.83146435261494
838.606,360.9558884209602
838.724,359.2006588096519
838.842,362.55105690397136
838.96,362.8806757775115
839.078,360.308995949753
839.196,370.5191343038126
839.315,376.6080605366601
839.433,389.446770319291
839.551,389.17552339196516
839.669,387.5917223520853
839.787,384.79926330354743
839.905,375.6829947312
840.023,366.02906382119016
840.142,368.4400679761153
840.26,362.5947950747633
840.378,358.5988728227618
840.496,345.6704830382927
840.614,338.11352182525206
840.732,329.87257792822874
840.85,328.20739160696314
840.968,328.60367714716966
841.087,332.7125167999304
841.205,329.23694086827584
841.323,334.6297632050196
841.441,326.2572175763954
841.559,327.3236329867324
841.677,334.20649861351944
841.795,343.8928274437698
841.913,358.59993549479935
842.031,375.2507664895518
842.149,384.40029878300555
842.267,404.25632458295274
842.385,403.32100839155794
842.504,408.04716406163516
842.622,412.6088175672103
842.74,408.1488260511404
842.858,411.50008994632594
842.976,411.13360492376245
843.094,405.03378656786566
843.212,407.3175179955185
843.33,399.18653080845286
843.448,396.43822760407136
843.566,390.32801963778513
843.684,386.93036578405315
843.802,395.18292838053776
843.92,397.9497766913081
844.038,400.4586163440697
844.156,412.5518715812466
844.274,420.14036491366176
844.392,426.34184525906403
844.51,424.1112909724317
844.628,422.13528214034466
844.746,429.8527798017641
844.864,426.7875934804996
844.982,416.8401560769837
845.1,398.80787018861946
845.218,375.44917737384844
845.336,338.82381789241106
845.454,304.02876144127674
845.572,269.0865188429563
845.69,246.2221983225581
845.808,224.5370985813807
845.926,210.22083000903442
846.044,189.5244748566015
846.162,178.92855260460135
846.28,158.27289009286108
846.398,147.67696784086104
846.516,132.96935727717266
846.634,115.88339173512938
846.752,106.84244783810765
846.87,106.69241303199487
846.988,101.39605787956151
847.106,90.37817740265601
847.224,76.92327629069423
847.342,70.12746024328982
847.46,57.45009536209804
847.578,42.34570470808481
847.696,35.29206325382974
847.814,36.78312360151373
847.932,32.45610374124938
848.05,29.805076633485967
848.168,38.56913079000731
848.285,52.047239177996815
848.403,60.683853808578235
848.521,65.94674554550491
848.639,69.65568012407337
848.757,75.70278989646359
848.875,81.2472361427827
848.993,97.00034039775977
849.111,112.28937538866751
849.229,126.81650561767046
849.347,138.727185630223
849.465,141.16860157351147
849.582,128.92430323108567
849.7,128.5319529406078
849.818,131.0772649877921
849.936,135.84422205662148
850.054,142.53931765358945
850.172,154.4612530773973
850.29,170.82388114189786
850.408,173.00469102458032
850.525,171.44091216267395
850.643,183.82951425314843
850.761,189.82850595401237
850.879,197.47425090162957
850.997,205.15029887954972
851.115,204.7917148228379
851.233,211.19936453235994
851.35,209.08666792153565
851.468,216.2553565920965
851.586,233.42231366092562
851.704,249.2161105565945
851.822,280.39865204100784
851.94,309.9439640881917
852.057,351.3905748366743
852.175,398.1168392648108
852.293,444.8751383249819
852.411,486.0654720171876
852.529,530.9034247570122
852.647,571.8651870206464
852.764,602.3187241760554
852.882,625.7099236691267
853.0,658.8829413440162
853.118,672.4291191920659
853.236,690.958846823665
853.353,696.1829467496364
853.471,696.0771765457378
853.589,687.6172937877263
853.707,660.0898785621825
853.824,632.3849741591496
853.942,609.0272559033028
854.06,580.4297108076291
854.178,555.1810834608732
854.296,527.3913305729918
854.413,491.72019240372526
854.531,447.1295737149781
854.649,399.852374939651
854.767,349.76998135912896
854.884,306.0927825838017
855.002,261.67359246648306
855.12,215.3470430418052
855.238,174.57287456950826
855.355,142.12078401928915
855.473,106.0860094863861
855.591,82.32915703140516
855.708,55.84399995021497
855.826,43.36241680453519
855.944,28.237330387124217
856.062,18.967699803227354
856.179,15.080557544615152
856.297,7.278749438157476
856.415,-1.147022100395098
856.532,-9.209345638138661
856.65,-30.64568031748005
856.768,-37.54928490393256
856.886,-46.564715266180855
857.003,-40.63382235692675
857.121,-35.8524831953161
857.239,-37.36603977089136
857.356,-32.52657643011587
857.474,-33.57222805132233
857.592,-41.016658562694744
857.709,-32.86338776671237
857.827,-24.785204641153904
857.945,-10.506991836302575
858.062,-3.065614830635811
858.18,10.387347907934128
858.298,25.71797800169578
858.415,29.761795052367333
858.533,33.57768592310515
858.651,46.80652423776473
858.768,48.66755193668078
858.886,45.447104099132886
859.003,40.6648658378922
859.121,35.3490236055538
859.239,30.632028366450466
859.356,17.344238069048497
859.474,10.61290488212321
859.592,10.299902111041796
859.709,9.932720029088843
859.827,6.573822575265842
859.944,2.571580979814778
860.062,-1.9414177559228554
860.18,-3.015956667340741
860.297,5.9804506537063205
860.415,8.646398229445314
860.532,11.38960139006079
860.65,25.746038596830196
860.768,34.08308578498357
860.885,40.656153418057976
861.003,44.59018131860236
861.12,45.61638986618672
861.238,53.35845058521369
861.356,44.93452525486866
861.473,46.06384667777019
861.591,59.672821780325194
861.708,61.09478389586721
861.826,65.08644298110606
861.943,67.53091591915882
862.061,62.896600978423805
862.178,53.48046785587068
862.296,40.96649923548213
862.414,41.03954360210676
862.531,46.300466756610305
862.649,42.91983146955552
862.766,40.49225827172461
862.884,41.34417326260743
863.001,39.62141574023165
863.119,34.16716027908508
863.236,36.73144053963892
863.354,45.428292125491154
863.471,56.13921578682937
863.589,65.29932460657814
863.706,68.5103310133861
863.824,80.69536339421983
863.941,87.24316633782419
864.059,94.4914021818615
864.176,94.16561205187294
864.294,96.00951889158148
864.411,91.50277638064068
864.529,85.1094537831197
864.646,75.7325814020488
864.764,80.17995144522025
864.881,82.62039508146536
864.999,90.83746209433376
865.116,99.0380788907521
865.233,118.72614157461628
865.351,140.681736726013
865.468,156.0511846912625
865.586,169.21976685564618
865.703,181.80133603301687
865.821,182.8028186303008
865.938,177.08828391156732
866.056,178.49063230971694
866.173,177.49557811046384
866.29,178.4849394956263
866.408,176.00330520979304
866.525,180.9718873741761
866.643,181.80713620522596
866.76,184.41900841289913
866.878,192.56854295823476
866.995,196.7613675468607
867.112,198.8035427848376
867.23,200.26996044705686
867.347,201.6809668538649
867.465,199.93180010049974
867.582,197.10471126921254
867.699,200.56766572796846
867.817,203.9639535200576
867.934,205.21478676669233
868.051,211.47687542458266
868.169,219.49047923398814
868.286,229.65819559750628
868.404,235.58781672292935
868.521,246.15380148471615
868.638,254.42021914693584
868.756,275.02343334595196
868.873,299.266474384795
868.99,316.6601647742875
869.108,341.35169066161563
869.225,372.2432165489437
869.342,403.8239199254492
869.46,434.016744514076
869.577,452.8338115269453
869.694,490.6950343839704
869.812,506.43417931891736
869.929,514.9508134313538
870.046,525.8535947299375
870.164,523.5676314397767
870.281,518.5838326517805
870.398,508.2753585391092
870.516,485.78852944808295
870.633,482.79867005402633
870.75,469.9430097941688
870.867,464.91245775941957
870.985,457.35116979393433
871.102,440.8496220881891
871.219,425.7324899668595
871.337,405.3028037329756
871.454,373.9216023475767
871.571,347.9888858106626
871.688,323.9643943819738
871.806,297.1840587974408
871.923,274.7206063297909
872.04,255.4407036456907
872.157,236.21448061527008
872.275,216.6263528229448
872.392,200.3031600955545
872.509,182.66221845041534
872.626,168.71218589618522
872.744,157.1110710908726
872.861,153.11948009508373
872.978,136.73048650189222
873.095,121.79430676151443
873.213,105.86765083066042
873.33,89.73926329807489
873.447,70.68446883908267
873.564,54.797639748055815
873.681,52.29089723711549
873.799,51.1789599209805
873.916,35.03153586178845
874.033,33.49968882322018
874.15,32.26239140719942
874.267,22.740562627139035
874.385,10.037355995762233
874.502,4.1276883969505125
874.619,0.4576344165377859
874.736,-1.8285511650867703
874.853,-8.621674782253907
874.97,-5.7623034021228445
875.088,1.555194816170192
875.205,5.094838823823036
875.322,1.5033534363884407
875.439,6.258408492946838
875.556,2.19350751989337
875.673,3.254815037115968
875.791,-2.65872607533381
875.908,-3.9224330085583583
876.025,-3.9465347604372107
876.142,-5.781338730169454
876.259,-1.1303318668782536
876.376,5.710537359835226
876.493,8.45456857354105
876.61,14.118512206922539
876.728,17.01335388891747
876.845,19.414030078579998
876.962,16.610352322874466
877.079,13.334812589722036
877.196,20.055018968557228
877.313,14.27011074735021
877.43,12.180586327435044
877.547,0.9855723340325706
877.664,-2.726201658019638
877.781,-11.615943426713175
877.898,-7.321486572364334
878.016,-2.678031924063906
878.133,8.806707366080461
878.25,8.36691434579585
878.367,18.28437288313662
878.484,14.171788955259583
878.601,12.68065725126851
878.718,-2.68380861569763
878.835,-5.850055763885048
878.952,-6.549621138614416
879.069,-5.956486066472671
879.186,-12.432081481867186
879.303,-6.83447173301868
879.42,-2.9540167571156557
879.537,1.289173441869596
879.654,-2.695214566327037
879.771,-6.762968200993428
879.888,-5.223767169968912
880.005,-11.216706779875091
880.122,-20.75534650509823
880.239,-33.839686345638356
880.356,-50.469726301495456
