wavelength_nm,intensity
792.446,199.95810147589393
792.565,201.47082874862116
792.684,198.74372918152156
792.803,191.77680277459513
792.922,180.57004952784166
793.041,157.20294996074213
793.16,133.42892398671614
793.279,117.00294996074217
793.398,106.89039584818809
793.518,115.0704824282747
793.637,130.7553309131232
793.756,146.4488374066297
793.875,175.6566296144219
793.994,191.50078545857772
794.113,197.3986209564132
794.232,181.56572052351274
794.351,162.34320970100185
794.47,150.71463827243042
794.589,139.35013610792825
794.708,124.38996294775508
794.827,124.70424866204081
794.946,119.68346944126168
795.066,115.1960235538159
795.185,115.18823134602374
795.304,125.83411879191112
795.423,132.82719238498473
795.542,142.80554736333966
795.661,141.1319542897465
795.78,146.6635560213482
795.899,141.473079830872
796.018,135.05403221182445
796.137,126.49732225511445
796.256,118.11030926810153
796.375,108.65316641095876
796.494,103.16831792611032
796.613,100.56831792611028
796.732,104.04191099970336
796.851,106.17264693043924
796.97,107.18390234169469
797.089,96.18217073996306
797.208,88.66528762307995
797.327,87.86182441961672
797.446,82.69905385684615
797.565,89.1051144629067
797.684,96.09559065338287
797.803,108.08000623779836
797.922,119.45489801269022
798.041,114.04450840230061
798.16,113.0990538568461
798.279,109.89818805598031
798.398,98.75186770966002
798.517,99.121564679357
798.636,99.20035255814489
798.755,103.21420537199769
798.874,110.83065558844798
798.993,109.94147809927051
799.112,114.67048242827482
799.231,119.10944346723583
799.35,113.7622573200496
799.469,110.47827463606691
799.588,109.21160796940026
799.707,100.54407550186784
799.826,96.75359931139165
799.945,93.35359931139168
800.064,90.33195428974668
800.183,93.92243048022286
800.302,90.98909714688946
800.421,94.8765430343353
800.54,98.68087203866432
800.659,100.39082874862103
800.778,103.93714909494135
800.897,112.29039584818808
801.016,121.49385905165133
801.135,133.9059802637726
801.254,145.32935688714923
801.373,154.87134822914055
801.492,160.91290667069904
801.611,171.28866424645653
801.729,175.23152138931368
801.848,186.97091532870758
801.967,186.4488374066296
802.086,179.76918372697588
802.205,167.63758199537415
802.324,142.68260364039588
802.443,117.83758199537434
802.562,99.40814476593711
802.681,81.55575958427569
802.8,64.83555858486137
802.919,45.21469152896574
803.038,30.442057292208055
803.157,22.48335201373487
803.276,7.955318787402095
803.394,4.899145471514846
803.513,5.303312532350965
803.632,1.6252492028157142
803.751,-4.434625104996398
803.87,-9.204314871684295
803.989,-13.732503411513337
804.108,-19.400142825434195
804.227,-27.086889782918732
804.346,-29.99475585419802
804.465,-24.387044390109683
804.583,-22.85497192612307
804.702,-16.335569637717235
804.821,-16.2106238798698
804.94,-12.160640427513876
805.059,-12.8424329869888
805.178,-2.2039121554492382
805.297,-3.598867313300037
805.416,11.99406043146123
805.535,19.63866020269059
805.653,19.810000101915627
805.772,23.154306530154052
805.891,31.046992215945416
806.01,42.1459252390479
806.129,62.15647512600572
806.248,78.76916377723225
806.367,107.18788450133627
806.485,130.94258975620727
806.604,147.99349723009362
806.723,168.60111466068997
806.842,177.66414334669759
806.961,182.19037549590863
807.08,177.19279812131018
807.198,176.9501991016901
807.317,169.76820614267615
807.436,169.97842097587016
807.555,174.32283494326344
807.674,180.08543072883873
807.793,183.23157629796393
807.912,191.02534091470824
808.03,204.233824146171
808.149,220.34533768066382
808.268,239.87070402900935
808.387,265.8324340137184
808.506,280.9950297992931
808.624,282.8563268835691
808.743,275.37390102412223
808.862,264.98151845471875
808.981,246.87917917535862
809.1,219.1378788570376
809.219,198.9333750755132
809.337,185.88644705156463
809.456,172.2732852613822
809.575,166.79259100366727
809.694,166.23570626976186
809.812,167.29267434970922
809.931,171.8526727326868
810.05,178.51137241436578
810.169,185.8748340008065
810.288,199.6097241586757
810.406,202.2485104204409
810.525,204.28296767787702
810.644,197.0187236366118
810.763,196.46270470357172
810.882,207.2123134761593
811.0,211.25023393705868
811.119,216.57819768800118
811.238,227.15724369002612
811.357,228.0826100383714
811.475,229.90754348628386
811.594,233.755853557573
811.713,240.26563549033395
811.832,249.63948668716418
811.95,252.9778400484967
812.069,252.5473622409979
812.188,251.35584547246015
812.307,248.23965337924704
812.425,239.81610197867482
812.544,226.1873557729078
812.663,215.80796021649132
812.782,214.02596725747756
812.9,210.65696131145086
813.019,212.34942722689593
813.138,221.37003167047942
813.257,235.68847161189834
813.375,250.1142708606767
813.494,261.0145289839139
813.613,278.4005013928653
813.731,283.11980713515015
813.85,286.4945241328463
813.969,297.8389381002395
814.088,304.4387633230437
814.206,320.4065539138131
814.325,334.246205976444
814.444,346.93780609102294
814.562,350.11338888958454
814.681,341.84221844139313
814.8,347.3571951793491
814.918,342.3474965926299
815.037,333.18368545179817
815.156,341.8441167352088
815.274,352.45346576753724
815.393,360.50956804661905
815.512,356.56393872396933
815.631,351.58714057015084
815.749,355.52116492715487
815.868,357.42142305039283
815.987,361.25934351129325
816.105,372.68687436180414
816.224,378.64167793958785
816.343,368.251892772783
816.461,341.83440197827247
816.58,310.38054754739835
816.698,289.0046151944463
816.817,283.0434014562129
816.936,280.19387602966793
817.055,282.17378783256004
817.173,278.5554312371837
817.292,273.9916200963529
817.41,268.3039994317125
817.529,257.38520993590345
817.648,245.44737282104686
817.766,241.69914609580064
817.885,237.38381980345477
818.004,228.37845022106552
818.122,218.86225812785392
818.241,219.96511365369003
818.359,225.60563151718847
818.478,227.7985303330679
818.597,236.24114951089217
818.715,235.8219011232635
818.834,255.27918029630092
818.953,269.44956728109753
819.071,362.81621020003615
819.19,464.55074949568126
819.308,585.7672904042141
819.427,682.4756970660778
819.546,739.4921564663168
819.664,708.353971046212
819.783,638.6955209223527
819.901,524.9681469005957
820.02,451.08087480905476
820.138,365.7089720924017
820.257,318.34978959178125
820.376,279.17946017245015
820.494,262.40335132855876
820.613,244.05166139984948
820.731,236.58049095165958
820.85,236.08854128269064
820.969,238.48317170030174
821.087,251.64663328674402
821.206,275.8732983363898
821.324,292.8185781046502
821.443,317.13615224520504
821.561,330.71606404809756
821.68,328.4050667600809
821.798,317.6499136279083
821.917,292.8003882013635
822.035,270.6980489220049
822.154,258.30133734827393
822.273,247.59034006025715
822.391,243.73388822678606
822.51,239.6661809820596
822.628,227.19674213560137
822.747,220.49959766143738
822.865,215.5937951786152
822.984,214.74080654860683
823.102,217.52244995323034
823.221,224.06253491629533
823.339,225.84244671918736
823.458,229.94010743982807
823.576,225.2152573379579
823.695,219.8038271495074
823.813,225.66339263205253
823.932,229.6017459933855
824.05,224.47603009064932
824.169,219.42217565977467
824.287,215.63671949729837
824.406,212.98286506642376
824.524,211.93160803814652
824.643,209.8950696245879
824.761,219.82043597293392
824.88,222.22372439920196
824.998,218.58112537958243
825.117,222.2640674855038
825.235,222.8794771238928
825.354,221.60484347223866
825.472,222.9483916387663
825.591,229.60795712131141
825.709,229.46752260385662
825.828,231.93834349765734
825.946,220.8619782442717
826.064,217.81764762292062
826.183,214.51357674182927
826.301,208.8969517481837
826.42,197.02318389739514
826.538,193.3260394232301
826.657,197.26785598802627
826.775,203.28586302901311
826.894,195.0735670396968
827.012,182.37295936206874
827.13,180.06542527751407
827.249,170.87304270811077
827.367,148.79321425126147
827.486,136.86922995025617
827.604,138.72706383106907
827.723,139.16411849110273
827.841,139.09814284810602
827.959,138.91788149082362
828.078,164.9497413456624
828.196,186.65173107063106
828.315,201.42558226746115
828.433,220.7336325984904
828.552,239.7325920204288
828.67,244.6830665938823
828.788,221.36600869980364
828.907,195.46366942044364
829.025,170.80375438350796
829.143,139.13905735663866
829.262,104.44918548410214
829.38,75.00831135616912
829.499,58.53767239659679
829.617,46.0412721614653
829.735,35.44240082421318
829.854,39.0410922451384
829.972,50.297946559616875
830.091,78.37199928997005
830.209,96.82729709524432
830.327,112.38860010069618
830.446,130.10186003555398
830.564,155.60223608944403
830.682,169.37426552968162
830.801,179.2502636562401
830.919,179.73209068545682
831.037,183.6593295874635
831.156,167.3363520392537
831.274,147.3250628027323
831.392,124.1639900164275
831.511,120.0643890915945
831.629,113.30245050442389
831.747,110.34484092158232
831.866,115.52922268073212
831.984,124.51273863901619
832.102,129.3949558960017
832.221,129.36375323956747
832.339,122.53687958746241
832.457,119.96628299163444
832.576,113.96711496723499
832.694,101.24500321989171
832.812,94.8883966393953
832.93,87.40407075306413
833.049,80.72037271952426
833.167,75.72632377749835
833.285,81.07594825013467
833.404,85.16576272249662
833.522,101.28282798961392
833.64,107.70085295258755
833.759,117.25075738915179
833.877,135.14807006256984
833.995,142.69733078793612
834.113,156.98511965183053
834.232,177.84953189234838
834.35,192.80918222810453
834.468,205.07619187122015
834.586,209.7977469688813
834.705,215.83791678515723
834.823,220.10232902567554
834.941,207.61089711034964
835.059,199.29089376645217
835.178,187.37695102861528
835.296,174.53746716523716
835.414,163.9101045139803
835.532,161.26369424367584
835.651,165.0155523716397
835.769,166.961349893543
835.887,173.88117338947217
836.005,178.22437350877811
836.124,192.78575544626585
836.242,205.73934517596152
836.36,227.3777833905059
836.478,244.70713069595934
836.596,264.0711100360449
836.715,274.0047863458275
836.833,283.7730946902418
836.951,281.89032078357377
837.069,293.14434341370196
837.188,297.5507469962111
837.306,308.4419990635686
837.424,324.3332511309259
837.542,334.1820789558588
837.66,340.72181587170087
837.779,354.2996480256381
837.897,355.3017226038176
838.015,362.85704393524384
838.133,364.69807955238434
838.251,368.3183359487457
838.369,375.23383044034506
838.487,371.6255154081348
838.606,374.0613562200805
838.724,380.49806283289206
838.842,373.81528892622316
838.96,371.3662812533207
839.078,372.8826415457865
839.196,376.5011663404169
839.315,380.5837603991165
839.433,384.5685189599808
839.551,389.0987320662996
839.669,388.9709365146097
839.787,393.3141366339155
839.905,386.4036570995419
840.023,378.9122251842157
840.142,372.7922218403182
840.26,360.7544695786717
840.378,350.86476926507714
840.496,337.9698741462879
840.614,335.13818249070187
840.732,344.0008631294879
840.85,339.1856216903518
840.968,334.6959213767565
841.087,336.19756305450306
841.205,335.3554817885266
841.323,333.13071653986634
841.441,328.50508549034043
841.559,329.8829176442777
841.677,342.4451653826307
841.795,353.8931274066981
841.913,370.7358946255706
842.031,397.5171899829712
842.149,414.02056326244974
842.267,422.3966638146552
842.385,417.597006791103
842.504,407.382631152832
842.622,407.69899144529666
842.74,396.77379329620265
842.858,396.8312791297926
842.976,405.37015024476796
843.094,402.12373997446207
843.212,403.0323080591344
843.33,394.853430256361
843.448,392.98104596008096
843.566,384.03160538674445
843.684,367.13064966189273
843.802,362.1838064911537
843.92,370.67938756283877
844.038,380.553323612879
844.156,396.0445756802354
844.274,412.7384251501892
844.392,422.4608460487142
844.51,418.86898123295356
844.628,413.0087181487946
844.746,401.8272429434237
844.864,400.535811028096
844.982,395.34134880973807
845.1,381.6429904874843
845.218,360.04679666739514
845.336,327.4410790377823
845.454,296.35743933024776
845.572,258.6036697525833
845.69,229.72003004504893
845.808,213.60608730721137
845.926,205.1414952187243
846.044,193.80590745924133
846.162,189.48676991620857
846.28,179.31395271949629
846.398,158.3342091158578
846.516,135.90944386719764
846.634,118.64571757957653
846.752,101.6529869629509
846.87,86.34337322944202
846.988,74.10475516692864
847.106,72.4912453295236
847.224,67.01712943151252
847.342,57.559239254667574
847.46,56.64666468651126
847.578,54.40760536840942
847.696,50.03771949145613
847.814,45.17057936596338
847.932,44.01381772986369
848.05,44.880992780489436
848.168,48.63420138416794
848.285,45.913193889934306
848.403,42.28744101679227
848.521,50.09338465404012
848.639,53.2944026162949
848.757,64.03383982426745
848.875,77.04377351449288
848.993,87.9844566512385
849.111,105.69345949020126
849.229,112.65301307886901
849.347,116.8766359316061
849.465,125.80415488823934
849.582,116.71089462409329
849.7,111.78906293137581
849.818,111.69926587069281
849.936,110.15578915633003
850.054,119.4296284592833
850.172,124.41948507825404
850.29,133.2465711344543
850.408,134.74551866251602
850.525,137.17173891785063
850.643,142.77111934634542
850.761,150.62331362765406
850.879,159.22788886134347
850.997,165.41861128118003
851.115,174.7651778568606
851.233,187.2701859909826
851.35,193.20636295627327
851.468,206.41440139342524
851.586,221.15663896477633
851.704,242.0192228564738
851.822,267.977910644275
851.94,297.7019663974441
852.057,340.378403102994
852.175,384.70851946222353
852.293,429.8152591980763
852.411,461.27611148804164
852.529,498.4832841243274
852.647,535.6514957216523
852.764,572.5088848081547
852.882,603.9177890461722
853.0,634.0124075699041
853.118,663.5520477386578
853.236,682.99298660871
853.353,680.348211193048
853.471,669.7882842622344
853.589,647.4733789764427
853.707,626.7221100542874
853.824,594.7794991407902
853.942,568.498360088765
854.06,551.1150565345753
854.178,532.8330516816843
854.296,509.30515938290574
854.413,480.04999435685454
854.531,438.06669080266477
854.649,394.196807161895
854.767,345.3217287159305
854.884,292.2717584950739
855.002,248.05988351231267
855.12,209.3233332048759
855.238,175.06124177189807
855.355,146.28573042550045
855.473,116.64008920897297
855.591,87.71566090090843
855.708,62.69195552383733
855.826,34.89791400082445
855.944,21.628827049112488
856.062,6.60601237233029
856.179,-1.6855342944317155
856.297,-17.55880472838122
856.415,-22.123513623113936
856.532,-27.557331265957796
856.65,-32.9804796172944
856.768,-31.2162362029573
856.886,-28.57833179775998
857.003,-32.23648868312683
857.121,-35.00274752315851
857.239,-38.843435034605626
857.356,-37.498848264386524
857.474,-34.04474397918158
857.592,-30.4874678659797
857.709,-27.223805173267138
857.827,-23.85885948364737
857.945,-19.068939932155715
858.062,-12.658964655417423
858.18,1.455536591634921
858.298,11.942344193898112
858.415,21.326425209366015
858.533,24.86254861004071
858.651,30.003442155339037
858.768,36.49656856285824
858.886,43.4532728840926
859.003,48.260498499720484
859.121,47.81753792568823
859.239,47.466904845606926
859.356,39.87281911998474
859.474,27.65847393208369
859.592,25.267086543116754
859.709,13.176263835473316
859.827,9.554197193617147
859.944,3.8521691455102056
860.062,-1.0913185316749754
860.18,-1.8870842305652684
860.297,-0.5807171270126394
860.415,6.325136401713076
860.532,17.66038634180088
860.65,23.146955752786614
860.768,33.54170295708031
860.885,45.35963287228396
861.003,54.867026641970035
861.12,54.77575083671387
861.238,47.69486464184737
861.356,49.32306935607166
861.473,49.08893640795809
861.591,54.15696796200874
861.708,56.801622892682666
861.826,66.62203539911417
861.943,65.58472774672344
862.061,54.97985137654942
862.178,38.225073846455516
862.296,33.25576222309141
862.414,31.403770960680703
862.531,36.239000342579274
862.649,36.87069518257428
862.766,41.05047512791418
862.884,42.433806520780955
863.001,48.048607127500816
863.119,44.60799647880923
863.236,56.86608712881886
863.354,62.07655873120957
863.471,58.85239829896819
863.589,54.79447163296063
863.706,53.94000817041619
863.824,60.58944081176796
863.941,76.88822410247042
864.059,86.68051388667928
864.176,104.38708938517388
864.294,101.77331856332229
864.411,92.56041354233648
864.529,81.2825734564157
864.646,66.0887160544777
864.764,64.0610924187735
864.881,73.16420471380516
864.999,80.70624987394038
865.116,84.52791199177634
865.233,83.76890937154593
865.351,89.9022992581759
865.468,90.71178940069389
865.586,98.64759624931636
865.703,126.70712240144589
865.821,154.8496752163898
865.938,178.53239755129124
866.056,194.73410398842796
866.173,193.9485492527715
866.29,187.52276437539544
866.408,176.75921000376078
866.525,174.50561234208277
866.643,177.17582420421428
866.76,180.55079797110753
866.878,184.9664643786934
866.995,189.147498751647
867.112,181.4393556354229
867.23,177.06974065772687
867.347,180.05770143760657
867.465,181.34522931705334
867.582,184.9695537332969
867.699,191.2925794482418
867.817,195.0943930419748
867.934,202.39923693873817
868.051,211.54131027273098
868.169,215.77775590109596
868.286,227.2600889753482
868.404,232.06796317514141
868.521,242.25852135761858
868.638,259.14518343619955
868.756,277.4249191078543
868.873,299.20422187907604
868.99,314.6441307109037
869.108,329.29183175052333
869.225,353.0131258637358
869.342,381.3491385916666
869.46,410.9163201507662
869.577,442.3986532250172
869.694,471.8948391131212
869.812,487.15206396226415
869.929,488.3902411923596
870.046,494.3626175566543
870.164,491.16962595558084
870.281,491.39135296922586
870.398,484.1897033594943
870.516,470.50666846837726
870.633,463.5301270837538
870.75,450.66873721428203
870.867,440.73548587294874
870.985,433.5753947047756
871.102,415.16681868811753
871.219,400.45348076669757
871.337,380.83364933878397
871.454,355.7263720234247
871.571,337.48662717559785
871.688,320.6105186914075
871.806,300.07207254487935
871.923,280.204622069347
872.04,251.7466954033385
872.157,229.475781724343
872.275,211.12348276396216
872.392,194.88287211526955
872.509,177.05611428042965
872.626,164.20251661874977
872.744,146.4164514246023
872.861,130.92735592742468
872.978,107.69020848219525
873.095,92.82708701099173
873.213,82.62543740126
873.33,70.18049774823814
873.447,57.38404294370109
873.564,49.254254805830655
873.681,40.44186159727188
873.799,35.595649546949915
873.916,21.985714951442706
874.033,17.922510540172034
874.15,11.454321444153408
874.267,-1.7139685372069078
874.385,-8.968884867033871
874.502,-6.477146147575066
874.619,-9.133460178172136
874.736,-11.85463365640149
874.853,-15.78208675263024
874.97,-15.05584355395923
875.088,-11.058180932358473
875.205,-11.734248356015147
875.322,-3.565667461664603
875.439,12.56442396024272
875.556,15.63721080083083
875.673,19.11889415441986
875.791,21.38666450296393
875.908,17.941080475424805
876.025,14.328059241506867
876.142,9.901875338876248
876.259,8.298412774116459
876.376,1.5265164757965803
876.493,0.8813196344463282
876.61,8.006540600853528
876.728,14.601765710807921
876.845,15.383112976632857
876.962,13.781081125699956
877.079,8.79758684447049
877.196,2.9924753091801413
877.313,-6.216882115135544
877.43,-4.66360163882513
877.547,0.55907935556389
877.664,5.7692065548293625
877.781,6.0347882473213215
877.898,11.17752711724072
878.016,5.324399592153384
878.133,10.19678107166505
878.25,8.915173571234908
878.367,4.8114741553862
878.484,0.914349922064364
878.601,-2.7945411029250637
878.718,-2.2852620802919716
878.835,-1.146163008815099
878.952,-1.8495591032300323
879.069,5.605200897812826
879.186,0.2530931689426885
879.303,-8.597596071958169
879.42,-15.601251951234293
879.537,-17.698747754587615
879.654,-18.712654285418573
879.771,-20.84076098954976
879.888,-20.118937680081217
880.005,-18.780424521377498
880.122,-16.814111804469533
880.239,-14.219999529357349
880.356,-10.998087696040944
