wavelength_nm,intensity
792.446,166.5537117551735
792.565,179.74825720971901
792.684,186.27483729629915
792.803,186.1334520149139
792.922,179.32410136556314
793.041,153.7119801534419
793.16,129.42020526166704
793.279,113.89985894132076
793.398,101.3093827508446
793.518,96.47042171188357
793.637,106.92756456902632
793.756,130.88687192833365
793.875,148.34747798893963
793.994,173.85397149543306
794.113,189.65570309716463
794.232,195.1171749586365
794.351,180.9466121880738
794.47,164.13189357335523
794.589,144.52063816209986
794.708,132.81241305387485
794.827,118.50591954738135
794.946,118.1431489846108
795.066,120.36565980712166
795.185,128.14228318374492
795.304,129.1864390279008
795.423,132.29379833526008
795.542,125.2583004997623
795.661,126.92583296729481
795.78,122.74401478547662
795.899,125.55959920106098
796.018,122.91977236123412
796.137,123.20029184175351
796.256,115.89379833526002
796.375,113.3050537465154
796.494,106.01327885474059
796.613,102.83319227465404
796.732,103.77518361664536
796.851,100.49033513179685
796.97,97.99076803222974
797.089,92.82886327032497
797.208,80.27907972054146
797.327,82.43232647378828
797.446,85.49293253439436
797.565,92.58037842184024
797.684,100.1924996339614
797.803,103.71371175517353
797.922,108.27128751274931
798.041,96.84617928764109
798.16,87.87475071621247
798.279,85.18297582443762
798.398,75.2193394608012
798.517,80.03059487205661
798.636,82.98211002357178
798.755,95.35613599759776
798.874,103.65656889803066
798.993,104.32323556469737
799.112,113.25570309716485
799.231,112.00202344348527
799.35,98.20288924435106
799.469,98.45137409283598
799.588,93.99249963396156
799.707,94.80462084608274
799.826,85.50591954738141
799.945,78.32236976383166
800.064,82.2340580755199
800.183,87.5777810192428
800.302,90.85223989370166
800.421,100.0955299369917
800.54,104.8054866469484
800.659,115.8098156512774
800.778,115.06436110582283
800.897,117.13622257768432
801.016,124.8219368633986
801.135,138.31371175517356
801.254,136.94401478547667
801.373,149.62020526166714
801.492,160.42713166859357
801.611,181.87128751274935
801.729,195.93189357335535
801.848,209.98643902790076
801.967,210.10765114911277
802.086,196.906785348247
802.205,172.39423123569287
802.324,148.44185028331196
802.443,120.33189357335536
802.562,99.01241305387488
802.681,88.55873340019532
802.8,78.60612187156457
802.919,58.587504723317025
803.038,38.590578121566296
803.157,32.423921425020204
803.276,18.686022534753636
803.394,16.092616347653433
803.513,10.366759244173176
803.632,2.4951960728458094
803.751,-7.401065044210167
803.87,-19.914825079500424
803.989,-28.90476711045565
804.108,-29.86268968139163
804.227,-30.35997054531603
804.346,-24.992884929282013
804.465,-16.18780575242992
804.583,-18.43620941094314
804.702,-12.328747184534134
804.821,-11.054496942736534
804.94,-12.70402839475703
805.059,-16.130037370770257
805.178,-10.616926733550239
805.297,-6.750854112435277
805.416,1.0536924154619811
805.535,6.481695694416398
805.653,43.62267943732202
805.772,80.38474967047003
805.891,119.1950195475321
806.01,155.9419423343005
806.129,194.3012496683893
806.248,212.14136650029366
806.367,229.43330031684695
806.485,240.8430628779467
806.604,253.6663641895408
806.723,247.17718325585244
806.842,242.00322570458712
806.961,223.6665694578229
807.08,203.32367441920633
807.198,188.0935850794997
807.317,192.50342319380013
807.436,196.36111515607712
807.555,189.2403640898653
807.674,187.0191801232207
807.793,187.77808273666275
807.912,188.2677212808407
808.03,195.8846325522913
808.149,216.7249204471183
808.268,242.71326028999704
808.387,267.8046304359061
808.506,286.70639019220476
808.624,298.73802007837367
808.743,294.77138156627433
808.862,283.6194616688936
808.981,262.83377553774665
809.1,244.3658383243486
809.219,217.72993574298522
809.337,195.83775610534477
809.456,179.1343210564489
809.575,172.48110245776957
809.694,165.16121719242358
809.812,160.495877381623
809.931,165.6980700383547
810.05,178.8413882362119
810.169,191.44271509207772
810.288,203.93581683971826
810.406,217.61766317610335
810.525,224.12808094106
810.644,210.93200519952336
810.763,205.2588731809305
810.882,202.9502433268398
811.0,195.73598576712155
811.119,200.07064595632113
811.238,215.52132346153797
811.357,223.28715248190628
811.475,227.65817630746926
811.594,228.4395897434217
811.713,235.72749668586755
811.832,238.74527375818343
811.95,239.88859195604033
812.069,239.56610928809636
812.188,245.27739285391846
812.307,241.12720455826883
812.425,239.69389937950228
812.544,239.21816995831153
812.663,237.9199297146102
812.782,238.4251526743721
812.9,240.25331935707771
813.019,237.00356396186137
813.138,242.55640596924246
813.257,253.83478910216473
813.375,259.1053800272949
813.494,275.39242116887533
813.613,289.90457053556406
813.731,289.6383649238977
813.85,295.5860121260843
813.969,296.93192772653936
814.088,300.09169614084726
814.206,302.02375892744965
814.325,310.6701074283377
814.444,318.0774948902649
814.562,332.4667005340102
814.681,339.01694513879454
814.8,359.6200035963928
814.918,361.14427417520307
815.037,371.574172459641
815.156,374.2542871942951
815.274,374.22357941812675
815.393,358.19373744282416
815.512,361.84614654977264
815.631,358.67691063507635
815.749,365.386462599168
815.868,372.84579811304326
815.987,386.04539336717846
816.105,382.71858169490645
816.224,374.4688262996907
816.343,358.5532700386741
816.461,353.31909905904274
816.58,329.84510123958484
816.698,312.1009735499971
816.817,307.733469237033
816.936,294.4326315907356
817.055,282.2287636414078
817.173,270.7348524020367
817.292,265.125789647514
817.41,263.766077542342
817.529,254.51199314279785
817.648,244.97825506360016
817.766,241.82806676795235
817.885,237.05623345065936
818.004,240.7380797870461
818.122,242.31429841780496
818.241,246.9485257065722
818.359,254.48232009490647
818.478,262.0117854789119
818.597,272.4655561582962
818.715,267.1435808341124
818.834,277.0174198447372
818.953,308.47690641254337
819.071,390.5794045373178
819.19,521.4363279018243
819.308,658.0427706657119
819.427,765.9392779152693
819.546,810.4070809949302
819.664,765.4983014191569
819.783,672.048042418289
819.901,555.7941951874263
820.02,463.9244286853573
820.138,406.89117156464886
820.257,362.8301045081681
820.376,325.514400454167
820.494,291.94170133600835
820.613,261.3568810057286
820.731,243.33223383562188
820.85,237.7396212975496
820.969,245.79116460363306
821.087,259.3985520655607
821.206,283.850095371644
821.324,305.850556426645
821.443,329.51681834744704
821.561,337.20905429422317
821.68,344.6173075570166
821.798,338.0307556250049
821.917,321.5662816150711
822.035,294.14250024583004
822.154,275.8910132488832
822.273,252.19363880604882
822.391,236.12656739351743
822.51,226.38503710652708
822.628,223.8218617978916
822.747,226.85262588319546
822.865,226.88945057455993
822.984,228.4777904174396
823.102,232.82890082308975
823.221,229.4284960772247
823.339,233.74670604997425
823.458,239.17227533008287
823.576,235.20303941538623
823.695,231.5169203838064
823.813,223.4688965903219
823.932,219.1005264764911
824.05,209.22739445789819
824.169,204.70144858649132
824.287,213.75472349430504
824.406,219.35258714670738
824.524,226.1149529636118
824.643,228.1128166160142
824.761,227.47951143724782
824.88,231.72932314159823
824.998,223.6111694779833
825.117,215.8124963338489
825.235,221.66317383906514
825.354,215.25584268627279
825.472,216.14981023477924
825.591,221.83858297809087
825.709,223.4572258512726
825.828,221.98149643008196
825.946,210.13174103486546
826.064,201.57289473055803
826.183,200.6486804608827
826.301,191.68290774964922
826.42,189.51713503841592
826.538,194.4656480414685
826.657,195.3977108280709
826.775,187.14362642852598
826.894,180.54928228872143
827.012,174.33069572467448
827.13,164.06708751560598
827.249,155.1333494364078
827.367,147.8091351667334
827.486,142.22518063731874
827.604,136.7537802204582
827.723,132.72826724948519
827.841,133.50188847764647
827.959,133.95949238979046
828.078,147.00237768721578
828.196,170.54829328767136
828.315,199.28208767600552
828.433,225.2912067396642
828.552,237.25530415830127
828.67,242.82199897953586
828.788,234.2458366579134
828.907,200.8558819034094
829.025,168.6681956972334
829.143,134.08878096861974
829.262,107.33121554983538
829.38,75.23948280599369
829.499,52.02425782908851
829.617,45.08586678189032
829.735,44.675811539592246
829.854,34.68720419792692
829.972,38.131713380855956
830.091,51.18612271197309
830.209,60.69690523589685
830.327,72.92127197189276
830.446,102.48649186959081
830.564,132.54411350293572
830.682,158.02638276064812
830.801,176.58709758758783
830.919,184.07681674353188
831.037,175.69380862674865
831.156,150.81902561819064
831.274,137.10008676547704
831.392,122.70928644090199
831.511,111.67692767476841
831.629,108.83071609478188
831.747,111.53082486111538
831.866,109.7192453157605
831.984,115.21675667949631
832.102,123.88309921206346
832.221,131.46805646324543
832.339,129.2209790823929
832.457,122.10782981389757
832.576,110.6863475181167
832.694,92.99202049441645
832.812,78.09764983718358
832.93,74.56074905769799
833.049,76.65990772049622
833.167,79.22769187627202
833.285,93.15713756836982
833.404,108.61993265096659
833.522,121.9287404334759
833.64,127.9035941011816
833.759,132.73559062603024
833.877,139.3537343370262
833.995,152.971878048022
834.113,157.737207906204
834.232,175.27483213668023
834.35,186.56916632386648
834.468,191.52843557598783
834.586,197.47558361598786
834.705,209.2911299243862
834.823,217.82961995572833
834.941,215.18629180525215
835.059,204.10227101408344
835.178,192.8165186211831
835.296,167.56280086031768
835.414,157.8043211946905
835.532,158.72809261131445
835.651,163.5947211707957
835.769,170.4197912887186
835.887,177.18338954516952
836.005,196.9244769791096
836.124,225.27855142603659
836.242,247.83262587296355
836.36,266.6784752116652
836.478,275.50267952872184
836.596,282.0749357938304
836.715,280.0489236606704
836.833,276.12767343227233
836.951,288.51464831209944
837.069,315.34058423088754
837.188,338.4626240457796
837.306,351.3457028217107
837.424,364.8512924201526
837.542,378.75601621772864
837.66,381.5620387166034
837.779,379.0009616483786
837.897,378.5221356624048
838.015,379.6536992868207
838.133,378.8155659415396
838.251,373.90730272612853
838.369,371.18778409946196
838.487,366.36523516976484
838.606,370.78597628335774
838.724,369.9166741069073
838.842,365.7001857832708
838.96,365.1512299271668
839.078,370.09404896283763
839.196,377.6082965699371
839.315,387.7242757787683
839.433,393.0411207884652
839.551,394.80212164231796
839.669,393.04883678188514
839.787,384.91459954050003
839.905,378.21845753721016
840.023,371.0158220274269
840.142,363.7811518856091
840.26,358.2754860727956
840.378,356.543846234008
840.496,341.9767085597225
840.614,333.57493885080487
840.732,333.7800955488136
840.85,330.52031718188744
840.968,323.44322279764526
841.087,316.56872581600066
841.205,320.60072234084953
841.323,327.94787038084985
841.441,323.0188279446594
841.559,325.31489373357704
841.677,332.5339032454383
841.795,340.3875447919314
841.913,347.3251690224073
842.031,355.9900659801559
842.149,372.31210579504733
842.267,387.94843132422443
842.385,391.45488672353144
842.504,399.2037663652626
842.622,406.11108756543524
842.74,412.72403647123554
842.858,415.100621740672
842.976,425.12655765945897
843.094,430.11526414101627
843.212,432.4554857740885
843.33,422.8918113032647
843.448,421.98614549044953
843.566,419.19736279451763
843.684,412.8059826959883
843.802,413.70031688317306
843.92,416.56954284524966
844.038,415.44396361252086
844.156,410.4976051590129
844.274,416.93479648905475
844.392,428.670689117798
844.51,430.96242590238546
844.628,437.4316518644621
844.746,437.22295574861664
844.864,428.0177228362343
844.982,415.60123451259653
845.1,391.7856119898246
845.218,375.4167427138059
845.336,345.1924621823759
845.454,309.13701281977717
845.572,283.5404379160528
845.69,254.48498855345392
845.808,236.47023183154755
845.926,222.33079978496573
846.044,213.4563028033188
846.162,208.26145950132542
846.28,190.52029585301165
846.398,172.1548897804555
846.516,155.89251401092957
846.634,137.1617399730054
846.752,119.8881087922241
846.87,98.10625250321769
846.988,92.64214513196009
847.106,83.96583779613108
847.224,67.60709938943482
847.342,53.26168713114252
847.46,43.935423853978534
847.578,31.766241310459414
847.696,24.74084504333375
847.814,23.761116007522542
847.932,32.55116520529197
848.05,34.9559935122961
848.168,39.75368786747879
848.285,45.1170332499416
848.403,51.73019211625843
848.521,53.845028274643184
848.639,59.96885169712688
848.757,71.31976709515646
848.875,84.87980823233055
848.993,97.09237041917484
849.111,105.65298455407105
849.229,118.15212682749538
849.347,126.06945091910137
849.465,133.88547630940863
849.582,129.55864455685864
849.7,123.53744050993626
849.818,124.1101758569535
849.936,129.12360384466342
850.054,128.23573313107482
850.172,137.15478882441286
850.29,143.29808694199346
850.408,159.73748895567797
850.525,165.51541910789052
850.643,166.43447480122848
850.761,179.8652188062547
850.879,193.5236684389863
850.997,202.2453215349213
851.115,203.44403090791238
851.233,209.14057577873888
851.35,219.54447995692465
851.468,221.09297287969912
851.586,226.2111627721705
851.704,247.93195006723914
851.822,263.7999235094938
851.94,295.24105712490865
852.057,324.8726669307996
852.175,366.5951858275998
852.293,415.4553670620624
852.411,449.67052665150356
852.529,492.2233485786072
852.647,535.7683782979184
852.764,567.1696850735069
852.882,600.1302992084027
853.0,627.5099609623462
853.118,651.0679776946447
853.236,673.7212325221813
853.353,672.2247037999341
853.471,665.9628071123193
853.589,655.3234212472152
853.707,627.9818708799465
853.824,600.8247360970936
853.942,575.9766922233316
854.06,557.0784318993531
854.178,531.8494356446386
854.296,497.6853744548589
854.413,459.8052959490621
854.531,426.18322610127393
854.649,381.852065344395
854.767,341.1312941979057
854.884,300.53692997782343
855.002,273.9936480088236
855.12,234.67027945973712
855.238,195.14777671151643
855.355,157.3057934438152
855.473,130.46813918044285
855.591,96.8402373235107
855.708,66.93207523614808
855.826,45.61373319346204
855.944,30.78233445705248
856.062,14.662196973187836
856.179,-1.3366311747421988
856.297,-13.664939041966905
856.415,-13.348316574012879
856.532,-23.75101830245412
856.65,-27.73835056578702
856.768,-30.966741614357787
856.886,-37.40788865904153
857.003,-37.5725034474295
857.121,-41.493624220573835
857.239,-40.641585619436725
857.356,-29.86417613440419
857.474,-29.465769005439558
857.592,-28.575804180708225
857.709,-24.597082638589185
857.827,-15.538790118832843
857.945,-8.005058920001659
858.062,-4.722012136306237
858.18,6.414840599764518
858.298,19.216599868955072
858.415,16.823104326060484
858.533,16.498930121227154
858.651,14.886154790792023
858.768,19.255667147145612
858.886,18.62178140471207
859.003,19.367900560051027
859.121,24.583582409546096
859.239,25.19063200926536
859.356,17.37815802511062
859.474,10.254400413264634
859.592,0.27341534917584714
859.709,4.107888588908775
859.827,0.0948329594564683
859.944,-6.07667910656961
860.062,-5.332097499481584
860.18,-4.165186480851667
860.297,-2.4643146589235347
860.415,-6.501111495050825
860.532,-2.1508599815990355
860.65,15.15213546032889
860.768,23.483787737352714
860.885,26.665929985049026
861.003,38.70327859936435
861.12,53.46130446546326
861.238,60.20976867782643
861.356,59.8027209786772
861.473,70.55584643970111
861.591,78.63278142453447
861.708,75.08720558685708
861.826,72.74595875350894
861.943,67.43501495046388
862.061,63.51368153702927
862.178,51.20966414091064
862.296,43.60261644176168
862.414,46.33236527940926
862.531,49.27943013437291
862.649,48.55549931834085
862.766,56.53892780966822
862.884,53.64270262134187
863.001,55.781109467647646
863.119,57.62514401958122
863.236,62.42762012995644
863.354,65.78594039617593
863.471,67.03690135503626
863.589,63.81513504116919
863.706,68.36826050219383
863.824,67.01056345239587
863.941,73.28057203030357
864.059,79.79473645236708
864.176,85.55565412118393
864.294,86.34774062116976
864.411,80.66190504323384
864.529,78.40464089386931
864.646,72.16555856268666
864.764,70.97496107998873
864.881,74.81033762326483
864.999,77.25350637433286
865.116,88.97373140245699
865.233,103.97101270763724
865.351,124.93452777905134
865.468,143.17683072925334
865.586,157.42259688291875
865.703,168.6527786209998
865.821,179.84659672271727
865.938,184.6672546512745
866.056,184.93120262312166
866.173,172.47220687202514
866.29,171.73096003867755
866.408,171.9065963222132
866.525,180.95669148020778
866.643,181.49336672478242
866.76,188.59627573559078
866.878,191.46022370743816
866.995,188.12590328101717
867.112,180.0357386987523
867.23,179.02609359700716
867.347,183.3463186251323
867.465,187.11849170520549
867.582,196.45083794545178
867.699,199.20396340647727
867.817,199.53977285018652
867.934,196.88856930688257
868.051,198.52827485448768
868.169,193.27014490425725
868.286,200.63192837394013
868.404,211.34522699513795
868.521,230.88882864663876
868.638,245.4930363587458
868.756,262.05655143016025
868.873,275.6824041639125
868.99,290.72470711411506
869.108,308.8665771638848
869.225,341.6456766508841
869.342,376.75378046688775
869.46,409.6610184820255
869.577,439.9734513023582
869.694,464.1023343391412
869.812,480.0892260339325
869.929,482.1445159971221
870.046,493.99201375251926
870.164,499.680204148609
870.281,499.8367928130969
870.398,496.35615204035537
870.516,495.01403940614205
870.633,485.8831821831841
870.75,475.4380392459402
870.867,457.9764460922463
870.985,445.7183161420154
871.102,427.7649480965463
871.219,408.40811684761394
871.337,385.4885150359112
871.454,362.865882921178
871.571,343.67874864194255
871.688,325.075164146257
871.806,305.4230948020866
871.923,289.8091206960114
872.04,266.6973110921008
872.157,247.9976227003114
872.275,225.09447110505894
872.392,212.22854894703585
872.509,204.3955272219132
872.626,195.4542803885654
872.744,177.52342316560726
872.861,161.39862654870979
872.978,139.30240136038393
873.095,120.9594229253048
873.213,100.45021072399199
873.33,93.47000285168332
873.447,80.42659151617102
873.564,68.86629706377532
873.681,54.81249611787317
873.799,40.480940115637
873.916,28.25426883979767
874.033,16.229516670252593
874.15,7.232641869380405
874.267,2.2333015802400675
874.385,-4.093518853526016
874.502,-1.6980906126008177
874.619,0.04713126984990666
874.736,-1.7724377543748928
874.853,-1.5758171327767938
874.97,-1.9483595689777173
875.088,0.009404897173835636
875.205,-1.0850698603678248
875.322,-0.4341196541201364
875.439,-1.184191599078045
875.556,-5.8341181931250805
875.673,-2.6529402026260094
875.791,-2.4180121555920895
875.908,-1.4863428109848682
876.025,2.874562595197831
876.142,6.831990410036678
876.259,4.905383003731349
876.376,-1.5627464760715748
876.493,-6.60290844562074
876.61,-5.310520293208873
876.728,0.8845086412360192
876.845,2.8859475829841617
876.962,6.90447438608498
877.079,8.62107281211027
877.196,7.371979132501739
877.313,6.233658192001554
877.43,3.367987345757951
877.547,4.3111982748127495
877.664,9.479291918667265
877.781,5.141415616296672
877.898,4.863021357121875
878.016,2.822771103405563
878.133,8.71314577927937
878.25,9.141040445592251
878.367,5.406405442135687
878.484,4.327089360552285
878.601,0.4651674764226721
878.718,-2.605380070438489
878.835,-5.5330036001877945
878.952,-6.882434937889486
879.069,-2.420921411309924
879.186,-0.4387331955542717
879.303,3.425521340492362
879.42,9.869919308757943
879.537,10.7417700751833
879.654,10.304318194889262
879.771,2.0261802916354337
879.888,-8.146569435656499
880.005,-16.27002939812764
880.122,-25.23546983188878
880.239,-35.04289073693994
880.356,-45.6922921132811
