wavelength_nm,intensity
792.446,151.84789337952887
792.565,140.84304489468047
792.684,130.41958169121733
792.803,120.57750376913944
792.922,111.31681112844669
793.041,96.59906221069772
793.16,90.20079381242928
793.279,89.59733060896608
793.398,92.41031762195306
793.518,92.50555571719113
793.637,99.49430030593572
793.756,107.37741718905258
793.875,115.43282844446384
793.994,120.97049078212618
794.113,119.4137808254163
794.232,117.19213580377131
794.351,116.58694099857654
794.47,107.65707086870641
794.589,97.3046899163255
794.708,89.49603190766749
794.827,86.64321805485363
794.946,82.34365095528658
795.066,74.2657288773645
795.185,77.398196409832
795.304,86.40598861762419
795.423,90.3323955440311
795.542,94.10382411545964
795.661,90.29343450507002
795.78,80.34624835788384
795.899,70.97049078212632
796.018,62.599928011563534
796.137,61.947979959615466
796.256,64.21551242714794
796.375,65.23282844446393
796.494,68.46139987303538
796.613,66.58088039251584
796.732,55.593867405502834
796.851,57.21464662628209
796.97,53.546248357883854
797.089,53.31767692931243
797.208,54.38088039251592
797.327,47.517244723897946
797.446,49.93557107389681
797.565,49.87826224322776
797.684,49.008335669895594
797.803,57.92544074521221
797.922,63.10178954972726
798.041,64.34346131750158
798.16,65.98841882323727
798.279,51.68785682648688
798.398,47.343037113586476
798.517,42.97711469631982
798.636,38.05245313421592
798.755,42.03599249991716
798.874,39.74479519019775
798.993,40.3962163360663
799.112,41.98286640274142
799.231,39.68065540858235
799.35,36.962683472944995
799.469,40.87809363017543
799.588,38.42888900747159
799.707,41.379962545312445
799.826,32.23230544943927
799.945,27.939846057586188
800.064,23.740716234915624
800.183,28.665581637683637
800.302,31.148897124495498
800.421,41.43318494083614
800.54,44.19651103625186
800.659,54.85801300627561
800.778,52.81116041528729
800.897,48.35724714204094
801.016,48.33969750515827
801.135,49.19574094186861
801.254,52.70286662966129
801.373,59.69484080230265
801.492,58.234866922995955
801.611,73.55930862810496
801.729,80.88288453234819
801.848,82.61425264438367
801.967,79.24259045338894
802.086,75.17395856542444
802.205,69.36160373373721
802.324,66.24275539555663
802.443,50.3898054872964
802.562,45.1433793975889
802.681,33.39437191448217
802.8,24.33016478832431
802.919,14.662614631234993
803.038,8.174778099357706
803.157,-6.060228762853821
803.276,-10.404087828841902
803.394,-22.034202325288355
803.513,-29.004470132889132
803.632,-30.35641045813545
803.751,-24.99704237179836
803.87,-23.496847499900323
803.989,-25.514988763197113
804.108,-37.99024550740256
804.227,-40.0939640021642
804.346,-49.02208544669823
804.465,-48.785824769318424
804.583,-42.424741452857376
804.702,-33.04261504710256
804.821,-31.802707682206616
804.94,-29.24580401945163
805.059,-41.32356648692523
805.178,-37.20097623056026
805.297,-34.30856490655276
805.416,-26.645125714833775
805.535,-19.130437054799724
805.653,-9.739056936279773
805.772,-9.294834818828669
805.891,-5.928947561009395
806.01,-9.757685942150413
806.129,0.15764607468024616
806.248,16.249686879882805
806.367,23.873043444982628
806.485,26.10603659244667
806.604,31.599244454760832
806.723,40.178250567265295
806.842,51.211034941323696
806.961,55.662897141817055
807.08,58.5769221783635
807.198,63.59862116449325
807.317,60.1059953734341
807.436,50.429819798825164
807.555,52.46446673503877
807.674,53.318161290300026
807.793,55.45583852954401
807.912,58.12598330125543
808.03,67.87145274829135
808.149,76.02125119965602
808.268,89.63425311422411
808.387,103.72690870844588
808.506,121.56501884812214
808.624,126.35897314364266
808.743,126.9356114218472
808.862,120.47675186455396
808.981,104.90284706373662
809.1,79.66104161142371
809.219,62.047425194838794
809.337,45.34963694558268
809.456,45.30118417334391
809.575,41.12164356614809
809.694,42.32703833873842
809.812,43.44718555234523
809.931,40.201453690443174
810.05,42.45043855707505
810.169,46.49264920579779
810.288,49.124639049079335
810.406,59.649536243200274
810.525,50.254754467292145
810.644,48.59288088261515
810.763,53.57775123572455
810.882,56.94589208277844
811.0,68.67297100598846
811.119,70.51633321263492
811.238,72.71632116263004
811.357,67.43459924149123
811.475,61.08921869540615
811.594,69.39256391555799
811.713,73.47533574133323
811.832,85.93742889868298
811.95,95.3267198789114
812.069,89.37456477417285
812.188,86.93496378198844
812.307,80.16462685906814
812.425,84.10511244697037
812.544,79.22295842084245
812.663,71.11578203061904
812.782,71.64483740349533
812.9,70.46228827119957
813.019,64.82159758038298
813.138,71.29181320690515
813.257,85.42510042336693
813.375,103.59570293807093
813.494,107.46401215909113
813.613,114.87691012469998
813.731,118.65344445394521
813.85,122.3295458827574
813.969,122.9623572682795
814.088,126.85750631613925
814.206,132.0998415111853
814.325,136.2252935893483
814.444,131.45031276707846
814.562,133.50996397944076
814.681,134.72199614418398
814.8,143.6491798240786
814.918,146.21965354726322
815.037,143.82475930507977
815.156,146.23765727068837
815.274,148.71808770382938
815.393,141.9621545006068
815.512,139.03046372162657
815.631,134.6052664491399
815.749,136.42249341907745
815.868,135.78863813793288
815.987,137.37902528103066
816.105,138.9754730301891
816.224,144.39443160185843
816.343,142.9017018618394
816.461,130.16221887506708
816.58,116.74394800950684
816.698,105.05901047727981
816.817,101.78705995803962
816.936,100.24844277213256
817.055,95.5747606511604
817.173,95.10281013191971
817.292,92.55813233995164
817.41,90.33899567352465
817.529,82.97852244232456
817.648,74.71285078821708
817.766,73.40279676182365
817.885,81.8368846255519
818.004,80.45288422037379
818.122,81.36259242472319
818.241,79.86466735237377
818.359,87.41432532213551
818.478,82.6804837149979
818.597,82.17215084560607
818.715,88.46268828392235
818.834,111.30192664077869
818.953,145.22936903108007
819.071,205.3650365296064
819.19,282.71498974241854
819.308,363.2792286695163
819.427,417.1218225749692
819.546,435.6341134501191
819.664,404.42735670622153
819.783,342.74787268959676
819.901,271.0495575041408
820.02,209.14431591175855
820.138,166.42435570465767
820.257,134.00829160145287
820.376,110.38183788785838
820.494,90.11036252924225
820.613,74.39646292820188
820.731,63.256589301187546
820.85,64.83965939711683
820.969,70.00541347573011
821.087,81.9270117101876
821.206,101.79666189269706
821.324,116.18146359035813
821.443,124.88920901096304
821.561,134.85669469130818
821.68,126.80599855347144
821.798,117.51028077061306
821.917,96.69767987087161
822.035,82.37079325684446
822.154,75.95646075537141
822.273,70.48498539675572
822.391,63.134992632815305
822.51,65.79318896160213
822.628,51.54581982586324
822.747,54.322981789418684
822.865,50.32842124941797
822.984,52.82205079668502
823.102,57.82967854445181
823.221,63.384566569916736
823.339,56.99027797216591
823.458,60.05337440718334
823.576,53.915981982832804
823.695,62.69164736329195
823.813,63.43401260566142
823.932,70.51260662549721
824.05,73.1506751568122
824.169,71.67527277793992
824.287,60.49017779357672
824.406,54.004524835903894
824.524,50.33268548937939
824.643,52.53964634104143
824.761,52.840143179643114
824.88,64.81164800863931
824.998,62.932293603070065
825.117,69.40675186592239
825.235,68.8818384033205
825.354,61.055570390611734
825.472,59.678287373621444
825.591,64.11393552080979
825.709,62.1011065843109
825.828,69.15044049733521
825.946,64.69267732222153
826.064,61.319963462387506
826.183,59.0209973894809
826.301,42.47940924162481
826.42,39.702803250853194
826.538,43.28184691786314
826.657,46.47165629340002
826.775,44.54510801740183
826.894,46.0990934438681
827.012,38.55321950907981
827.13,38.92420481662677
827.249,33.77509368991036
827.367,29.154666667707083
827.486,31.887737221900665
827.604,32.35760487242996
827.723,28.220412361621218
827.841,33.75132325062812
827.959,34.66034571664125
828.078,43.8378732868194
828.196,60.37211273579048
828.315,64.89993905103199
828.433,76.46193813862371
828.552,80.28436637937875
828.67,82.91978163312085
828.788,73.38127735282565
828.907,59.31268170785388
829.025,43.33906296843825
829.143,28.209589222097833
829.262,7.60513659899025
829.38,-3.4828035463907776
829.499,-5.060280462583593
829.617,-8.705993919449325
829.735,-12.211352113745066
829.854,-8.925290410719228
829.972,-7.427230458339979
830.091,-7.4550795971185115
830.209,-4.247619159023532
830.327,11.216952155787963
830.446,25.909052132745284
830.564,34.361024110721985
830.682,41.275845213284086
830.801,45.01628113965004
830.919,45.305557777521734
831.037,33.59202704048022
831.156,22.85967072966999
831.274,26.659673461914444
831.392,16.13580743621665
831.511,19.52078177022767
831.629,26.665859936115357
831.747,25.872726853370963
831.866,24.71652831119839
831.984,20.584101343347623
832.102,16.560250599917516
832.221,10.08014139358944
832.339,7.391877187694056
832.457,15.319719123932886
832.576,11.333971651483905
832.694,2.806687124406025
832.812,-3.3097592254678982
832.93,-6.522498005185357
833.049,-7.062605141922525
833.167,-12.140784297660465
833.285,-1.3120573673787603
833.404,0.07210744873978114
833.522,-0.2316807920475159
833.64,10.382606872867665
833.759,11.086127367781728
833.877,16.832504698275663
833.995,27.889108218113314
834.113,31.940516780821966
834.232,39.941262581923226
834.35,42.458925023345216
834.468,52.198203863655166
834.586,59.898822190479024
834.705,60.25786418796514
834.823,64.65326982181486
834.941,69.26685727384665
835.059,57.89025894824918
835.178,54.123279423899646
835.296,46.21005864427582
835.414,40.16547884386245
835.532,36.402870175857096
835.651,41.18422716238682
835.769,47.3942346685337
835.887,60.286588248655875
836.005,58.69957856197127
836.124,61.642439005156874
836.242,64.76625182929493
836.36,68.01647157983989
836.478,76.25197271566611
836.596,84.10132666534511
836.715,91.09094035528375
836.833,101.94116010582854
836.951,97.62168288667661
837.069,97.98099354631267
837.188,105.18619165183618
837.306,111.1429049088749
837.424,117.77234543864104
837.542,121.76195912858051
837.66,132.96975463670188
837.779,145.76369733097064
837.897,147.1853456529451
838.015,152.89876886669438
838.133,155.85634792459933
838.251,155.44596161453887
838.369,150.3723718412749
838.487,143.1377431069719
838.606,149.84250831206293
838.724,153.11350728338797
838.842,151.56112963133643
838.96,151.48061345114633
839.078,159.00702367788284
839.196,165.05551182669728
839.315,172.31525538676706
839.433,170.3481591199971
839.551,178.20617107833544
839.669,178.68236485485556
839.787,174.57327724609434
839.905,166.31873509187852
840.023,164.58194185541146
840.142,160.99146896526472
840.26,151.17155884568075
840.378,142.35857513302307
840.496,140.84515851993248
840.614,137.1533869284869
840.732,135.44429931972542
840.85,136.4356446113968
840.968,133.40707648315473
841.087,134.24430922071372
841.205,128.1863038630347
841.323,135.65643703349417
841.441,135.58804206542573
841.559,138.44259082030104
841.677,144.9984382764752
841.795,158.15168833005202
841.913,161.02874790743851
842.031,172.4157641947818
842.149,175.4547285340731
842.267,182.20797858765013
842.385,175.18114206114063
842.504,175.7352579155832
842.622,175.4114516921037
842.74,188.47725585823446
842.858,188.15085223215755
842.976,195.25821483984674
843.094,194.43051251247104
843.212,194.9690439513292
843.33,189.0045450871571
843.448,191.17511115804984
843.566,193.73442181768706
843.684,202.35000953360125
843.802,193.73183101574926
843.92,195.44265682690155
844.038,194.02707571164683
844.156,183.08335606825366
844.274,186.91625980148393
844.392,191.78812457367516
844.51,201.57946986534694
844.628,202.8045813907849
844.746,202.69722538375538
844.864,208.74571353256997
844.982,198.92753501471793
845.1,175.82104480855412
845.218,168.0271087149443
845.336,151.38815097631272
845.454,140.45655254504044
845.572,115.47300606182
845.69,96.03491412405404
845.808,82.98210357156938
845.926,75.59249648228834
846.044,62.340184161422684
846.162,65.5438167424214
846.28,56.133902913525255
846.398,54.04375856912346
846.516,42.16207177423219
846.634,24.239838644860445
846.752,17.14410848620582
846.87,15.916215017098857
846.988,8.286530376870079
847.106,6.497433869495417
847.224,-3.77235548160467
847.342,-4.960927303316851
847.46,-7.904991006867231
847.578,-10.758974933674931
847.696,-8.61924026695748
847.814,-8.64382626650316
847.932,-12.386878802660187
848.05,-12.744684622944018
848.168,-16.98685502177067
848.285,-19.411880069287033
848.403,-25.98142047571052
848.521,-22.089821129178823
848.639,-15.45532492724007
848.757,-2.0679293983814686
848.875,6.583451006055084
848.993,17.025131620650455
849.111,29.4452945700823
849.229,42.718426331383114
849.347,44.57717320672935
849.465,49.76307949217457
849.582,48.38893007328842
849.7,48.21630362130807
849.818,43.99501472148144
849.936,40.246890240115576
850.054,51.265185698055454
850.172,62.98685933321066
850.29,69.51412530000704
850.408,73.87438452575716
850.525,77.82065169857424
850.643,74.13055523502751
850.761,71.84392197494401
850.879,72.51832767589953
850.997,78.5832095673313
851.115,78.86281007348192
851.233,82.46189109911329
851.35,91.20382926760199
851.468,100.59511808544141
851.586,106.71887443574846
851.704,123.65128879471351
851.822,139.99669016666562
851.94,156.22953742606356
852.057,173.12558814866492
852.175,198.06492891455628
852.293,222.1817588579368
852.411,243.2466407493693
852.529,270.8431243724036
852.647,300.31839587422576
852.764,317.55730373968424
852.882,336.2923155012465
853.0,356.7840372195185
853.118,368.664503526535
853.236,377.9267880153695
853.353,383.3111504262819
853.471,384.73707127875304
853.589,372.41753758576976
853.707,354.8157528105355
853.824,341.48323210456545
853.942,330.5403217882058
854.06,312.662346536781
854.178,303.94973925072406
854.296,288.86830079583586
854.413,275.442273596359
854.531,241.64741522805105
854.649,210.31143131861768
854.767,162.994062127799
854.884,128.81348947377685
855.002,133.76798175481952
855.12,174.03416234755045
855.238,225.33237757231595
855.355,279.5263352509898
855.473,318.6872897405324
855.591,333.41156606395066
855.708,312.012308476075
855.826,267.95500335901943
855.944,241.2547509163159
856.062,215.79516931629104
856.179,194.6504050597767
856.297,179.42872072243046
856.415,184.49937205684722
856.532,189.71749038562263
856.65,190.9010090767149
856.768,165.59944553829553
856.886,121.12313203715817
857.003,65.52278567509607
857.121,9.685397968992955
857.239,-29.622311148431336
857.356,-51.7135508389308
857.474,-58.28347679527871
857.592,-55.38686488153794
857.709,-40.11533824576196
857.827,-31.006698576711994
857.945,-21.271106672482933
858.062,-14.390904678440194
858.18,-4.1368826814993716
858.298,-0.003025899458477088
858.415,3.558534728777533
858.533,2.1123843028394615
858.651,9.843248501985396
858.768,11.077422102069551
858.886,12.214407666329475
859.003,1.8085065494653596
859.121,-8.501999186205724
859.239,-14.349768443620302
859.356,-23.59941533486954
859.474,-24.052153626328845
859.592,-10.441531731685995
859.709,-0.4978542257793279
859.827,10.769331482082656
859.944,8.569681756454568
860.062,1.512452763365093
860.18,-5.146232252563733
860.297,-11.813305382848213
860.415,-16.15744454137523
860.532,-13.590603510298735
860.65,-10.95660209714256
860.768,-2.268073464596954
860.885,4.574512631295692
861.003,1.6646414844097492
861.12,13.273743034231778
861.238,16.742187015905614
861.356,13.098996646475262
861.473,10.895893027818614
861.591,17.6724839993813
861.708,19.227551255713465
861.826,18.074023359606162
861.943,10.368514008677554
862.061,13.96385505353481
862.178,9.049008452828431
862.296,10.606639458510442
862.414,13.18194241423374
862.531,24.76060703543839
862.649,23.02004767701751
862.766,23.096041103681216
862.884,20.16582236340461
863.001,21.741119650407036
863.119,16.623846309046495
863.236,16.846445512713757
863.354,11.041929426104126
863.471,16.141422553465855
863.589,16.456189555791596
863.706,23.670878652478997
863.824,34.25252764388874
863.941,41.11034012067113
864.059,42.764217758676054
864.176,44.07506930074034
864.294,40.494124083218814
864.411,44.01986661831856
864.529,42.078752024648736
864.646,35.502837051288054
864.764,38.01872185740837
864.881,32.35676431646631
864.999,35.84255871775888
865.116,37.12595481327395
865.233,45.15588665971586
865.351,59.2816713198037
865.468,70.91880972807232
865.586,79.14001228076307
865.703,94.61071625418167
865.821,105.5071680965086
865.938,111.5135766487922
866.056,111.08968217077258
866.173,106.56362319058849
866.29,108.97609234893267
866.408,106.91323683195219
866.525,103.17765404224451
866.643,102.90614051660626
866.76,102.8727222290633
866.878,99.23670653892304
866.995,101.37991162800351
867.112,100.03307342704075
867.23,104.4316897715326
867.347,104.47792516364352
867.465,110.65749388908779
867.582,107.61801499548454
867.699,93.04520276854794
867.817,93.5321308013516
867.934,100.39308480818116
868.051,107.75360591457792
868.169,116.06910537595303
868.286,127.04953990226333
868.404,137.36157616017547
868.521,139.20261674709212
868.638,145.26183915219076
868.756,155.5591567953848
868.873,166.4573402394447
868.99,179.5849609129421
869.108,190.32816600202398
869.225,205.19171741145217
869.342,213.75656752217915
869.46,235.1802920917807
869.577,258.3858348432004
869.694,269.76626936951186
869.812,279.94843549755456
869.929,287.1747574697532
870.046,293.9577893986616
870.164,295.83259621934485
870.281,294.81649394911915
870.398,293.0306947091967
870.516,285.2345058588845
870.633,273.51883648909177
870.75,260.58325369938535
870.867,252.35070121270917
870.985,244.59693660482063
871.102,232.28126723502734
871.219,226.6582385578747
871.337,217.1979804434927
871.454,209.52819851958697
871.571,193.3631785004432
871.688,179.23538791852891
871.806,167.5794588084761
871.923,152.49668987158338
872.04,137.23556595633562
872.157,123.2662169328627
872.275,119.94535275787459
872.392,119.75262711102499
872.509,104.42050752478148
872.626,95.51782516797533
872.744,87.71297830900465
872.861,80.39904054094308
872.978,61.06220851970224
873.095,46.33602172929649
873.213,43.65297126684169
873.33,34.96605139218432
873.447,21.63879003212278
873.564,16.959788262695717
873.681,15.914597889348498
873.799,12.37776793022056
873.916,5.262651924725916
874.033,9.097688842375776
874.15,13.133741585843024
874.267,7.99072261348074
874.385,12.096726186565434
874.502,10.734907200623185
874.619,10.124782820194485
874.736,1.5677760770801328
874.853,1.5868676171018947
874.97,5.51562988810251
875.088,4.780152289453055
875.205,1.289177369275281
875.322,10.595940890729015
875.439,10.090698788030274
875.556,4.200180788226619
875.673,3.9339639321960806
875.791,5.4407007082104535
875.908,7.223962588021838
876.025,9.463106842844185
876.142,12.071699528081286
876.259,18.527393767258566
876.376,7.828344762459437
876.493,-6.0211230000183855
876.61,-3.7431963153092145
876.728,-3.1638743003498426
876.845,-2.112456495843394
876.962,4.105853158528679
877.079,11.845362575256829
877.196,23.15345151283173
877.313,17.58472854488852
877.43,12.510150905732903
877.547,10.399421549259905
877.664,9.638860680964267
877.781,0.10087134514340562
877.898,6.1096796029627605
878.016,7.158481693812812
878.133,13.71150622074156
878.25,11.72449792943802
878.367,9.684985357107198
878.484,7.456216030334907
878.601,8.836611739893362
878.718,2.3656655781702964
878.835,7.936880066699407
878.952,9.627184562414254
879.069,15.506801172892159
879.186,12.156564870006553
879.303,16.193683624679753
879.42,19.043027228134722
879.537,19.30310787076283
879.654,11.673429699159044
879.771,4.696880665124664
879.888,0.8808585418492023
880.005,-2.8958852291368657
880.122,-7.064536069117457
880.239,-11.625093978092563
880.356,-16.577558956062198
