wavelength_nm,intensity
792.446,207.55449863829077
792.565,199.78358954738175
792.684,190.7196068633991
792.803,180.36255058634282
792.922,168.7124207162127
793.041,144.73752894132093
793.16,124.0812518850438
793.279,118.99986660365855
793.398,125.67865448244643
793.518,129.09683630062827
793.637,146.7548449586369
793.756,166.48990989370185
793.875,187.53406573785765
793.994,199.22497482876673
794.113,199.19726920106103
794.232,194.53926054305242
794.351,183.94705275084465
794.47,163.6466198504118
794.589,143.6639358677279
794.708,131.4180484218405
794.827,130.54185794565004
794.946,128.1098233136154
795.066,127.75571075950282
795.185,137.36869777248978
795.304,146.58255058634256
795.423,148.71068911448108
795.542,143.09510469889673
795.661,136.12713933093139
795.78,135.3167497205418
795.899,122.04315664694872
796.018,119.7972692010612
796.137,118.2604726642646
796.256,122.60765881145076
796.375,118.41371941751135
796.494,109.69250729629925
796.613,105.95138175517368
796.732,101.21285361664565
796.851,99.0596068633989
796.97,102.79034279413479
797.089,101.24055924435126
797.208,98.88384928764134
797.327,83.9617713655635
797.446,74.92540772919983
797.565,81.35657656036861
797.684,84.70982331361543
797.803,102.12194452573658
797.922,100.77056664734054
798.041,99.51029494472945
798.16,95.83269966068556
798.279,77.76328571144116
798.398,72.47707710226253
798.517,72.56961259844596
798.636,75.34958641795853
798.755,91.61114260373219
798.874,87.37586636565547
798.993,90.38994077692952
799.112,106.09059527478354
799.231,114.57393375532162
799.35,117.83995621854368
799.469,115.93368430947133
799.588,107.31745569044227
799.707,100.43023140041765
799.826,87.74906771645368
799.945,79.89041485500061
800.064,81.92959749138292
800.183,90.4787368377219
800.302,95.38718354336825
800.421,97.96143111481544
800.54,99.32788647847046
800.659,103.74022928801288
800.778,112.41923876422187
800.897,113.62984997203255
801.016,108.23353477291667
801.135,117.43375637033742
801.254,127.79501692879705
801.373,136.18484891582798
801.492,149.38939951757754
801.611,165.87620120157814
801.729,179.0062929288687
801.848,190.03941495918954
801.967,183.08465820163156
802.086,180.94894906312106
802.205,166.620166331537
802.324,142.94852645709582
802.443,114.2206095263777
802.562,97.09702159998852
802.681,81.46174536191097
802.8,66.76564094767065
802.919,53.36290250368618
803.038,51.06061480815028
803.157,37.02287786546928
803.276,24.30893224837017
803.394,11.469004131363194
803.513,6.781077528924872
803.632,2.3197129230444125
803.751,-9.097494141851431
803.87,-11.349758950690546
803.989,-13.60057824827426
804.108,-18.703969616838165
804.227,-16.107234297680165
804.346,-21.388835530444943
804.465,-12.169382931312413
804.583,-11.568318248984538
804.702,-12.441146437776341
804.821,-10.533119926023002
804.94,-17.026002001711312
805.059,-20.205447796788057
805.178,-17.25205446184378
805.297,-17.80717207240751
805.416,-1.4682200143757997
805.535,9.003345127727812
805.653,21.75675989184138
805.772,39.159698629555606
805.891,46.48078847383964
806.01,52.41612529677508
806.129,61.28216881288708
806.248,73.96476266168833
806.367,92.39107945421273
806.485,111.38276421210509
806.604,133.10345329900173
806.723,154.35920732096332
806.842,171.0738358017993
806.961,177.2733127674839
807.08,180.4390234994023
807.198,184.01425804084457
807.317,179.46828046107476
807.436,174.13961889862082
807.555,170.7719962972059
807.674,175.0493953408126
807.793,182.5432446008693
807.912,185.5617691856014
808.03,199.60020719024698
808.149,213.87587463212196
808.268,233.25543817789293
808.387,256.0280753167374
808.506,278.18772544259474
808.624,299.7993236204002
808.743,304.1096230969067
808.862,292.8805286340193
808.981,277.65749477719265
809.1,244.11065139655642
809.219,219.61315866527087
809.337,199.7745403928597
809.456,182.13765372218015
809.575,162.8418925926263
809.694,147.94180245874344
809.812,144.10404998719827
809.931,145.18231483167045
810.05,149.20083941640226
810.169,173.6981518799219
810.288,201.68204443002145
810.406,210.6460235602076
810.525,205.87580355619463
810.644,199.71770476430288
810.763,196.54921636202153
810.882,194.5166586956709
811.0,200.14384128906062
811.119,214.0099849214114
811.238,229.25015452778817
811.357,232.52149296533372
811.475,233.09586170590973
811.594,238.15681053306574
811.713,245.63334377580614
811.832,252.24147875014825
811.95,257.5483150231918
812.069,256.1252811663649
812.188,253.0658836731743
812.307,247.60994938344686
812.425,243.48908002878426
812.544,240.2521933581042
812.663,238.01617248829007
812.782,230.70309534141967
812.9,229.84889265342383
813.019,231.0752094459474
813.138,243.3621322990769
813.257,254.35468285783418
813.375,267.22602129537944
813.494,279.26272769829257
813.613,290.94012674189844
813.731,291.38462535260385
813.85,298.34947028365553
813.969,308.8173455177375
814.088,319.6246146912133
814.206,326.2396760724813
814.325,327.22183702084885
814.444,335.7762923415107
814.562,337.07533640676127
814.681,332.3691856668168
814.8,342.00069726453455
814.918,342.96121319125666
815.037,344.81263820888785
815.156,346.50129266374864
815.274,346.86094278960513
815.393,350.996350491219
815.512,354.92310018417487
815.631,360.7693303966111
815.749,369.19478138826804
815.868,367.91806787776034
815.987,367.10628943218774
816.105,357.26161055371483
816.224,352.7442044025146
816.343,339.5125125370287
816.461,330.72064751136975
816.58,306.8456656025942
816.698,289.8823720055068
816.817,278.19440308374413
816.936,271.93154238708973
817.055,271.5059111276647
817.173,269.2499768379365
817.292,261.3178520720177
817.41,257.53983986021143
817.529,242.1116111981887
817.648,243.34658599936932
817.766,239.22571664470576
817.885,243.85376503895998
818.004,250.02380477520546
818.122,240.4414635590701
818.241,236.90760719141957
818.359,239.92613177614987
818.478,246.57582519204897
818.597,261.00490419181625
818.715,255.07750251452836
818.834,274.4432842688586
818.953,290.66799209120836
819.071,371.8622225488895
819.19,470.61545013863145
819.308,577.0062824776495
819.427,659.7836410942891
819.546,695.9435685792816
819.664,663.1376187129499
819.783,597.0571820302142
819.901,491.9104512456935
820.02,439.6601421329715
820.138,377.7843638973503
820.257,335.92673624344883
820.376,305.1813094568271
820.494,280.92970417142766
820.613,259.71099931892854
820.731,245.41090918504398
820.85,231.69263723297752
820.969,236.97003627658185
821.087,241.94786822061894
821.206,261.9750508140065
821.324,286.86630267146325
821.443,310.94456751593293
821.561,327.2098453474156
821.68,330.5859456897208
821.798,313.5568512268313
821.917,292.42126325744835
822.035,265.45190905429916
822.154,251.98039034898548
822.273,240.1062742410744
822.391,236.81397631498163
822.51,237.70263076984116
822.628,244.48652331993895
822.747,234.5621907618118
822.865,226.69153785736438
822.984,221.1481576801898
823.102,222.5181974164351
823.221,215.44321550765875
823.339,207.40199983264864
823.458,212.04043783729205
823.576,216.17065073371037
823.695,211.60129653056168
823.813,214.21549211096274
823.932,222.8340166956929
824.05,232.21011703799869
824.169,235.01998361407053
824.287,231.57443893473123
824.406,229.68040940690685
824.524,219.37252706522975
824.643,209.44299970190775
824.761,204.68490091001433
824.88,204.19260298392192
824.998,210.4665388240632
825.117,217.86688159061134
825.235,217.82220271213782
825.354,221.1273073834476
825.472,215.24020426254953
825.591,211.5202007087509
825.709,208.4079893627444
825.828,209.26720658816637
825.946,206.51170519886995
826.064,197.33455878792842
826.183,188.39637341594812
826.301,179.63394561972552
826.42,175.436885788871
826.538,179.4493497675403
826.657,184.10510378949965
826.775,195.46821711881836
826.894,194.5101183269249
827.012,188.71652169953347
827.13,177.23288178209881
827.249,159.6704539858764
827.367,153.9080261896541
827.486,145.18715683499033
827.604,137.0065472205864
827.723,141.73849171873673
827.841,145.45744920390004
827.959,159.9841988968555
828.078,172.07631655517883
828.196,188.4783909234589
828.315,201.88479429606792
828.433,215.00028857776778
828.552,218.992839136524
828.67,222.04166675155727
828.788,211.53984501594124
828.907,199.53845618075812
829.025,178.0115262200339
829.143,154.23398699946452
829.262,119.77848880542243
829.38,94.7516942434882
829.499,73.32968031442661
829.617,53.164229791323216
829.735,44.8610136038997
829.854,39.82947258662399
829.972,44.320815263154984
830.091,57.47911516879626
830.209,70.50445015694822
830.327,87.2167795629441
830.446,111.41144501685196
830.564,131.16135631486787
830.682,145.36476123796263
830.801,150.10693522253072
830.919,162.07508323307272
831.037,163.12115332153667
831.156,155.87458271735977
831.274,143.99251427768488
831.392,132.0541687817328
831.511,128.43530380526113
831.629,114.84587605822658
831.747,108.8218162765601
831.866,118.16139285853002
831.984,121.97975731928794
832.102,130.90981009173424
832.221,134.11172433604196
832.339,132.58896325567434
832.457,137.28957879868332
832.576,128.2075103590082
832.694,118.30119949509083
832.812,114.33687997316464
832.93,102.025421434919
833.049,97.78204114420498
833.167,90.82342180958656
833.285,91.5079713246007
833.404,97.53149376342785
833.522,112.05532790903054
833.64,125.73665028345646
833.759,139.38648380584712
833.877,147.27619129893142
833.995,160.5710935972104
834.113,163.24261927211248
834.232,177.25613628900584
834.35,186.93458837083412
834.468,201.97061621023818
834.586,213.77201201501026
834.705,220.74483639121115
834.823,225.6778339275854
834.941,219.94156739469565
835.059,201.58019263669766
835.178,188.4326706925525
835.296,167.50939117264977
835.414,153.89606836270366
835.532,155.16066763067954
835.651,155.75427122765973
835.769,170.6188704956356
835.887,192.19862127876286
836.005,211.5238266073447
836.124,229.99015747705207
836.242,240.6573541476253
836.36,253.29424778789559
836.478,259.4999725969971
836.596,263.02777532817674
836.715,280.36510186888023
836.833,296.8366275437829
836.951,310.0648631753956
837.069,323.69656201047144
837.188,333.67284959013597
837.306,336.07164799231134
837.424,335.45226457630486
837.542,331.60777293519027
837.66,336.6083029390971
837.779,340.46078099495196
837.897,345.16174389929165
838.015,355.0713648122893
838.133,365.21648356078464
838.251,363.9304334781111
838.369,366.99416694522114
838.487,361.73062768505815
838.606,362.0255299833366
838.724,362.72735868854136
838.842,359.0733432379018
838.96,364.14833211626654
839.078,373.52115649246673
839.196,382.53727091195697
839.315,392.2183203963822
839.433,400.8127897942272
839.551,397.973492958306
839.669,398.4346290228176
839.787,389.93905513061895
839.905,378.0997582946974
840.023,367.39552639384056
840.142,362.27224687393607
840.26,357.2242920293563
840.378,346.6161640246033
840.496,336.33097974279417
840.614,335.5843235995132
840.732,329.1026025211673
840.85,320.2468554687955
840.968,315.8179482432636
841.087,324.81068603937683
841.205,324.2761511082175
841.323,324.2039538393958
841.441,328.58457042338785
841.559,332.60847705066976
841.677,333.63065207622
841.795,333.1852946342375
841.913,342.4637467160645
842.031,360.6175234732161
842.149,364.74099720006484
842.267,376.0662025286451
842.385,381.9256069914245
842.504,392.0257040948966
842.622,393.15264102520865
842.74,392.83369050963313
842.858,398.4030516823692
842.976,406.60358168627397
843.094,405.02575671182376
843.212,404.7596200490618
843.33,398.55235784517424
843.448,401.96933806552903
843.566,394.7793918789574
843.684,392.44832015126
843.802,392.15188045819446
843.92,396.4961334058215
844.038,401.12783224089435
844.156,402.9690548854911
844.274,411.86568878549906
844.392,417.72855645174076
844.51,418.1117704383289
844.628,416.60061213054473
844.746,415.6098001431069
844.864,414.9782955149766
844.982,405.4247129647685
845.1,383.5845503279803
845.218,365.444820591625
845.336,334.4029263531052
845.454,307.2857074392606
845.572,268.48190843883583
845.69,244.42183238213372
845.808,228.99465675833184
845.926,217.64800061504934
846.044,201.03554360596596
846.162,189.8871558609519
846.28,184.1552183323882
846.398,169.10380028434417
846.516,140.86536924928723
846.634,120.79230617959834
846.752,107.19716518783142
846.87,97.37691597095616
846.988,83.21813861555273
847.106,79.05936126014919
847.224,77.92057755046096
847.342,63.3261218635848
847.46,50.544848513605345
847.578,46.57635136207682
847.696,42.74643020291549
847.814,40.163033175809375
847.932,41.51951206307292
848.05,47.98120237622737
848.168,53.63910300968014
848.285,58.28414481986819
848.403,57.80702293313181
848.521,67.90457455879019
848.639,72.92712890286924
848.757,81.42847112573605
848.875,91.10989992868929
848.993,96.29176163207526
849.111,110.1896406514784
849.229,122.22951101287285
849.347,129.33864544353133
849.465,140.11358073999065
849.582,138.07379742173123
849.7,134.8643171337748
849.818,138.26782385880523
849.936,132.20552971803482
850.054,131.76574639977514
850.172,141.51211026766276
850.29,158.8913745684508
850.408,174.4256172242172
850.525,179.05682957695336
850.643,185.8975657392133
850.761,196.90886467203597
850.879,194.0292545139498
850.997,188.99206859828791
851.115,197.31245844020197
851.233,201.36445001371777
851.35,208.54371431450636
851.468,211.6156193079358
851.586,221.91869313253386
851.704,240.3299920653571
851.822,254.6399922968816
851.94,276.2235856019992
852.057,316.4253607252987
852.175,359.2392570607194
852.293,402.7051014480881
852.411,441.71986358437476
852.529,487.54674693278275
852.647,527.2896475972079
852.764,557.7329811620662
852.882,584.3711199217296
853.0,617.477656949791
853.118,644.5400381336967
853.236,652.9141076292906
853.353,655.1626359993431
853.471,653.23713839537
853.589,638.9930260727822
853.707,619.954108555389
853.824,592.1680048908099
853.942,567.5784380227676
854.06,540.4209057867599
854.178,514.8806895680684
854.296,484.36817897708255
854.413,449.46605799648626
854.531,412.1526816046347
854.649,372.99514936862727
854.767,335.60991150491424
854.884,302.0593056758331
855.002,270.2671414051934
855.12,239.78233644191312
855.238,198.62999901110035
855.355,156.2811247837508
855.473,118.94523756938838
855.591,86.99116853684393
855.708,63.4931240284784
855.826,43.50855945390846
855.944,27.79720910885061
856.062,17.06087721069522
856.179,5.796268572607786
856.297,-4.045008694088861
856.415,-10.765642494297587
856.532,-13.22945421789789
856.65,-24.40466601144479
856.768,-26.3059350129383
856.886,-32.737628080368104
857.003,-28.07875569899985
857.121,-33.49545511708256
857.239,-35.468765726234835
857.356,-33.047229247181235
857.474,-34.38800529241919
857.592,-36.772274561400366
857.709,-24.016148903996655
857.827,-17.783909373404953
857.945,-7.546709307729513
858.062,-0.031768482770785145
858.18,9.767243289570239
858.298,24.719361013969287
858.415,27.93389945417936
858.533,33.764815154991155
858.651,31.89711918385653
858.768,29.295129739810665
858.886,23.451289165428584
859.003,21.58485485404929
859.121,24.376459394266274
859.239,29.08011344554675
859.356,27.49802289975669
859.474,22.791794051792866
859.592,11.104949915496148
859.709,8.263849484200655
859.827,0.6076715365051573
859.944,0.21224472851612064
860.062,-2.0396294332965597
860.18,1.9092111803175316
860.297,7.127865391840388
860.415,9.154997501239663
860.532,11.663302052623683
860.65,20.77022215980569
860.768,26.777660553434508
860.885,39.1617439048403
861.003,44.33811992617623
861.12,60.86210958886007
861.238,65.63761821223798
861.356,64.49640916792863
861.473,66.71104427946352
861.591,67.68238934770844
861.708,58.19139675361582
861.826,55.24932190844109
861.943,49.55400031001963
862.061,55.53919819211757
862.178,50.720932870752314
862.296,46.08708313380277
862.414,51.23591737953715
862.531,54.20639664691649
862.649,47.420165957585944
862.766,49.312723147043314
862.884,49.782769513989805
863.001,54.30043492855522
863.119,51.81983194485237
863.236,51.90546272738341
863.354,56.601483120304195
863.471,57.426507842229256
863.589,63.31733342995531
863.706,66.9155183250407
863.824,73.68772919415191
863.941,79.3205461238691
864.059,86.6737093739325
864.176,90.1454873426105
864.294,90.22072851475184
864.411,88.23103462195789
864.529,84.23008531790852
864.646,75.21961220433526
864.764,70.35026463188751
864.881,74.32853610705872
864.999,74.35962143504369
865.116,84.2097543820764
865.233,98.92828559750757
865.351,117.55244451856632
865.468,135.97833504135667
865.586,155.4172125771339
865.703,169.95738881420982
865.821,180.16596331968398
865.938,177.48189713251747
866.056,174.94068808820828
866.173,165.55445739887733
866.29,163.76476350608323
866.408,169.01489645311602
866.525,171.84511598023528
866.643,176.1541233861424
866.76,182.9289316578504
866.878,184.09854512436368
866.995,181.6586347813531
867.112,182.15465517427324
867.23,182.15197426849232
867.347,184.26531067872884
867.465,183.84185055216872
867.582,188.18375839097655
867.699,193.3706878748058
867.817,195.90307190408942
867.934,207.78437368229055
868.051,216.12541572023193
868.169,219.65866555038127
868.286,226.7685387571542
868.404,231.55806564358096
868.521,239.1744323568478
868.638,243.30075578007157
868.756,248.73617011238622
868.873,260.75253682565335
868.99,270.7351373051541
869.108,292.6744477413648
869.225,328.15834692216424
869.342,357.7851032458208
869.46,396.04822320584094
869.577,424.88104013555824
869.694,447.2870172384356
869.812,460.31290776122665
869.929,464.42537837059774
870.046,475.9378489799689
870.164,483.1490208880415
870.281,480.23032266624404
870.398,480.7653040981262
870.516,467.67171410143703
870.633,457.7608080874317
870.75,449.93215315567767
870.867,438.38055450097977
870.985,436.2990857164119
871.102,420.90159961582674
871.219,409.94394035506826
871.337,387.6035971116256
871.454,364.88836209329133
871.571,340.3575426593726
871.688,319.5513985501291
871.806,292.0681981638292
871.923,276.95729214982384
872.04,254.78751167694398
872.157,233.98742817376103
872.275,212.98734467057815
872.392,198.33098411111848
872.509,179.43133350836877
872.626,168.01999459393068
872.744,156.30302797386503
872.861,148.5375765053144
872.978,133.45091291555147
873.095,116.53740949894838
873.213,102.35723941567858
873.33,88.24979660513594
873.447,68.96053561277512
873.564,60.73274648188628
873.681,53.70409155013177
873.799,43.943834886775775
873.916,36.167993807835295
874.033,32.04669818344024
874.15,31.506354939997745
874.267,21.601022183620127
874.385,12.311598741782227
874.502,11.690118099786167
874.619,9.54118044995653
874.736,4.97521751847331
874.853,3.8927069171029984
874.97,5.906872839975942
875.088,10.876625171977878
875.205,9.225174207364557
875.322,9.864923492450632
875.439,13.603181285641629
875.556,10.404871055059898
875.673,9.139553360945362
875.791,8.158505580715687
875.908,15.861998169370295
876.025,12.811220351499156
876.142,14.557870496421689
876.259,5.397575211561292
876.376,-2.4857630251470013
876.493,-7.045363272966117
876.61,-5.9127275584490295
876.728,-0.6210218562437317
876.845,9.220630487803643
876.962,4.224238265315305
877.079,4.76917177730541
877.196,3.1856540286245094
877.313,-0.2167749830481427
877.43,7.917622043373839
877.547,9.231470089503642
877.664,13.169795423258604
877.781,7.98030150828105
877.898,3.8416714179634734
878.016,4.629320606430237
878.133,8.637538845153395
878.25,8.819416675081555
878.367,15.46963648050491
878.484,12.339414795068954
878.601,13.544303651477733
878.718,12.016032544256655
878.835,10.915552651558354
878.952,12.307010879841258
879.069,12.579919682538181
879.186,4.1303118148807
879.303,-0.9326311020995393
879.42,-5.140384078324555
879.537,3.3368996743423835
879.654,6.751145999252696
879.771,1.8841979301162404
879.888,-3.212177852532528
880.005,-8.685009530516956
880.122,-16.344221058249467
880.239,-26.18981243573007
880.356,-38.22178366295876
