wavelength_nm,intensity
792.446,140.22918211229185
792.565,139.49160635471617
792.684,136.65143319454307
792.803,131.70866263177254
792.922,124.6632946664044
793.041,112.55247215558188
793.16,97.37498297809276
793.279,92.07368427679408
793.398,88.08493968804947
793.518,88.69359769670747
793.637,103.61307821618797
793.756,116.7403509434607
793.875,123.37238557549531
793.994,126.56892237203203
794.113,124.66589206900179
794.232,119.02779683090661
794.351,112.70398730709711
794.47,104.8866712897811
794.589,95.58970159281151
794.708,86.92649812960804
794.827,77.99403059714052
794.946,73.06848947159935
795.066,78.94900895211885
795.185,81.94208254519245
795.304,97.9914331945431
795.423,100.87974488285474
795.542,100.31004791315779
795.661,101.67801328112316
795.78,100.58970159281145
795.899,93.00095700406688
796.018,90.69446349757337
796.137,77.42952843263838
796.256,70.6070176101276
796.375,66.07887908198904
796.494,58.948143151253106
796.613,59.69013449324443
796.732,58.22087042398029
796.851,59.9316929348028
796.97,56.93198954996636
797.089,46.3970234866227
797.208,43.54598399388108
797.327,48.64198635280909
797.446,45.019777504137785
797.565,51.11863648116214
797.684,47.110945838312446
797.803,59.712581261544216
797.922,55.797150807894965
798.041,54.11089996654664
798.16,53.40884180522887
798.279,51.213767714363314
798.398,44.681182471998156
798.517,46.770732815236755
798.636,42.11547150950183
798.755,52.614065140743264
798.874,53.140750825394704
798.993,58.552284994894514
799.112,55.565550766125895
799.231,59.124271082811816
799.35,46.72183153529113
799.469,40.59364286405271
799.588,29.691247700088113
799.707,31.00881091336914
799.826,28.290937451007608
799.945,25.3761009622317
800.064,28.520705595407165
800.183,45.225060024011256
800.302,41.58585284501763
800.421,41.88270467443722
800.54,39.63659314917974
800.659,39.05189880867661
800.778,34.109828166316525
800.897,32.7411082333594
801.016,40.271302482704186
801.135,56.152253602572536
801.254,59.74130427572919
801.373,71.97484079445292
801.492,77.24214354694269
801.611,74.47308266306864
801.729,73.79319926837205
801.848,77.6968656572253
801.967,76.96330260884913
802.086,74.15960969034313
802.205,59.80374963671414
802.324,57.26968066018023
802.443,39.34807976536733
802.562,26.8884650682775
802.681,13.771946095407205
802.8,8.668509598441986
802.919,2.194828915934834
803.038,-3.9096946312801606
803.157,-9.870894288227007
803.276,-16.06686220736283
803.394,-21.329711496878616
803.513,-22.982401667455086
803.632,-28.50528235146887
803.751,-30.174760744417156
803.87,-32.8443990595777
803.989,-32.691685520556554
804.108,-31.384876129229305
804.227,-30.327042307136608
804.346,-30.327564709353055
804.465,-32.27819081451482
804.583,-30.638805694308147
804.702,-32.639844689226564
804.821,-33.70056119290569
804.94,-35.686923843207005
805.059,-35.14026925084964
805.178,-27.42199220740554
805.297,-25.858773760945475
805.416,-19.112261593845744
805.535,-10.45810492282942
805.653,-9.316412455871427
805.772,-6.7934361498848075
805.891,-8.286715240393459
806.01,-9.83232174377289
806.129,-3.2324905496940426
806.248,6.931898387373913
806.367,21.65390627336086
806.485,39.92682106349631
806.604,57.29493240442533
806.723,71.4637973320004
806.842,79.17738447294295
806.961,78.01129467583488
807.08,76.0980187315406
807.198,78.60552200802553
807.317,80.23077420225938
807.436,79.00927314973995
807.555,72.12456863401685
807.674,66.94635762478723
807.793,63.41230245971349
807.912,66.62629924269166
808.03,73.49137827675219
808.149,96.98589454025013
808.268,118.76352768686512
808.387,130.9645374568567
808.506,134.36121822251926
808.624,138.65140548168816
808.743,135.42124642051067
808.862,128.05861982686548
808.981,110.12283306006017
809.1,96.20695971316844
809.219,77.86597814116858
809.337,57.95631616569365
809.456,48.92851616194385
809.575,46.4025707743037
809.694,40.66531025134615
809.812,36.9072625127969
809.931,35.949215375843956
810.05,34.68393475088152
810.169,36.65364525422893
810.288,42.26475616408126
810.406,50.247245870501516
810.525,49.90183528266029
810.644,47.94490640683715
810.763,50.3312673965818
810.882,61.75632198828578
811.0,62.56717657248499
811.119,60.467613187185556
811.238,71.6850104241946
811.357,67.94680705155793
811.475,67.17816094156541
811.594,69.77661016486456
811.713,74.43845219380944
811.832,88.83673692821088
811.95,88.45156972563956
812.069,82.59194364860954
812.188,89.01630025556226
812.307,89.7281027499609
812.425,95.83903944349387
812.544,92.28244366949431
812.663,94.71026347991047
812.782,105.31470666695
812.9,113.73819747303729
813.019,118.69502161245788
813.138,127.47089337092592
813.257,134.66927595190458
813.375,143.1395200047446
813.494,140.8954783432988
813.613,146.33801676843308
813.731,146.3658365788487
813.85,149.24040963601774
813.969,145.88641126461525
814.088,150.4934518542516
814.206,150.94205088544618
814.325,151.53177545776632
814.444,153.05743076601715
814.562,159.23157092275275
814.681,164.78320025697752
814.8,179.09327114964387
814.918,179.3444675834358
815.037,178.83116185272564
815.156,178.48408988824931
815.274,165.76905255580783
815.393,156.91029227964344
815.512,152.2506662026132
815.631,155.0152825498254
815.749,166.18595950309816
815.868,165.8882381879727
815.987,162.2190883014187
816.105,164.3447436096698
816.224,154.0210482685701
816.343,146.41683344695076
816.461,136.0844800971929
816.58,125.89498389029214
816.698,123.40072577862945
816.817,118.51945467995387
816.936,118.17324851634334
817.055,119.87033239602286
817.173,107.28482876926049
817.292,104.25135317709585
817.41,95.71831684395738
817.529,87.62238555212105
817.648,83.41228916552032
817.766,82.82025020117423
817.885,87.04899681620059
818.004,87.39860263465584
818.122,78.89159497264336
818.241,89.46597259201621
818.359,88.96069653173535
818.478,91.35325596928993
818.597,101.32256544427571
818.715,102.46813470074989
818.834,108.27663580100578
818.953,126.47531902901979
819.071,180.67968310778986
819.19,276.5070440546319
819.308,358.86389537603947
819.427,425.2203669421424
819.546,449.30806048454247
819.664,419.9436465720553
819.783,355.4460381639497
819.901,276.3574757134511
820.02,210.35696155793238
820.138,172.38328722925326
820.257,142.00355229451347
820.376,119.43247536843155
820.494,102.65187463282578
820.613,94.36391458986076
820.731,84.84132251226391
820.85,82.28496420090087
820.969,83.5130214739535
821.087,86.58696619289361
821.206,102.28775073867371
821.324,111.99199848791704
821.443,130.71615965707392
821.561,134.5381563240664
821.68,134.72811835902434
821.798,128.40985528575717
821.917,117.12189524279316
822.035,99.60536377125754
822.154,92.85333446422402
822.273,81.00346965935498
822.391,78.39862649950757
822.51,68.9392378851147
822.628,64.14218693305952
822.747,67.67760351347195
822.865,67.18444866531297
822.984,70.30774403360414
823.102,68.10138722681836
823.221,67.5739615959137
823.339,63.482742199861434
823.458,67.64451831646863
823.576,62.4611345679193
823.695,74.03550823679146
823.813,74.78461627904423
823.932,77.71655160107431
824.05,72.72922435841711
824.169,71.81375858762144
824.287,64.97469166804791
824.406,56.356021191973255
824.524,48.603105830547314
824.643,47.44511886943693
824.761,49.835307949085646
824.88,56.374371688090235
824.998,64.23513500787598
825.117,70.06471363486128
825.235,72.25031496625826
825.354,64.34591774730791
825.472,67.51771100454775
825.591,68.96569473797798
825.709,74.29419795192774
825.828,78.15343709661359
825.946,77.0820664807595
826.064,67.56898389259956
826.183,57.87118773916765
826.301,48.14730449715228
826.42,44.299147154455085
826.538,49.206347244822794
826.657,53.84150636299883
826.775,53.50020125336076
826.894,55.381585642203035
827.012,51.30243084433084
827.13,46.485769124406644
827.249,38.696678458152135
827.367,29.963383292832557
827.486,31.25783720426756
827.604,23.804006883005584
827.723,14.355772434039835
827.841,22.887484660965267
827.959,33.14583076616365
828.078,42.81941421299838
828.196,49.67460371668301
828.315,65.08153649426666
828.433,77.95974500563807
828.552,82.61727602565517
828.67,85.80554297640802
828.788,81.42728545412126
828.907,71.94112082494816
829.025,48.29113709597963
829.143,23.761716414648536
829.262,4.757542494340727
829.38,-10.013666487041872
829.499,-15.763039938178581
829.617,-15.35364134121799
829.735,-20.15244027147377
829.854,-19.34597131727952
829.972,-20.26676851344181
830.091,-9.962478857837915
830.209,-6.445125717010989
830.327,2.095013499133784
830.446,21.330330804181134
830.564,38.42739361486156
830.682,48.68069854482337
830.801,52.245745917902696
830.919,62.894659923745955
831.037,67.47925819549492
831.156,55.754044166379984
831.274,42.980493927453864
831.392,28.536413888612568
831.511,17.08105860176095
831.629,9.455146456640712
831.747,2.809156686295058
831.866,9.575368594476917
831.984,16.328763386174245
832.102,21.25916699692209
832.221,20.80067926931467
832.339,11.04890117189236
832.457,11.879162340765479
832.576,7.571236090133594
832.694,10.72998899175854
832.812,9.342404627275078
832.93,12.05602936410315
833.049,5.865302932191305
833.167,0.47077853624909505
833.285,-2.5538644582400973
833.404,0.004238771747180792
833.522,3.294731221885106
833.64,12.915201437152287
833.759,13.69311769705251
833.877,16.298821816166853
833.995,14.251435368706098
834.113,19.033951625540702
834.232,35.68433418414306
834.35,47.99177624782534
834.468,59.96706887929366
834.586,68.96516720731522
834.705,68.50103323766339
834.823,65.43603346714562
834.941,56.501769627363906
835.059,51.484388904465156
835.178,50.45137161542174
835.296,41.8287787038081
835.414,39.48210206191146
835.532,44.86258487705214
835.651,39.0975827213409
835.769,38.93947043613318
835.887,38.87288706594819
836.005,42.67144581517785
836.124,52.62717127752467
836.242,65.72419456843649
836.36,78.47492574274926
836.478,94.67681590195696
836.596,100.62794160979634
836.715,110.05352619209464
836.833,114.86785536313755
836.951,118.38608063807654
837.069,128.28092928963875
837.188,135.6744792399021
837.306,139.8117521338883
837.424,147.0840899629392
837.542,152.1642199997823
837.66,157.44261843489386
837.779,157.0275103764989
837.897,154.93015123585297
838.015,154.36699122940612
838.133,155.6168182359463
838.251,157.87703485287585
838.369,163.14677527932915
838.487,163.7004983897651
838.606,165.60746825344785
838.724,166.58283638552885
838.842,166.60755516696048
838.96,170.29374580986388
839.078,174.97387584670668
839.196,183.9293305588739
839.315,196.12201470827057
839.433,202.21166855463684
839.551,200.6450453447262
839.669,200.2489849053784
839.787,196.7698075829138
839.905,192.8888986587176
840.023,185.90063042716213
840.142,187.8465613298057
840.26,184.76738400734115
840.378,178.325436122106
840.496,170.96054451392718
840.614,166.0579905680859
840.732,158.67491714172522
840.85,159.79833722185782
840.968,148.63171401194708
841.087,150.4114111483567
841.205,147.46816456182268
841.323,150.56041581078665
841.441,158.92366273074637
841.559,155.9838793476759
841.677,158.2873860078954
841.795,166.22379310101513
841.913,166.8260010599356
842.031,180.63600122664815
842.149,189.22695377431285
842.267,194.5737504778217
842.385,200.3058285666118
842.504,200.49678111427647
842.622,204.64271201691935
842.74,200.9098550407744
842.858,201.69907598670756
842.976,202.05106749541136
843.094,207.8627992638553
843.212,202.42171717948543
843.33,204.10877362325402
843.448,209.20881708000968
843.566,211.49587352377824
843.684,203.7967827813997
843.802,205.96089550222462
843.92,199.09470519274652
844.038,206.85448890924238
844.156,205.67487868634424
844.274,214.56280093097865
844.392,224.30007382496365
844.51,231.2416757232778
844.628,229.23262827094266
844.746,238.0244466194734
844.864,224.61713076887003
844.982,220.82453353298527
845.1,204.40509647026076
845.218,189.96661178848854
845.336,163.2969582755474
845.454,141.71042164572307
845.572,117.2113309033445
845.69,107.49578994451574
845.808,98.11617972161761
845.926,99.02228378443391
846.044,85.13586880797627
846.162,79.21185469175633
846.28,61.81726366133534
846.398,49.49208325245847
846.516,32.64648910539984
846.634,25.948228225561593
846.752,22.93937698958497
846.87,22.090462740164835
846.988,15.93626983889436
847.106,15.438572658504093
847.224,9.474830933790486
847.342,-1.5834013954381199
847.46,-8.689881442329032
847.578,-16.634338625223343
847.696,-17.198576138498147
847.814,-15.191794064933573
847.932,-18.408541214443563
848.05,-13.364532633978405
848.168,-9.569910739358686
848.285,-7.957731451361874
848.403,-2.441541655373989
848.521,-1.5709259253421584
848.639,2.8679431668570725
848.757,4.596248543634312
848.875,1.7714973266726743
848.993,11.052058666151645
849.111,20.2605850443169
849.229,29.260137566566517
849.347,37.255625245420774
849.465,47.27715282109297
849.582,52.566437339569774
849.7,57.08808347606834
849.818,61.119698393547154
849.936,64.08897564868835
850.054,72.12578537136193
850.172,63.28759651115027
850.29,62.06390887069736
850.408,61.506777040018164
850.525,62.90007446576206
850.643,66.67464496636501
850.761,77.8940170177635
850.879,95.65786695685772
850.997,108.39083892707754
851.115,107.11987839834225
851.233,111.2279181520841
851.35,108.94108418758677
851.468,105.49487434034805
851.586,108.61223233331152
851.704,118.37021444353363
851.822,140.35669945889296
851.94,159.78467439237664
852.057,188.19465689187217
852.175,221.7000469056905
852.293,255.007728485987
852.411,282.04095119182466
852.529,316.188459611948
852.647,336.6009030970067
852.764,364.07222104093984
852.882,389.2734091147431
853.0,410.1213504352994
853.118,421.6870406736046
853.236,426.0232936824725
853.353,419.35348608527977
853.471,414.2481806525892
853.589,399.4017496787734
853.707,388.28692043655934
853.824,378.77901760127173
853.942,365.910075804945
854.06,355.58572275320694
854.178,332.6440536841527
854.296,314.5846356973496
854.413,299.1433995287283
854.531,280.82943608737986
854.649,247.75183628239523
854.767,213.76341396658825
854.884,181.1949050706948
855.002,150.58483773324303
855.12,113.48039810141915
855.238,88.44574981517857
855.355,70.51551191615378
855.473,59.11904943341995
855.591,38.20968534165441
855.708,22.589116340361073
855.826,7.837064915883742
855.944,-1.8882675014366863
856.062,-9.275962952389824
856.179,-17.778054839319296
856.297,-22.960082976907977
856.415,-24.857334533347792
856.532,-30.506239112983877
856.65,-36.277699668887635
856.768,-43.16085685307998
856.886,-40.130378690137334
857.003,-41.671622357170236
857.121,-43.11421679976552
857.239,-37.88817027621285
857.356,-32.99529154167124
857.474,-31.9286472759238
857.592,-29.981594387722573
857.709,-28.992029341883708
857.827,-22.029152535849818
857.945,-19.306094168624355
858.062,-17.03922287297006
858.18,-8.951876015831871
858.298,-4.212717385840611
858.415,-0.08155840531605052
858.533,6.374041297195209
858.651,9.556264531756742
858.768,13.759285288099928
858.886,18.197853724398406
859.003,17.319107160961817
859.121,11.523312108516478
859.239,8.482006815428756
859.356,10.168531896534653
859.474,3.895802705818986
859.592,-2.8137632744215573
859.709,-3.394851318784813
859.827,-8.49167417045589
859.944,-11.122345750925424
860.062,-14.394203742569276
860.18,-13.850740894189585
860.297,-14.482779988547495
860.415,-15.807845528513004
860.532,-16.838486057386007
860.65,-11.832709696487488
860.768,-3.378386875372129
860.885,12.455484371659885
861.003,22.002607304585027
861.12,30.167987815845002
861.238,26.687368322300728
861.356,23.80708036166439
861.473,12.821701048265219
861.591,11.729704393646308
861.708,12.746117392663145
861.826,17.246339082915306
861.943,19.63099895633239
862.061,19.475317474932616
862.178,16.652209243221275
862.296,15.085409717128444
862.414,14.745589966678507
862.531,19.366344045947358
862.649,8.873573485038794
862.766,13.683178272392905
862.884,19.20651002642834
863.001,19.096149714986502
863.119,19.36446254275384
863.236,20.357575406191376
863.354,19.111560238994617
863.471,20.28589191583327
863.589,23.388735837528184
863.706,35.94101988884154
863.824,45.97260212819272
863.941,53.330352114077485
864.059,55.584152700254435
864.176,56.71206523506539
864.294,55.58204970512537
864.411,53.83002754640965
864.529,54.99253217339995
864.646,49.0696230132618
864.764,45.72055650151504
864.881,45.72525794350643
864.999,46.55315268323996
865.116,57.171824112035566
865.233,72.28943791095315
865.351,80.91837841442843
865.468,85.35857432915918
865.586,88.22387846899821
865.703,98.51255923221369
865.821,107.6705040646933
865.938,114.1591848279088
866.056,120.49288723614589
866.173,117.12096193875556
866.29,112.72479421712276
866.408,102.28966545652887
866.525,99.73678777818586
866.643,98.56399667992929
866.76,99.31847830894549
866.878,105.93789500289677
866.995,113.4906450301815
867.112,111.57066778473902
867.23,111.00566889427469
867.347,112.45105961419992
867.465,110.98129881897363
867.582,108.35482806703737
867.699,105.03311921986307
867.817,104.75816361944206
867.934,107.79576213157526
868.051,118.6584688688167
868.169,121.16013664501918
868.286,132.64708580650324
868.404,141.51931635326883
868.521,153.5828888913765
868.638,161.7737341567571
868.756,166.85029370785202
868.873,174.3381086702023
868.99,192.18003618666518
869.108,203.28863036979476
869.225,223.24657520227507
869.342,240.07291830315359
869.46,262.51311421788506
869.577,287.4277690070756
869.694,301.235064488907
869.812,307.631104559483
869.929,313.44619224910673
870.046,319.94093361838435
870.164,321.37680052878756
870.281,313.78236440888776
870.398,311.47017937123894
870.516,303.8038817794776
870.633,293.36269241282446
870.75,283.53362425829243
870.867,278.20065999986446
870.985,272.19150526524595
871.102,260.96849771677466
871.219,250.4822867050997
871.337,233.01858651593545
871.454,222.39904217092706
871.571,214.11023375665468
871.688,201.3002132211701
871.806,189.07027926577217
871.923,172.26112453115337
872.04,151.19049793506264
872.157,130.45839947749997
872.275,112.5176430112792
872.392,109.91887788704969
872.509,103.5400261827335
872.626,99.37242988967256
872.744,95.53297212474997
872.861,89.80347106978417
872.978,75.89734663819505
873.095,69.16871138409527
873.213,60.60627242717801
873.33,54.41240101817099
873.447,43.78785300618168
873.564,33.51112788173184
873.681,25.91467416813709
873.799,20.881391661930984
873.916,18.87418658508235
874.033,22.597053361584237
874.15,17.230168562391214
874.267,10.990929252229872
874.385,5.359553070372809
874.502,1.3144963058174688
874.619,2.907164574065213
874.736,0.5425623767945426
874.853,-1.1634577863542228
874.97,-0.2235275466028006
875.088,3.6865101292289495
875.205,10.045808135949423
875.322,13.698370911010919
875.439,19.065861787633935
875.556,20.555463751069073
875.673,14.446069181325699
875.791,7.166016065594798
875.908,0.03707917357949064
876.025,-2.454510873936317
876.142,2.760952953771439
876.259,1.7063761658112178
876.376,0.3054023938164492
876.493,1.196560981152928
876.61,4.323911990049606
876.728,10.552293121119309
876.845,9.493950947450617
876.962,8.85577680190019
877.079,7.17683855990724
877.196,4.548808712384664
877.313,-2.686897649227808
877.43,-1.8160584463025364
877.547,-3.7417344383848343
877.664,3.151563290687599
877.781,9.716848172404102
877.898,13.289946006244477
878.016,17.31158452541279
878.133,15.671919067803806
878.25,8.038718434612106
878.367,4.042251135480565
878.484,-3.444984895084126
878.601,-10.433132510240315
878.718,-5.942412128867508
878.835,-5.026956584606186
878.952,1.8910510765021544
879.069,2.9370639397901694
879.186,1.1188968123161196
879.303,1.3218740003507556
879.42,1.24443685977648
879.537,-1.270811020939932
879.654,6.565105898094794
879.771,1.5020157677535606
879.888,0.664993967506851
880.005,-3.6861679168676234
880.122,-10.22480293174962
880.239,-18.950911077139136
880.356,-29.864492353036173
