wavelength_nm,intensity
792.446,101.75735810893063
792.565,142.9682671998398
792.684,170.96748797906065
792.803,185.75502044659316
792.922,187.3308646024371
793.041,164.6061892777618
793.16,133.43302910460164
793.279,100.29190356347614
793.398,72.2823797539524
793.518,57.25121092278358
793.637,59.73432780590046
793.756,61.64861352018616
793.875,74.3897390613117
793.994,110.45380832538099
794.113,140.00532347689614
794.232,158.26766113923378
794.351,174.60965248122505
794.47,174.49796416953666
794.589,159.4858429574155
794.708,132.1784836500562
794.827,101.20618927776185
794.946,93.44082131239395
795.066,86.0598689314416
795.185,82.60965248122511
795.304,92.82437109594366
795.423,92.52653559810814
795.542,99.83908971066231
795.661,104.22177369334628
795.78,94.74644901802162
795.899,95.85380832538104
796.018,86.4183104898832
796.137,78.45467412624691
796.256,68.88757455914731
796.375,63.839089710662435
796.494,65.19060486217757
796.613,64.22004209161467
796.732,55.507042049538164
796.851,47.83927481298214
796.97,33.4360404824164
797.089,27.44650611273847
797.208,28.71709498318345
797.327,35.97590218173998
797.446,39.06646083891641
797.565,51.3321577121564
797.684,62.54610331570899
797.803,72.46689333920168
797.922,77.4415732582955
798.041,75.85781161894792
798.16,76.22556513111539
798.279,64.61432422696885
798.398,47.01403597094273
798.517,37.162488132744286
798.636,29.77233363435006
798.755,28.56519060009029
798.874,25.128250705049908
798.993,26.769341493556155
799.112,35.78686059474812
799.231,42.75282470946985
799.35,36.748156582074806
799.469,33.12340051526685
799.588,33.50819679468316
799.707,38.32221260618465
799.826,44.151541134442176
799.945,52.41816128676057
800.064,63.523143772859775
800.183,71.51644968288
800.302,59.20054523605923
800.421,55.500225204823124
800.54,49.67090084458293
800.659,64.62512626789251
800.778,76.05034736219784
800.897,97.25825243918689
801.016,117.1847722347906
801.135,130.5866167057189
801.254,127.51919710738312
801.373,131.53662599389588
801.492,124.14886007521388
801.611,133.96369155912924
801.729,146.52657499109654
801.848,170.9569908905965
801.967,189.5908699935598
802.086,209.0970434688174
802.205,217.94001348087136
802.324,213.5604726704144
802.443,189.3800660590912
802.562,163.78667243478083
802.681,136.9802917974832
802.8,104.09512328139775
802.919,81.2030283583859
803.038,65.77256988066
803.157,52.40287686081557
803.276,30.61688421141597
803.394,14.726250064198217
803.513,3.8295034749087034
803.632,-12.697495309178503
803.751,-24.00795600228733
803.87,-29.157819869766854
803.989,-27.745935609454477
804.108,-29.46529498555081
804.227,-28.314061814732625
804.346,-23.10586182386058
804.465,-12.264418011211792
804.583,-7.830419570763629
804.702,-0.7509674319175774
804.821,2.424052772057583
804.94,3.7929056376773604
805.059,-2.7332282871298466
805.178,-3.0004898070259194
805.297,-5.087079158477243
805.416,1.6109778858093051
805.535,6.850058873127732
805.653,7.638756731736463
805.772,8.04356963234644
805.891,11.473882992666393
806.01,17.504918963550413
806.129,28.906660170192094
806.248,43.35133133573436
806.367,58.91927425820213
806.485,75.92192175358528
806.604,99.67974136493329
806.723,135.8612698707351
806.842,182.68868582242436
806.961,215.8208636788754
807.08,238.37208915437407
807.198,253.9726652792233
807.317,252.83298166381266
807.436,249.23528939039318
807.555,237.42980490918143
807.674,228.3896883933375
807.793,218.6240307519525
807.912,201.35794021013453
808.03,194.0563518328188
808.149,191.1106076113473
808.268,206.95447377948614
808.387,237.05288540217035
808.506,264.41103728459495
808.624,297.8029554007857
808.743,330.0165185386214
808.862,352.1712072175826
808.981,363.27481364546145
809.1,352.9870780819983
809.219,345.9088663280588
809.337,322.39861994208457
809.456,289.3299319976687
809.575,266.498473490482
809.694,254.11723143351173
809.812,234.411314051866
809.931,221.7859161507397
810.05,219.1328126219076
810.169,231.51520692857332
810.288,238.90452764216545
810.406,254.0791297410389
810.525,275.89875348493405
810.644,296.3495460599979
810.763,309.11722175194507
810.882,316.5619537209484
811.0,318.2387203219863
811.119,318.660075667613
811.238,315.9766691084778
811.357,313.67508073116073
811.475,310.53886031921155
811.594,309.0736355782582
811.713,317.49499092388487
811.832,325.31548046864566
811.95,330.94462802206453
812.069,338.2750742767821
812.188,349.8055205314996
812.307,355.5887806390309
812.425,354.7105688850904
812.544,340.62629652508946
812.663,332.12643974950413
812.782,312.8655440128799
812.9,297.2245616961692
813.019,283.75067894655785
813.138,283.03177455192474
813.257,283.3959870404084
813.375,283.05803502672734
813.494,283.9114250043881
813.613,302.2340790513129
813.731,316.8060837475882
813.85,344.55817502395
813.969,364.43753902758476
814.088,383.6606259749424
814.206,398.6222410608283
814.325,407.51112887398676
814.444,416.35412924125785
814.562,434.1408525522519
814.681,446.805497941168
814.8,465.8069398668807
814.918,469.7737497579616
815.037,473.3630704715532
815.156,473.4320448647985
815.274,475.35902791605236
815.393,471.3951018763971
815.512,465.0502234557896
815.631,455.8282887581257
815.749,451.69466574877356
815.868,444.6233804017593
815.987,446.0464673491174
816.105,451.26176208868344
816.224,465.4008663520589
816.343,465.4568537323175
816.461,463.86175886149374
816.58,453.97662070062665
816.698,436.47762972590664
816.817,425.47993745248533
816.936,410.45540535222415
817.055,391.4187520398417
817.173,371.20287794823827
817.292,348.1099475795786
817.41,333.46621029524005
817.529,313.2554174807983
817.648,305.83461734395587
817.766,318.90227178145614
817.885,353.8150424706725
818.004,386.8828861215618
818.122,452.6493092276303
818.241,510.317125641692
818.359,525.2131751905868
818.478,500.59868282513753
818.597,460.4527316141176
818.715,413.12248878337414
818.834,388.40927097955534
818.953,371.19602055138824
819.071,374.60980302466044
819.19,408.63078347879224
819.308,423.38574507100066
819.427,549.809861215246
819.546,706.7929636544518
819.664,869.5614337671777
819.783,993.6146518213902
819.901,1019.2351240880787
820.02,936.3214695623954
820.138,802.7683174193976
820.257,626.4315397588142
820.376,524.6507255359228
820.494,431.5032093338965
820.613,387.99888739775463
820.731,361.0998153733088
820.85,326.9592659570309
820.969,310.1728290948655
821.087,303.1214571677649
821.206,309.7133752839543
821.324,319.0689297637799
821.443,350.9292461483675
821.561,402.47874002213246
821.68,440.95117761884103
821.798,457.25738144931586
821.917,453.56964588585123
822.035,433.7260661665425
822.154,399.19157735632484
822.273,355.22245651147523
822.391,328.61697203026216
822.51,314.57166070922233
822.628,292.6605485223817
822.747,285.95722854333326
822.865,281.9629994733757
822.984,287.3427963774441
823.102,288.663718822638
823.221,290.1266326098232
823.339,293.0579446654067
823.458,298.1234558551895
823.576,281.08593674194196
823.695,283.14019252046927
823.813,275.4853573899055
823.932,265.51190754072707
824.05,259.20772176081255
824.169,268.46111173847373
824.287,269.58030258193605
824.406,272.3808787067836
824.524,271.4030998532764
824.643,274.45562403007204
824.761,269.2579317566512
824.88,257.7814516044426
824.998,257.9681749154374
825.117,263.33931381084767
825.235,264.04898084478594
825.354,259.14479506487123
825.472,267.27004651439364
825.591,268.4974624660803
825.709,264.5309390238274
825.828,256.7592207763797
825.946,252.22300036442982
826.064,242.9257409914411
826.183,240.03021322018407
826.301,239.0991876134293
826.42,238.96123559974825
826.538,237.6561840189677
826.657,247.3571930442476
826.775,252.07984709117244
826.894,253.15834529394147
827.012,245.135544795412
827.13,238.3724845566229
827.249,232.6899437983534
827.367,219.21346364614473
827.486,200.43222158917442
827.604,200.6310661122908
827.723,200.348525354022
827.841,196.00191533168413
827.959,192.6397208937619
828.078,195.61345719177052
828.196,213.92485582744143
828.315,235.02499905185698
828.433,242.602198553329
828.552,264.75948463488754
828.67,283.2795412792166
828.788,280.05587497982276
828.907,272.20796625618647
829.025,251.06914844164118
829.143,227.5398544366198
829.262,193.5433130090807
829.38,151.09748387053054
829.499,115.16030206492897
829.617,87.00220366323926
829.735,61.690895386533214
829.854,43.64975573856126
829.972,35.314577623912896
830.091,40.19569576605255
830.209,52.1530269120803
830.327,66.45932353511526
830.446,81.17387234070515
830.564,104.04409521366384
830.682,127.82948495658658
830.801,151.86781293157475
830.919,178.81899682537843
831.037,211.73237333126022
831.156,237.147966688406
831.274,259.1358544178462
831.392,257.8614044849488
831.511,244.15751732261432
831.629,222.0068769135267
831.747,196.10472135292392
831.866,177.7471545369099
831.984,176.11253144383954
832.102,175.62682609968687
832.221,184.63116404557746
832.339,184.53506909103515
832.457,183.48659318411183
832.576,176.2666887057599
832.694,169.96799634862003
832.812,171.5125940347702
832.93,172.80870687243547
833.049,162.20198461501053
833.167,143.0432960699586
833.285,131.0353832022659
833.404,124.45741402504946
833.522,123.10524233981732
833.64,126.15547700053764
833.759,141.50487585303256
833.877,158.35043231506486
833.995,175.40236238932482
834.113,187.91688632901437
834.232,209.58205961935326
834.35,230.11303377549288
834.468,260.27171355933797
834.586,293.0070167198063
834.705,325.3760861140406
834.823,351.91225507537433
834.941,364.13154091982494
835.059,358.784592998042
835.178,339.23418187279583
835.296,309.1391820029611
835.414,284.6381215270657
835.532,271.32061083472
835.651,262.7104594497335
835.769,265.6951132595521
835.887,269.84859823820193
836.005,294.3856330004015
836.124,326.33738637731983
836.242,362.83459429969264
836.36,392.86859875886216
836.478,421.21342572885413
836.596,444.27340421399765
836.715,455.83727880303724
836.833,449.8669542578778
836.951,459.03602365211225
837.069,471.05271209396597
837.188,491.1897468561659
837.306,509.84799373957816
837.424,523.2110025277523
837.542,534.7714139133287
837.66,548.1577993248793
837.779,542.2792496714949
837.897,545.376457593868
838.015,546.2970421396182
838.133,546.0202240879657
838.251,544.3832328761401
838.369,538.3012200192929
838.487,530.7733197165583
838.606,533.0116531800571
838.724,518.9538827474521
838.842,509.8666750854096
838.96,503.8080388519388
839.078,495.85676192582696
839.196,491.24661054084055
839.315,495.8252037445987
839.433,499.4903770349367
839.551,494.5927797625043
839.669,483.4622820571715
839.787,479.047801667856
839.905,473.23072387594345
840.023,475.73745560784045
840.142,486.2268713224215
840.26,489.2790575997732
840.378,488.71825686413797
840.496,476.9349453059922
840.614,462.50055149676416
840.732,449.86615768753614
840.85,437.8187768653212
840.968,443.81988089159086
841.087,444.1993398962155
841.205,436.81602833806926
841.323,415.6863964336029
841.441,398.84507621744814
841.559,381.57518457272204
841.677,387.334730157433
841.795,399.9055311533996
841.913,418.62957890261265
842.031,444.74496864316785
842.149,462.71490383826836
842.267,476.4943628428929
842.385,491.6426530163484
842.504,496.50955790841857
842.622,519.9704021944281
842.74,524.2476966968879
842.858,529.2288873032439
842.976,535.9494718489938
843.094,538.3878053124924
843.212,554.3629353127878
843.33,566.2211821962
843.448,567.6707710709542
843.566,578.5246889500372
843.684,571.8461392966528
843.802,574.669754145433
843.92,566.0370919379361
844.038,568.9169838429934
844.156,573.2228497740248
844.274,586.7581529344934
844.392,592.4709452724514
844.51,607.4694518961237
844.628,612.4021576539953
844.746,621.2578071348107
844.864,613.3385648407344
844.982,615.4011407284763
845.1,600.247266399768
845.218,586.8708812485486
845.336,559.8633272661604
845.454,538.6981975261963
845.572,501.69497254813683
845.69,460.90906358739335
845.808,417.456487959983
845.926,392.8801028087632
846.044,362.3920293458549
846.162,343.8901030690935
846.28,321.9552763594316
846.398,310.92521155453153
846.516,292.9072679617525
846.634,276.53694341659275
846.752,244.90254960736382
846.87,220.82226835224753
846.988,201.0424199975642
847.106,176.82447640478574
847.224,156.80047220594662
847.342,148.94962818026758
847.46,142.51090536670964
847.578,135.49902237999143
847.696,117.30272380885756
847.814,114.24495337625174
847.932,112.68597102598267
848.05,99.39647638713652
848.168,97.47002190536507
848.285,105.09594455123948
848.403,110.22343508431929
848.521,113.24032593194038
848.639,120.30122971735358
848.757,144.07299380517887
848.875,160.825601064873
848.993,172.37109999523034
849.111,186.27973651701086
849.229,200.50570755684691
849.347,201.8482333359845
849.465,205.2778766249864
849.582,202.57905300826815
849.7,207.51539884946618
849.818,209.66613492780118
849.936,216.4341321895065
850.054,219.78353323333664
850.172,221.50401412441843
850.29,220.21188956444865
850.408,218.680803965518
850.525,214.84322486009387
850.643,217.4567280057521
850.761,216.0607073418866
850.879,223.26555247888697
850.997,225.75005129554106
851.115,227.8804375580827
851.233,234.21428702408764
851.35,249.88060402256
851.468,263.6291721032833
851.586,276.32665793292415
851.704,281.39816973659106
851.822,290.8584261290023
851.94,304.78448338721444
852.057,324.7001510350368
852.175,353.69893556597617
852.293,402.51417031336564
852.411,444.61858254993285
852.529,501.8087090722144
852.647,560.8525152481758
852.764,623.1603906882065
852.882,686.6319024918735
853.0,735.8228948150208
853.118,761.867566791848
853.236,790.3944898509263
853.353,813.2495514381428
853.471,837.8500675708141
853.589,845.7510166039181
853.707,850.2052123902688
853.824,841.2732609904722
853.942,816.1560282053939
854.06,779.2154187969393
854.178,747.1709132845886
854.296,721.5549792008089
854.413,688.3832009611855
854.531,648.6746261847654
854.649,608.4751423174362
854.767,556.4895112639596
854.884,509.40431311091595
855.002,457.0688985076557
855.12,397.8512328221444
855.238,353.685515188581
855.355,309.98992742514747
855.473,274.7523483197226
855.591,236.89658739611582
855.708,198.12913816082064
855.826,166.68982745366412
855.944,120.51518229698539
856.062,86.22412230001704
856.179,60.116281148088405
856.297,37.5352733939872
856.415,23.65994521811306
856.532,12.287374826310696
856.65,-3.0448101736918227
856.768,-12.760095645802325
856.886,-31.869470701027197
857.003,-31.275695498569625
857.121,-36.81273025995414
857.239,-34.228600186767615
857.356,-33.841339072138325
857.474,-34.38558176205513
857.592,-41.78219841875267
857.709,-43.88740576307276
857.827,-46.25561890900168
857.945,-44.263033159148875
858.062,-38.207425005493846
858.18,-28.345508756064525
858.298,-22.93314938582734
858.415,-18.761749947312346
858.533,-19.356410210061988
858.651,-19.217328005699528
858.768,-13.39290418723935
858.886,1.213863001623832
859.003,13.43351326223333
859.121,12.413329653824972
859.239,15.748102347438753
859.356,6.785359799461629
859.474,-5.516195842832397
859.592,-13.28982016011445
859.709,-10.884618184315055
859.827,2.0050851670541285
859.944,3.4250956957706737
860.062,6.466778924009752
860.18,8.663852320712618
860.297,4.3179704314296385
860.415,1.0327304003626243
860.532,5.52842044210904
860.65,9.585955551404576
860.768,15.127234468411725
860.885,28.45616481047684
861.003,36.006611612123756
861.12,47.241404455785855
861.238,60.43332283289869
861.356,69.77093657733356
861.473,86.83956594791397
861.591,95.86491863252269
861.708,104.15693798379809
861.826,114.76237724849338
861.943,115.32798967336203
862.061,113.06849387312246
862.178,101.00380326768808
862.296,85.11400443714541
862.414,77.38957357197063
862.531,72.82358426523733
862.649,61.14330924421811
862.766,64.55913811930263
862.884,64.74293236235259
863.001,59.22889110756704
863.119,60.369395307326826
863.236,60.29518089236798
863.354,64.50668076312341
863.471,65.58917630487446
863.589,62.627516002469605
863.706,65.31347474768374
863.824,65.22540751887196
863.941,75.7537905065104
864.059,94.60944622142145
864.176,107.89021016144075
864.294,119.80387453436055
864.411,121.1419720852482
864.529,122.02002287418239
864.646,116.04569652509485
864.764,112.7445860629906
864.881,107.83188374627102
864.999,102.08074974809637
865.116,104.57689835418097
865.233,115.0155676597631
865.351,121.19848926657426
865.468,135.71145822072876
865.586,162.13140929563292
865.703,192.32282536437424
865.821,216.7637624645667
865.938,236.21162597168563
866.056,245.4967189160339
866.173,245.50908458765514
866.29,233.3759957138219
866.408,228.12082891791073
866.525,228.28038073671826
866.643,231.39750831310144
866.76,246.29818567303434
866.878,257.47678511088935
866.995,253.63980013316
867.112,251.44264199525773
867.23,241.8939687058403
867.347,234.8093646804922
867.465,228.27887320925666
867.582,225.15357654321596
867.699,227.11226256115805
867.817,228.26315637130784
867.934,232.4616692290768
868.051,246.1017405284042
868.169,258.0898637757836
868.286,270.81218615736213
868.404,283.5466297510619
868.521,293.275878539567
868.638,294.69690221984695
868.756,306.5534237356246
868.873,320.4956595371166
868.99,342.6500165507297
869.108,369.8130315730008
869.225,388.49119811042334
869.342,413.2758581543393
869.46,448.9808645186016
869.577,481.06336006035315
869.694,522.8471543034032
869.812,549.6854940009989
869.929,580.7428813176425
870.046,614.2409612749784
870.164,629.5061407994142
870.281,642.3314934840228
870.398,660.5862833980686
870.516,671.2324153034563
870.633,677.4014909317877
870.75,663.3800903696427
870.867,654.6262222750302
870.985,651.6706225786859
871.102,640.947923315242
871.219,631.3490335756073
871.337,620.5925680783971
871.454,612.9893493344338
871.571,599.3359141402539
871.688,569.4712235348184
871.806,536.9338056566559
871.923,507.8085089906144
872.04,471.66762790898855
872.157,440.1449286455446
872.275,404.32872288859426
872.392,384.61554743467417
872.509,366.60799968638185
872.626,341.52945626709356
872.744,314.6760210729134
872.861,290.1412005973481
872.978,263.77954029494293
873.095,234.34948172413954
873.213,206.97483440874768
873.33,186.8192347124036
873.447,167.7034618558863
873.564,144.61972363140345
873.681,121.15156982250507
873.799,108.10852423871486
873.916,94.24643103587701
874.033,73.59559324429446
874.15,59.94995025790669
874.267,43.803478595084655
874.385,34.30921883487811
874.502,19.077269209808104
874.619,8.55603392161242
874.736,7.8135850182577276
874.853,0.9143945830073239
874.97,-4.912069221552751
875.088,-8.54870530206443
875.205,-11.888136167014299
875.322,-6.912155910163127
875.439,-5.2719093274221756
875.556,-5.7285881170684325
875.673,-0.2012188862633133
875.791,-3.903402087263068
875.908,-5.364270754588419
876.025,-12.21728906726862
876.142,-11.825798690853343
876.259,-6.514026112209033
876.376,-2.981844950914551
876.493,-9.101003137824621
876.61,-7.722446468607213
876.728,-2.133595550660353
876.845,-0.43889046141252197
876.962,-3.6830265669292204
877.079,1.5332488595353464
877.196,1.1575945324624728
877.313,2.13299501821551
877.43,-10.293441768630643
877.547,-13.921469677444067
877.664,-9.6802919814589
877.781,-14.62240642673027
877.898,-17.195059241574565
878.016,-8.272106466861759
878.133,-8.406588637348037
878.25,-0.910410902045421
878.367,-6.342737795084467
878.484,-7.591394460679603
878.601,-5.705025842409306
878.718,-7.444694034155941
878.835,-10.075307871768041
878.952,-1.785424275041688
879.069,-1.365729718822712
879.186,-2.8600356711075112
879.303,-10.461223375292901
879.42,-9.514230610386411
879.537,-10.524486841041334
879.654,-12.81998162760194
879.771,-20.38203891133935
879.888,-22.097216038008053
880.005,-27.739502962345128
880.122,-35.3260567041386
880.239,-44.85687726338852
880.356,-56.33196464009487
