wavelength_nm,intensity
792.446,114.41254942982123
792.565,153.25739791466972
792.684,180.23514683241865
792.803,195.345796183068
792.922,198.58934596661766
793.041,180.6187831960549
793.16,149.8360992133709
793.279,124.7512507285224
793.398,114.65601263328435
793.518,99.78328536055719
793.637,92.77376155103346
793.756,94.35298233025422
793.875,105.30276588003773
793.994,128.00319878047065
794.113,153.670731248003
794.232,177.89670527397698
794.351,195.19454077181246
794.47,188.8560126332843
794.589,169.2265754038471
794.708,148.46380484107652
794.827,123.42570960298134
794.946,110.8049303822022
795.066,106.5599087371805
795.185,104.46034163761342
795.304,101.77289575016755
795.423,98.77376155103335
795.542,99.79107756834941
795.661,100.62484380211566
795.78,95.36164033891228
795.899,93.89064466791658
796.018,90.06467064194251
796.137,88.17722475449659
796.256,86.90363168090354
796.375,90.28891306618488
796.494,87.95471393198578
796.613,81.82138059865244
796.732,78.6239780012499
796.851,76.4430256202975
796.97,74.2464888237607
797.089,61.839562416834326
797.208,57.23783081510277
797.327,67.81878319605512
797.446,75.02917280644472
797.565,90.66553644280835
797.684,112.89930267657456
797.803,135.19107756834944
797.922,138.61272258999446
798.041,124.66986544713731
798.16,114.001467178739
798.279,98.28631566358749
798.398,76.07419445146625
798.517,67.05514683241867
798.636,58.80319878047062
798.755,60.12787410514593
798.874,51.61810617465835
798.993,46.3307232137022
799.112,50.31361427578508
799.231,53.29836993586889
799.35,43.12274978131365
799.469,42.623193386640494
799.588,42.12373793194784
799.707,50.33991430680723
799.826,58.448876980393806
799.945,61.7463246092392
800.064,70.68009266151937
800.183,87.06901225663319
800.302,85.03191449420649
800.421,88.81559595255892
800.54,89.0105328221669
800.659,83.67819696450209
800.778,85.94845850943486
800.897,90.46287589852336
801.016,95.1972067075252
801.135,105.26573665072607
801.254,115.93599819565841
801.373,123.17249350682461
801.492,123.0825818915841
801.611,124.35544083911422
801.729,139.84128679963146
801.848,161.66652669954266
801.967,179.15670166438895
802.086,194.14124892360746
802.205,207.73272258975214
802.324,198.29389322559388
802.443,177.0905616969334
802.562,150.93225181329456
802.681,127.32718868290243
802.8,107.55329438367912
802.919,86.05425036327979
803.038,70.37687902857076
803.157,56.01019039994776
803.276,44.20990261518375
803.394,27.98052138880653
803.513,12.631371316014235
803.632,5.550091167152628
803.751,3.1725806809220565
803.87,-3.3450442123616155
803.989,-0.18274523158728662
804.108,-3.735804348098117
804.227,-4.789500300670774
804.346,-14.157653790783485
804.465,-17.89246082111751
804.583,-21.08142661088575
804.702,-15.10775045841974
804.821,-9.53793136470545
804.94,2.499100299312183
805.059,7.302333036313543
805.178,11.844387793948059
805.297,9.042280233683629
805.416,7.6682185023414835
805.535,6.095714944670036
805.653,6.487702630999167
805.772,4.8869597759250665
805.891,7.9741626618304835
806.01,9.53244474480822
806.129,16.04189591522833
806.248,21.020936125149206
806.367,27.906574287863705
806.485,40.9836418075169
806.604,59.84193649928386
806.723,88.34950482726134
806.842,119.87259712155739
806.961,151.94922994591315
807.08,179.4172047616109
807.198,196.8695951617242
807.317,199.55834919820109
807.436,195.37177855935332
807.555,184.29083562613312
807.674,168.06010914312935
807.793,155.36617919692196
807.912,152.8012535797186
808.03,154.89433662052377
808.149,161.65322052712978
808.268,176.10647672810802
808.387,199.5605987299523
808.506,220.45195016902613
808.624,233.42468688948554
808.743,255.44677425929578
808.862,282.0013291615736
808.981,298.4649749729424
809.1,302.37450823019856
809.219,295.0268986303117
809.337,278.59184314297875
809.456,250.5619824608405
809.575,215.56848541506577
809.694,195.1957675900702
809.812,174.99447833650316
809.931,162.9594228491698
810.05,163.5858392233082
810.169,173.99580538099622
810.288,185.44040357331636
810.406,205.3508026314373
810.525,218.50968653804313
810.644,228.83999901607763
810.763,224.92182664562728
810.882,225.4426153141379
811.0,229.82920484844922
811.119,241.09458226154837
811.238,246.59026270495048
811.357,254.50931977172903
811.475,252.8197188298497
811.594,256.5431049009575
811.713,255.77211867769296
811.832,264.55957401287
811.95,273.70287350389134
812.069,282.2695496182894
812.188,287.37475387121555
812.307,287.33883258301614
812.425,284.73148272338796
812.544,275.4089813486081
812.663,266.96007304742113
812.782,261.82545046051985
812.9,256.4033819861727
813.019,248.3085862390982
813.138,247.60686408509724
813.257,255.89734972330396
813.375,269.0181383918134
813.494,279.1224768438725
813.613,301.151490620607
813.731,311.9839676008045
813.85,325.1030246675822
813.969,330.78312069539885
814.088,323.6857275457263
814.206,319.96928677700623
814.325,330.7576079130481
814.444,335.2913835945443
814.562,342.27537572625687
814.681,344.60828560688697
814.8,364.62690977323126
814.918,368.07843437247595
815.037,366.3723832141447
815.156,368.7650333545148
815.274,375.41482635202794
815.393,365.481935366857
815.512,350.5178755505174
815.631,347.65165123201325
815.749,350.74300267108487
815.868,349.12266579846823
815.987,355.1334977570204
816.105,359.8716024428452
816.224,359.46338678234974
816.343,357.7651278318109
816.461,349.10150091590424
816.58,350.5209908831144
816.698,337.91970162954533
816.817,331.33919159675554
816.936,312.7075993128834
817.055,297.35479490779903
817.173,276.3110814118056
817.292,266.19204324048735
817.41,263.81845961462375
817.529,268.0881660320503
817.648,268.28514517674984
817.766,269.8786611179863
817.885,269.06871385575954
818.004,266.6215371563033
818.122,269.52933881182537
818.241,282.9462313764382
818.359,300.3769767549036
818.478,308.8016615273084
818.597,320.75881383218086
818.715,331.5815576843247
818.834,342.92058843494226
818.953,354.2776299676754
819.071,397.46180861310813
819.19,440.62866118341196
819.308,545.9609930539444
819.427,647.6898376811873
819.546,768.3193751451792
819.664,856.1258006217811
819.783,893.6258501422872
819.901,865.78592163499
820.02,789.3849214689064
820.138,670.2437542912643
820.257,574.7979133410647
820.376,468.60349358557414
820.494,391.40377379598976
820.613,332.26338999512257
820.731,289.90617003849377
820.85,255.2295561095986
820.969,236.94601577377676
821.087,232.60619838167804
821.206,236.01962774282617
821.324,259.31790558882307
821.443,277.090642309279
821.561,317.8209547873108
821.68,340.6335183475936
821.798,351.9092853710799
821.917,347.23180564131945
822.035,326.3266202838536
822.154,301.4422141471671
822.273,277.9448209974936
822.391,250.12621572660808
822.51,244.4201645682767
822.628,227.04311773894963
822.747,226.6894475329991
822.865,228.53750892878023
822.984,227.91111145010257
823.102,230.0648005515116
823.221,229.48082731525818
823.339,226.10118308333364
823.458,226.28950421937446
823.576,216.4501197277095
823.695,226.1319473572566
823.813,235.3843377573665
823.932,236.78131690206527
824.05,237.00167267014064
824.169,241.3467037628912
824.287,244.5358906997975
824.406,243.24109495272106
824.524,230.5636152229606
824.643,225.74327835034296
824.761,222.7402574950414
824.88,209.77273447523766
824.998,203.26322011344246
825.117,202.38054557848707
825.235,209.63986238552303
825.354,209.55632204970186
825.472,208.77667781777686
825.591,206.43859202741038
825.709,213.06674000327777
825.828,203.65506113931838
825.946,197.6329926649694
826.064,197.52953890923516
826.183,203.42954835696412
826.301,202.9910296661651
826.42,200.62523824809352
826.538,200.15555072612577
826.657,202.43651255480734
826.775,193.42569949171397
826.894,191.13783015156434
827.012,185.5374066988605
827.13,179.25992696910046
827.249,178.99889745579077
827.367,169.01925322386637
827.486,162.85432760666055
827.604,158.17857947863212
827.723,161.0829179306902
827.841,161.29201828751025
827.959,153.45609699930867
828.078,151.77428826521964
828.196,164.41455745320837
828.315,170.0037443901148
828.433,182.58946812355794
828.552,200.40982389163293
828.67,230.17650000602808
828.788,243.51287309012017
828.907,236.39989552486165
829.025,221.83670150938661
829.143,202.06225208265602
829.262,167.71218483882126
829.38,127.7201045180967
829.499,93.0696235149804
829.617,66.93253052185385
829.735,48.79688005489469
829.854,32.79673050584013
829.972,30.008477447053103
830.091,36.32280062462577
830.209,40.47480790455457
830.327,47.362155931745264
830.446,56.49342127872083
830.564,67.50470980258535
830.682,91.1000824475774
830.801,123.12694830629505
830.919,155.60780458349882
831.037,195.88513599668693
831.156,236.1276682292312
831.274,263.5173866089616
831.392,266.37030845189554
831.511,259.9756112472105
831.629,236.3159789775905
831.747,207.93340298502676
831.866,173.11100015263625
831.984,154.51543714708555
832.102,160.31121613287678
832.221,155.68275269442574
832.339,147.31489531658065
832.457,142.66651845821627
832.576,129.07788185959208
832.694,117.44855262027525
832.812,109.86251342424839
832.93,105.90506507136527
833.049,112.05611748394756
833.167,104.4948163467516
833.285,97.69735619052537
833.404,90.06643683368449
833.522,87.95896901001807
833.64,95.2349921176062
833.759,103.24815040929643
833.877,103.51235965937
833.995,114.75641528669806
834.113,124.16100437844764
834.232,142.91797442257828
834.35,163.03684922861368
834.468,192.11589719482237
834.586,223.59667676276266
834.705,237.95018360343028
834.823,250.99113633154377
834.941,260.1862016137697
835.059,259.3059422206708
835.178,248.97806377995278
835.296,226.2094926985422
835.414,207.1396229158331
835.532,189.80914707251802
835.651,175.18862793915977
835.769,186.69278413047692
835.887,197.62897495382856
836.005,222.5677631797775
836.124,241.9602310594059
836.242,260.9258591121944
836.36,283.37200664550227
836.478,301.77746153811745
836.596,317.4729597207757
836.715,337.5814449164209
836.833,338.8466400687761
836.951,354.2469001561961
837.069,363.8047360011918
837.188,370.25521253882823
837.306,379.6970310678065
837.424,389.79512665306197
837.542,394.594520939616
837.66,403.5887204209753
837.779,403.1785908980056
837.897,421.71997652655114
838.015,432.90811540184995
838.133,427.1594577403523
838.251,422.7449992130538
838.369,419.48551904073383
838.487,415.3290691714442
838.606,405.87132060085594
838.724,397.2499356666316
838.842,402.6008451047017
838.96,400.5647415557589
839.078,391.67928735746557
839.196,395.40249116783014
839.315,397.19495904745884
839.433,395.8237905634513
839.551,385.7963450231666
839.669,378.00612892011134
839.787,372.3795491806925
839.905,367.7962594845635
840.023,363.72985290531784
840.142,368.3967796594054
840.26,370.84985359964026
840.378,375.3037933407411
840.496,362.6347893588983
840.614,353.3121057233758
840.732,342.2431017415332
840.85,338.51695490254775
840.968,321.5076911804456
841.087,310.5893365492524
841.205,312.9895966366739
841.323,313.1240558582947
841.441,303.42215144355185
841.559,301.6475197560816
841.677,301.95254174826505
841.795,310.60388408676874
841.913,307.4024125724585
842.031,316.0563523135593
842.149,326.0358331802012
842.267,328.0438854754145
842.385,335.4250979437878
842.504,332.84171906497335
842.622,329.534768482844
842.74,392.4812570817062
842.858,459.8109481639932
842.976,535.1512066877694
843.094,575.0066743214527
843.212,582.0942341819263
843.33,559.4866135419173
843.448,501.93446175207555
843.566,438.4156719641679
843.684,438.7325145776117
843.802,437.6924861273948
843.92,445.63453968631615
844.038,453.7482196871565
844.156,465.41860964470663
844.274,479.44657535983254
844.392,490.3507315511489
844.51,500.6540219415995
844.628,517.0187841935219
844.746,521.0952347571325
844.864,504.3275294765872
844.982,492.76155579777367
845.1,473.3133310367091
845.218,455.90493311547124
845.336,431.03852653622477
845.454,413.9911675760259
845.572,392.93255320457155
845.69,359.94320290238136
845.808,326.61012965646813
845.926,296.74891788241644
846.044,275.45653727719593
846.162,256.5754120832307
846.28,237.84320463818318
846.398,230.5326422147807
846.516,217.40043476973335
846.634,198.10372516018393
846.752,184.50658265020152
846.87,166.02805485883385
846.988,157.74866126660035
847.106,134.6571464622457
847.224,126.40286109512061
847.342,119.20138958080952
847.46,110.22425620501434
847.578,94.52365757459896
847.696,81.72544703947258
847.814,73.47646958600018
847.932,66.07508585373131
848.05,53.56386834534443
848.168,65.13734604817893
848.285,73.43031612254683
848.403,82.09966208355132
848.521,83.10543826618388
848.639,87.9369017572657
848.757,100.44787160371726
848.875,108.8681533456859
848.993,118.36895456817398
849.111,136.34248306338938
849.229,145.2406868832802
849.347,147.23412879840924
849.465,155.9228088087764
849.582,157.70759271524753
849.7,165.21012553946775
849.818,170.03040728143702
849.936,177.29917387189116
850.054,180.89694479134965
850.172,179.30164211773464
850.29,181.30114463892477
850.408,187.06255192201974
850.525,190.29755227870783
850.643,197.19229289513626
850.761,200.86279108732236
850.879,214.400821747041
850.997,215.47997794788526
851.115,214.84225103184656
851.233,210.84348515476907
851.35,212.68454611751858
851.468,208.6251741798353
851.586,211.04632172267145
851.704,214.34885454689282
851.822,234.7725994923264
851.94,250.14785958927507
852.057,269.3863231494272
852.175,290.703574588367
852.293,335.5394407459213
852.411,362.0281207562895
852.529,406.91247176232866
852.647,446.50418207572716
852.764,497.3235980168313
852.882,542.8876027025242
853.0,576.4966290332388
853.118,603.6389886972868
853.236,638.5354609154473
853.353,655.3566084582831
853.471,667.7015655249284
853.589,669.1175182625691
853.707,660.7940770608157
853.824,647.6879518763782
853.942,631.6216535317674
854.06,604.9787318105334
854.178,587.8925200460096
854.296,568.8920225671999
854.413,543.1296203264856
854.531,523.2286899472432
854.649,490.4567638970052
854.767,462.77055213248127
854.884,429.7051195887367
855.002,377.0128472181524
855.12,333.4262025531956
855.238,285.92786957655045
855.355,244.58018595055472
855.473,207.78748067953745
855.591,172.25624726999206
855.708,148.6297757652086
855.826,117.64887749783995
855.944,84.90985862128649
856.062,60.91184993411571
856.179,42.11225091722257
856.297,27.653987336039567
856.415,10.585788479355271
856.532,3.4557401746991436
856.65,-9.092609906583654
856.768,-25.3660229420925
856.886,-36.36873915226472
857.003,-40.209870640303095
857.121,-35.37699566055721
857.239,-34.82573851875792
857.356,-29.56090419195939
857.474,-33.07997635358683
857.592,-41.15774143111743
857.709,-38.73389261751045
857.827,-37.38094773289648
857.945,-31.784224397306314
858.062,-21.193986271673502
858.18,-11.373580768717197
858.298,-5.388324148054982
858.415,-11.138348107262544
858.533,-11.182225299461642
858.651,-6.6897326380117565
858.768,-8.672977251533583
858.886,-4.303540366325995
859.003,-2.553799959834699
859.121,-2.485220016941965
859.239,-2.14103453893134
859.356,-5.753800036212757
859.474,-7.152993407727287
859.592,-9.47162125947947
859.709,-13.516269140498919
859.827,-2.851465671912198
859.944,0.45705527030634374
860.062,1.7647342431426978
860.18,2.7104694038809694
860.297,-1.728033885233672
860.415,-3.7162609344937922
860.532,-13.369995302135987
860.65,-18.88459763735203
860.768,-6.523322548311539
860.885,4.877438742118282
861.003,6.415891652486969
861.12,20.428496181225917
861.238,34.92021268401292
861.356,54.77781285287145
861.473,70.93270808529371
861.591,79.0402970267554
861.708,93.28843700661696
861.826,100.49778711614715
861.943,90.03804930390163
862.061,85.32549763884217
862.178,70.18091134174816
862.296,59.123770932100015
862.414,48.01035346617478
862.531,37.80342950674334
862.649,36.981786932593344
862.766,44.63027422857321
862.884,47.85192169771341
863.001,45.27876397204844
863.119,45.414697155474386
863.236,47.095219083489
863.354,51.60777564353816
863.471,51.539379822634885
863.589,48.06925239999973
863.706,54.84587822411769
863.824,53.45020967594131
863.941,56.29263636586017
864.059,63.00692452764051
864.176,70.59653736474559
864.294,84.85454847024891
864.411,100.35671541990817
864.529,101.1402676509527
864.646,100.57230473048196
864.764,98.02425522992456
864.881,100.32815378131514
864.999,88.32815622880945
865.116,85.57577772392276
865.233,95.3091135047502
865.351,107.5861722293007
865.468,115.31258160320195
865.586,133.49959703770924
865.703,159.9731925587966
865.821,178.72730756040335
865.938,186.120383600971
866.056,198.15588388396287
866.173,193.39051836608883
866.29,188.19398401704598
866.408,187.17060984116324
866.525,189.510006228051
866.643,193.1887965543327
866.76,193.58620159922907
866.878,203.93339019390913
866.995,207.81564372365432
867.112,204.09789725339965
867.23,204.47105987405422
867.347,199.60872465921096
867.465,192.28664918462744
867.582,187.76543951090972
867.699,184.19661078957301
867.817,183.9879552284097
867.934,179.58016546811234
868.051,190.48319821863754
868.169,198.4096075925394
868.286,210.89878752921175
868.404,216.49705837497504
868.521,227.5135110389199
868.638,231.94381651671756
868.756,238.7758535962468
868.873,240.83905950694492
868.99,263.941226456604
869.108,283.7239128867826
869.225,307.1394997498617
869.342,326.6728355306898
869.46,364.44772975307603
869.577,392.8633166161549
869.694,424.19232339265386
869.812,441.272845320668
869.929,464.4737135690285
870.046,473.10142164422905
870.164,474.8893028796027
870.281,476.2849763227687
870.398,501.5897406750256
870.516,507.92740546018297
870.633,518.3135550938252
870.75,518.9516527794158
870.867,517.6070664823221
870.985,515.0027399254883
871.102,503.26940903965016
871.219,493.2122686300025
871.337,492.38196804719473
871.454,478.89279300551243
871.571,466.17764393785603
871.688,440.20708361478853
871.806,417.5490774042753
871.923,394.7023266050176
872.04,370.5741905243749
872.157,340.4339332316109
872.275,322.0088274539984
872.392,307.74649223915634
872.509,290.7170574572144
872.626,272.39411618176587
872.744,251.3101359452785
872.861,230.0408743235095
872.978,209.35516248529058
873.095,186.74823852585953
873.213,178.41663924175333
873.33,168.06339493600217
873.447,146.87292119302163
873.564,127.187209354803
873.681,103.55864037372739
873.799,87.04522290780312
873.916,70.00106951114306
874.033,61.41146156902849
874.15,60.60713501219517
874.267,49.66103054045227
874.385,36.14335521255943
874.502,24.507229714091952
874.619,17.063832255031265
874.736,11.990371668734635
874.853,10.592000136314315
874.97,8.549299368151486
875.088,10.007275802594808
875.205,1.7805579422501734
875.322,6.577995982699301
875.439,1.5292335407701447
875.556,-5.744411116466404
875.673,-9.667904682305425
875.791,-8.796865197616997
875.908,-11.000302502150419
876.025,-8.114601223264199
876.142,-5.9088282996788335
876.259,10.078740905645379
876.376,3.935087353452662
876.493,1.194650915367311
876.61,2.611122109935139
876.728,3.223578948891122
876.845,4.749862720908285
876.962,-1.5018247941889271
877.079,-1.14051667778501
877.196,5.060270666250741
877.313,-2.249772096085402
877.43,2.4994819738008243
877.547,-1.6189446276612127
877.664,-5.381870522054496
877.781,-9.048456847585879
877.898,-11.225015017733675
878.016,-7.044894857033644
878.133,6.09623040492435
878.25,12.952734245541198
878.367,20.65202939362463
878.484,7.81406572749169
878.601,-4.4257340406663355
878.718,-10.742657931481096
878.835,-12.81538105408033
878.952,-15.334963039991502
879.069,-13.11128334828419
879.186,-10.631658434867928
879.303,-8.600913557257282
879.42,-18.19927783486607
879.537,-21.589107444783387
879.654,-10.929445633891444
879.771,-4.522513727217836
879.888,-1.142989227182579
880.005,-4.416425292737426
880.122,-11.690665920718462
880.239,-22.965711111125678
880.356,-38.24156086395908
