wavelength_nm,intensity
792.446,184.71952961362805
792.565,166.8516508257493
792.684,151.49459454869304
792.803,138.6483607824593
792.922,128.31294952704792
793.041,111.08004909414748
793.16,111.44541705951542
793.279,112.77701879111713
793.398,113.07139108548944
793.518,120.33719195129035
793.637,121.13459454869293
793.756,126.62463783873619
793.875,139.16836078245922
793.994,148.78394519804357
794.113,156.71035212445048
794.232,152.0964993105976
794.351,143.28437809847645
794.47,132.55104476514313
794.589,121.83416164826002
794.708,113.75277636687483
794.827,112.30515731925581
794.946,109.53113134522985
795.066,108.04541705951559
795.185,108.96143437553285
795.304,112.6315642456627
795.423,106.36922658332497
795.542,103.10515731925568
795.661,95.16316597726438
795.78,88.74844736254576
795.899,87.88004909414755
796.018,92.92680234090086
796.137,94.82810104219953
796.256,95.12766814176666
796.375,94.85061186471032
796.494,87.67918329328168
796.613,78.33026554436388
796.732,68.25580666990503
796.851,73.54498415908253
796.97,77.86533047942885
797.089,74.73632615042453
797.208,73.58134779544619
797.327,76.03416164826011
797.446,67.33286294696144
797.565,67.3207417348402
797.684,65.75970277380125
797.803,71.67398848808696
797.922,78.09390190800036
798.041,78.79087160497004
798.16,78.04714866124706
798.279,74.02800900847437
798.398,62.62480372739138
798.517,62.32331543905836
798.636,62.32929943039717
798.755,67.50960919531661
798.874,74.44501028752683
798.993,75.12715001750851
799.112,82.19751849147417
799.231,80.23749190141166
799.35,70.80040903429295
799.469,67.43518763903586
799.588,65.3340355078481
799.707,60.98180112557801
799.826,58.64688276062396
799.945,55.530146213851694
800.064,61.64024949391898
800.183,68.96420558783895
800.302,65.64573743933477
800.421,74.73073249429369
800.54,77.73867127219624
800.659,76.85137195486064
800.778,78.94502501847742
800.897,84.391924835341
801.016,84.58860820198811
801.135,94.62858161192531
801.254,91.08067623398381
801.373,94.86610418937548
801.492,98.9805364737714
801.611,100.62050988370845
801.729,100.39554822871033
801.848,103.89872510185072
801.967,93.16294093603014
802.086,92.2920918351445
802.205,77.0253674389186
802.324,55.36540578102239
802.443,43.62927711250993
802.562,25.984801323241
802.681,9.669783124362581
802.8,2.4656757371063165
802.919,-1.7298530620341408
803.038,-4.052240109019184
803.157,-3.7647086263978045
803.276,-6.300752554301645
803.394,-10.232619771625453
803.513,-16.87749824987545
803.632,-29.107733506874123
803.751,-35.246919913174615
803.87,-33.44040393441835
803.989,-35.83015132271396
804.108,-32.201220127082586
804.227,-33.928398684234054
804.346,-38.17961446876247
804.465,-28.61357098270925
804.583,-30.41663527933631
804.702,-31.428603478953306
804.821,-20.88771595954185
804.94,-14.742997234136428
805.059,-18.20665327740349
805.178,-22.18941992379496
805.297,-24.481334521290893
805.416,-10.895971209219383
805.535,-6.734255585661312
805.653,-8.676910659988494
805.772,0.6507745984078088
805.891,1.1618798472357565
806.01,-1.722355419115383
806.129,3.4049881562594138
806.248,9.78209129206293
806.367,25.038490846007683
806.485,39.02308897020632
806.604,52.57327921020314
806.723,72.68664365244226
806.842,82.40049432625574
806.961,93.21648889812055
807.08,100.87144450894618
807.198,101.74631353968505
807.317,97.12681027605161
807.436,94.06661437172548
807.555,89.56139682237762
807.674,85.43453425138462
807.793,78.86871064143062
807.912,81.64574417433359
808.03,90.88944437390313
808.149,106.93660777693577
808.268,128.15433395053108
808.387,149.7166488687152
808.506,165.61056551850106
808.624,174.63262069642548
808.743,175.4096542293284
808.862,168.88365745920112
808.981,155.7195654509785
809.1,143.14421803150046
809.219,137.00869745184914
809.337,120.55542795444897
809.456,111.44674720163741
809.575,97.09443560875488
809.694,88.65432812570317
809.812,79.44886715640116
809.931,79.98441857610018
810.05,87.63092541103867
810.169,101.38900740554124
810.288,108.35056708262456
810.406,115.51697156217952
810.525,108.51853308045139
810.644,106.85862273725132
810.763,111.13724053257947
810.882,124.42278473483384
811.0,133.52391335267257
811.119,143.56443590990517
811.238,156.89240435458362
811.357,154.90002647891566
811.475,150.4037524993514
811.594,153.73778155009012
811.713,163.0233257523442
811.832,175.61622926195776
811.95,184.4792626417012
812.069,185.3708674500163
812.188,195.96983156569058
812.307,198.70299481556378
812.425,203.30282473210366
812.544,205.5485420945311
812.663,206.27477893747817
812.782,213.12569110510066
812.9,214.3792006753206
813.019,209.90630331913377
813.138,222.32604665558773
813.257,234.2124566587083
813.375,240.16120432416676
813.494,230.89609917577246
813.613,225.67601567239961
813.731,227.8351529482476
813.85,227.49125992106508
813.969,229.6183625648782
814.088,236.77923144245747
814.206,239.19291417285052
814.325,237.31568781233463
814.444,230.9120545254118
814.562,233.66253379260155
814.681,236.75240699918538
814.8,237.40418496767387
814.918,228.8499023301017
815.037,218.34583614274592
815.156,210.16644528006537
815.274,208.87796350829382
815.393,201.40766355470396
815.512,206.78758005133048
815.631,201.34065672111717
815.749,196.08074637791697
815.868,190.08230789618872
815.987,189.25096898155994
816.105,190.2975521448532
816.224,192.911234875246
816.343,183.11106479178613
816.461,174.43124102867273
816.58,153.54189345603584
816.698,132.24648527733848
816.817,123.07315502071893
816.936,114.45047411474852
817.055,106.03991442089911
817.173,97.30467940237423
817.292,93.46295087735584
817.41,92.79524832636335
817.529,84.11107468748665
817.648,73.86818480416892
817.766,74.74778266167718
817.885,74.3826599152413
818.004,70.24550757836494
818.122,68.34328831719807
818.241,73.88043991374074
818.359,86.47792288489018
818.478,89.45287416209494
818.597,91.93589493228588
818.715,103.20587185921738
818.834,127.30148139560693
818.953,171.22012755557873
819.071,243.16873674605927
819.19,348.8053176250571
819.308,444.7896104523128
819.427,506.0298403360513
819.546,508.76323671350195
819.664,468.4252917532759
819.783,389.1002819342907
819.901,297.508999445262
820.02,217.4493186878352
820.138,170.83292797369825
820.257,139.43818228120634
820.376,113.31533895302124
820.494,90.76101093174859
820.613,81.50827672617584
820.731,65.35411028429844
820.85,54.46832860174863
820.969,54.27794460659274
821.087,60.534699626863826
821.206,85.17220624770442
821.324,99.78213878755714
821.443,119.7358116436148
821.561,134.35950960596685
821.68,130.49462012532743
821.798,117.29033670529418
821.917,103.09817449738213
822.035,83.23588944435951
822.154,71.80678874117952
822.273,60.17163914646035
822.391,50.13189891563887
822.51,50.561349381194006
822.628,42.66212004446074
822.747,45.623360426560154
822.865,52.50156215535732
822.984,58.01622996113219
823.102,62.12536980202921
823.221,66.44600524295186
823.339,66.91250766463506
823.458,67.18325714882744
823.576,56.66852197350297
823.695,63.30315936920333
823.813,65.38837656854054
823.932,63.34261879190345
824.05,52.5789124014612
824.169,52.40947783314074
824.287,47.57877939161796
824.406,39.239788659189585
824.524,36.22209419556997
824.643,37.318756440271464
824.761,37.488708411216294
824.88,40.234864765837045
824.998,35.9984980793874
825.117,47.2884956145316
825.235,56.45220608941718
825.354,62.79543368527503
825.472,62.767744453581315
825.591,58.474203234702756
825.709,56.201914722025535
825.828,56.7914710973409
825.946,47.60054857712602
826.064,51.22165633029325
826.183,56.059625655679284
826.301,58.296112146546776
826.42,59.966364871180375
826.538,66.09462625382253
826.657,65.06617767975467
826.775,70.2178156857733
826.894,63.66908831440949
827.012,58.1300361922661
827.13,46.5052677039473
827.249,33.28739455530263
827.367,21.91160145711445
827.486,16.714646296011217
827.604,12.437945339999445
827.723,22.81804942893985
827.841,38.06543185333536
827.959,59.23607576797202
828.078,70.24273081500746
828.196,81.54463333647023
828.315,93.72978827378213
828.433,110.03009472624566
828.552,122.01438386269183
828.67,123.53460373506874
828.788,121.96045131307346
828.907,114.28240278718201
829.025,84.8431287718735
829.143,58.87198213011216
829.262,37.15362312371799
829.38,18.491135585888607
829.499,0.8793410016965124
829.617,-12.086616505965306
829.735,-16.141413279723597
829.854,-11.584655180106784
829.972,-12.05314195914747
830.091,-3.6940573013205364
830.209,16.47064812578383
830.327,29.645485010043267
830.446,40.23979867220498
830.564,62.300999022604415
830.682,78.93209437977245
830.801,95.78622175398183
830.919,96.69601419864318
831.037,83.23020353266288
831.156,69.33006724395693
831.274,47.95915274074363
831.392,20.969211991617684
831.511,14.011931571111662
831.629,8.44615406851039
831.747,7.037573432357641
831.866,3.0305703876283894
831.984,-0.438945149291043
832.102,3.609685655784459
832.221,3.4627216542589485
832.339,1.4264338512658288
832.457,13.428684162310427
832.576,17.075159884509443
832.694,18.210678728542323
832.812,14.211836678951345
832.93,13.178300255617165
833.049,16.794568702658218
833.167,6.25890417598138
833.285,2.9962600025165385
833.404,5.023075633887369
833.522,4.460152941836164
833.64,13.517671304037789
833.759,9.811845562720409
833.877,14.78776343960535
833.995,20.745655280769675
834.113,24.131565277841688
834.232,36.228813367766335
834.35,40.24189389282935
834.468,48.30110170753508
834.586,61.903031447006526
834.705,59.01778330081102
834.823,58.667556639919354
834.941,50.597981554049966
835.059,44.514024748429705
835.178,25.29678374994335
835.296,10.925832011480653
835.414,1.3220065545385085
835.532,1.5941218174107972
835.651,1.957157977267169
835.769,2.475978769621481
835.887,7.821757657176876
836.005,23.75260883569863
836.124,33.370090093080144
836.242,50.184498026911385
836.36,57.58302824028486
836.478,70.10939146086776
836.596,83.2783527973354
836.715,76.40871867152586
836.833,76.09492870156048
836.951,92.38113873159519
837.069,105.0508985451797
837.188,115.7708748089808
837.306,135.57396795589887
837.424,150.85325157900752
837.542,154.77063044021148
837.66,151.6637668771732
837.779,148.27638383361545
837.897,144.91584061689755
838.015,135.4678515127336
838.133,129.34886673757384
838.251,140.0099685425005
838.369,144.12475000110692
838.487,144.68195570213766
838.606,158.04781941182674
838.724,163.200696108529
838.842,166.06785851951724
838.96,163.4943282898131
839.078,159.76235650166745
839.196,158.15938904252607
839.315,155.53131335827652
839.433,148.89025066103994
839.551,147.68728320189862
839.669,146.02803868648022
839.787,152.77398897625665
839.905,160.60651935261322
840.023,167.67627916619924
840.142,167.0300216637678
840.26,162.44090701847927
840.378,160.59897852037682
840.496,158.0133270785514
840.614,154.17832498737533
840.732,160.96323631611273
840.85,164.1403554370578
840.968,167.97548321601158
841.087,175.47641186076623
841.205,171.96175608993673
841.323,173.51982759183437
841.441,174.15235796819093
841.559,178.18142514108425
841.677,183.11698582047092
841.795,188.4179144652254
841.913,197.77685176798843
842.031,212.08037781534023
842.149,210.47827615706444
842.267,217.6692480918622
842.385,232.32428929072927
842.504,239.30400581427176
842.622,242.41272666681868
842.74,246.35607955399774
842.858,247.24142378316822
842.976,240.94148662705737
843.094,231.4675234969207
843.212,228.61087638409998
843.33,225.76028987733997
843.448,222.14606700694358
843.566,222.73270993741312
843.684,225.4899156384455
843.802,233.872229564586
843.92,236.5532447894279
844.038,248.78923836924812
844.156,256.43821896205526
844.274,264.1469398146027
844.392,270.0054442169336
844.51,275.9254204807364
844.628,271.15795085709345
844.746,263.187883830853
844.864,249.21868260547856
844.982,245.19839912902174
845.1,229.49846197291126
845.218,217.58900100727695
845.336,200.52629328839572
845.454,187.38826089418973
845.572,170.05196010171528
845.69,149.210031603613
845.808,127.51615505356267
845.926,124.15214863338258
846.044,104.44268766774813
846.162,105.19210116098817
846.28,96.28462183572253
846.398,83.86075125719579
846.516,79.64423674923795
846.634,63.57977631632883
846.752,51.15263688188659
846.87,34.89719281711696
846.988,26.642763701241936
847.106,29.632823162359816
847.224,23.303757237889503
847.342,12.307742458441613
847.46,9.482254822246826
847.578,3.7529504280029524
847.696,-0.07378075071432799
847.814,-6.663856649853221
847.932,1.0407242409546804
848.05,0.2606337678401398
848.168,2.35786764489906
848.285,6.5587201373964
848.403,6.579940730730522
848.521,12.50982806869885
848.639,15.686773256530229
848.757,28.780608632745373
848.875,41.98444791222541
848.993,52.69365335485265
849.111,66.019833006212
849.229,82.16933291047138
849.347,90.40630226430594
849.465,107.4117333307488
849.582,114.1112905210735
849.7,125.50002520057575
849.818,136.33464732596528
849.936,139.0601785422637
850.054,138.35627252912485
850.172,143.2385137021331
850.29,151.17270292708952
850.408,159.0064592516133
850.525,169.78740172332365
850.643,170.77440480109473
850.761,169.6575117749696
850.879,167.3181079263336
850.997,163.4358469348403
851.115,158.56397555373658
851.233,149.78474486527344
851.35,150.4314882027843
851.468,156.34749560955936
851.586,155.44358959642094
851.704,159.80375284735157
851.822,186.79941393378004
851.94,214.18901441414795
852.057,237.77342008932112
852.175,265.02276082942933
852.293,304.25738295481904
852.411,335.72057650878025
852.529,364.1326878116593
852.647,385.8764008461401
852.764,420.24435630486335
852.882,443.6123117635868
853.0,460.71100315304597
853.118,471.10926164207234
853.236,480.58803961161834
853.353,487.03391714826404
853.471,478.5109635160785
853.589,467.29536919125223
853.707,453.3126752993265
853.824,439.79231906973837
853.942,420.55940872759584
854.06,399.77325163220644
854.178,380.5896919394145
854.296,365.68232272281296
854.413,344.0087197399777
854.531,318.91520333722906
854.649,283.44419775699146
854.767,251.80522680878852
854.884,216.21041170474138
855.002,177.9697091548068
855.12,143.89870357456923
855.238,120.05540362203729
855.355,103.34630280370448
855.473,84.01079694613159
855.591,61.61110047726606
855.708,49.41252973557349
855.826,37.464543600800845
855.944,18.559126091073328
856.062,6.709099130102239
856.179,-9.171038877245786
856.297,-19.950272137529073
856.415,-24.18105529619519
856.532,-28.064975281728923
856.65,-27.92282061278392
856.768,-30.730124255291827
856.886,-36.00732755961169
857.003,-39.90242612068161
857.121,-46.23481087429933
857.239,-48.27560011423841
857.356,-43.062315296811164
857.474,-42.65050089437252
857.592,-42.26664496837978
857.709,-37.201289946804096
857.827,-28.633874424610674
857.945,-22.891074899205115
858.062,-17.300610035862025
858.18,-11.19907451576303
858.298,-6.684377701255603
858.415,-3.2680885006380853
858.533,-1.799560986396224
858.651,6.361569063800758
858.768,13.194909634913438
858.886,16.20636987886529
859.003,13.724409133867546
859.121,9.469761886719775
859.239,7.613689216497873
859.356,5.648804895851196
859.474,4.08094941966376
859.592,4.827061757980708
859.709,-5.356239081131153
859.827,-6.5603400864086225
859.944,-14.642646040464808
860.062,-18.446619742360234
860.18,-18.779494437020766
860.297,-13.867573440325131
860.415,-9.382261802806454
860.532,-9.343391535273796
860.65,-19.509409856016987
860.768,-16.176062758569305
860.885,-17.1816040765783
861.003,-13.353000411065533
861.12,-4.5432187301055995
861.238,7.654910309159083
861.356,8.322588956168504
861.473,12.62982407441266
861.591,15.752238023417227
861.708,17.231888589314813
861.826,20.1940271714946
861.943,20.200337518583275
862.061,16.850144527942625
862.178,11.840771261016535
862.296,-4.427606776937391
862.414,-0.9944990913973839
862.531,0.7487772879157149
862.649,3.7821404598438537
862.766,12.375161109293076
862.884,19.400936888391385
863.001,16.05118266749696
863.119,14.929668610696545
863.236,1.8802573168945225
863.354,9.43163292099527
863.471,3.660876333737279
863.589,3.8354748675229047
863.706,4.466393840849494
863.824,9.401450019418942
863.941,18.04137977119792
864.059,22.354954901470713
864.176,19.887296627779527
864.294,23.665661695250947
864.411,19.465218188122474
864.529,17.575432013756263
864.646,13.623399987468835
864.764,19.741194712822423
864.881,31.763914315756203
864.999,39.434225850753855
865.116,55.44614578038097
865.233,70.48072951999282
865.351,81.33721368483975
865.468,90.41998080503696
865.586,88.48791877177658
865.703,95.68486106752027
865.821,92.93461721607767
865.938,93.4475768278385
866.056,96.12936760843033
866.173,95.69947007733371
866.29,101.56567644234099
866.408,109.58772696319227
866.525,105.00111947538554
866.643,109.76083233389923
866.76,108.01145428332214
866.878,108.34432731499604
866.995,99.3741700436396
867.112,90.68886125713168
867.23,95.40441827148959
867.347,102.63859000446232
867.465,105.4796881443615
867.582,114.55888152235596
867.699,122.51339957567514
867.817,127.20817736925392
867.934,130.14797680785418
868.051,132.8652654239435
868.169,147.05528131275997
868.286,161.98122793750707
868.404,172.059555514635
868.521,181.40834008642588
868.638,186.01636296729043
868.756,193.92360203799856
868.873,199.77793337258825
868.99,220.40273359443614
869.108,243.23609794163764
869.225,264.254649790816
869.342,281.4263545099367
869.46,312.9105194583069
869.577,335.844644668779
869.694,352.7393406812239
869.812,358.6869323276158
869.929,373.0752166147005
870.046,381.57518921347355
870.164,380.2924778295627
870.281,374.53530757119324
870.398,379.68203341672006
870.516,372.6486726821604
870.633,361.00751973980863
870.75,343.5031633342534
870.867,329.6905818204731
870.985,324.7680435967359
871.102,310.88706381455717
871.219,293.27794550423994
871.337,281.1121172372129
871.454,265.97226299616
871.571,253.68695420965255
871.688,231.2051086266083
871.806,212.73625005655106
871.923,192.74444776355
872.04,166.36563248353602
872.157,149.8205834372883
872.275,135.46514478065114
872.392,126.54520395951181
872.509,120.49885621196572
872.626,111.24211885403014
872.744,102.97758928830243
872.861,93.30180431131944
872.978,83.15329206160928
873.095,82.47490968202904
873.213,73.24241474833627
873.33,63.020161556363405
873.447,45.95169898301782
873.564,33.04509144156751
873.681,23.61034709569654
873.799,17.029609445725256
873.916,17.365853114648296
874.033,15.20292702369913
874.15,15.989049392729305
874.267,5.052528018088115
874.385,0.5997451408717431
874.502,-6.999313678285281
874.619,-6.853694270872553
874.736,-6.025547162148745
874.853,-2.813636520885015
874.97,-7.252858347058587
875.088,-6.493086078178878
875.205,-8.525832330018034
875.322,-0.5565820461490096
875.439,-1.4068832935062943
875.556,3.1146327063782535
875.673,2.57003213391244
875.791,3.6556175140524347
875.908,3.3648422928032202
876.025,-0.1912824395876278
876.142,0.2979295562465267
876.259,5.0211209346618775
876.376,5.309125177881036
876.493,-2.8307892169609605
876.61,-7.776882698846862
876.728,-6.108240443838371
876.845,0.5235837641842898
876.962,-1.2436750971659771
877.079,4.685208770345816
877.196,8.978553783614647
877.313,5.302233811009665
877.43,5.405295317262105
877.547,4.241087968763182
877.664,0.2989890930392276
877.781,7.127253916696466
877.898,13.775306635549914
878.016,12.822810882792353
878.133,13.025579631019806
878.25,10.820904616672518
878.367,18.22211349148963
878.484,12.536069663030712
878.601,5.302278208012243
878.718,10.796636880231762
878.835,7.363492745725363
878.952,-6.173869804548925
879.069,-2.0084725375986974
879.186,-5.581341891226418
879.303,1.497395173122472
879.42,-5.392140661098431
879.537,-4.691454164210513
879.654,-0.46116443231647253
879.771,-11.77929350001628
879.888,-14.50434942974396
880.005,-16.75301833160648
880.122,-17.69329468038795
880.239,-17.325178476088386
880.356,-15.648669718707783
