wavelength_nm,intensity
792.446,179.07467586983466
792.565,167.92376677892554
792.684,156.7416888568476
792.803,145.5284421036008
792.922,134.2840265191851
793.041,118.8840265191852
793.16,106.03207846723714
793.279,102.89614773130637
793.398,96.8424680776267
793.518,97.65112608628468
793.637,112.75329058844919
793.756,135.74290097805965
793.875,151.5809962161549
793.994,163.83294426810295
794.113,165.93337716853577
794.232,160.8381390732976
794.351,142.0286152637738
794.47,119.25718669234521
794.589,105.99225162741018
794.708,99.70220833736695
794.827,96.9013425365012
794.946,94.91952435468303
795.066,87.74809578325444
795.185,90.91865855381724
795.304,92.89701353217222
795.423,96.20177543693416
795.542,103.12731656247524
795.661,96.0459312810899
795.78,91.66844210360077
795.899,85.10826894342756
796.018,78.65199188715049
796.137,80.35761959277824
796.256,87.14463257979125
796.375,94.61562825078701
796.494,89.01909302819476
796.613,76.83006036380971
796.732,60.07456511359764
796.851,53.802828040270754
796.97,53.347614675025405
797.089,48.81631679844361
797.208,51.31522510575837
797.327,55.73948473310156
797.446,57.80945889386709
797.565,65.0227338268952
797.684,70.37822269170071
797.803,81.09183110681676
797.922,87.34058866453515
798.041,85.80910276283328
798.16,67.4203356392884
798.279,56.13045302686854
798.398,46.44650968980062
798.517,44.297445094565916
798.636,50.61330418912098
798.755,62.15813783579826
798.874,71.47459155589499
798.993,82.51940336517058
799.112,82.63591790292264
799.231,90.21390430214652
799.35,81.27561676670949
799.469,72.00936178222972
799.588,67.29645907096385
799.707,63.208211288776916
799.826,56.59118541042324
799.945,50.449637650508805
800.064,52.71875772876601
800.183,54.82105937613225
800.302,53.05685652522602
800.421,54.623622701780036
800.54,65.88258255714678
800.659,68.71221524018907
800.778,77.21041889944436
800.897,80.69018167879601
801.016,85.27124315944631
801.135,85.27741286520492
801.254,92.84462153200234
801.373,93.86637565334507
801.492,98.84051072706842
801.611,96.4129141990601
801.729,106.92990641564057
801.848,108.77763456295699
801.967,100.13618522109593
802.086,93.2367272212262
802.205,84.36902791606055
802.324,67.36362830423994
802.443,46.94608853053556
802.562,28.290155158779292
802.681,17.165649346088916
802.8,4.246773466039885
802.919,-5.65471628347392
803.038,-7.96896287425189
803.157,-16.037422663873727
803.276,-19.046351675056435
803.394,-25.375320778130227
803.513,-34.31713047054344
803.632,-44.21292525594189
803.751,-52.324206966335616
803.87,-51.20859988940307
803.989,-49.17754973360479
804.108,-47.81868736341745
804.227,-38.5610173235386
804.346,-34.16875439425326
804.465,-31.76929053340541
804.583,-32.659862928777905
804.702,-35.63007544328063
804.821,-33.77459443448423
804.94,-36.326240222577155
805.059,-40.883155162242744
805.178,-37.15370989591513
805.297,-28.381877274343918
805.416,-12.653381287381432
805.535,-5.051495019189179
805.653,-1.8103421867407858
805.772,3.344224558635327
805.891,7.785264281330242
806.01,0.29122407295666886
806.129,9.079117994538468
806.248,27.64125093648309
806.367,47.475753708122845
806.485,60.69992380564837
806.604,75.83387600936824
806.723,89.91914263094327
806.842,105.19089218476938
806.961,99.54905030619915
807.08,103.18253310295341
807.198,108.21688170057335
807.317,102.79149003845316
807.436,99.91761352784813
807.555,97.52339069689668
807.674,91.66856180533898
807.793,95.86914416919251
807.912,97.08877415209366
808.03,112.51100153759229
808.149,135.97045836032044
808.268,156.6818632349968
808.387,182.69456681097208
808.506,190.15229203196895
808.624,189.0030908460393
808.743,182.97683338305336
808.862,173.16616033565177
808.981,158.2749678077309
809.1,149.98897008500472
809.219,146.20080786011403
809.337,135.7329919555697
809.456,117.80197258782187
809.575,104.37744672656754
809.694,93.79361350600585
809.812,88.16216123782496
809.931,84.24845788739302
810.05,96.88453808674441
810.169,109.44183040730789
810.288,116.30821363696231
810.406,123.43953193155178
810.525,121.93708399237512
810.644,125.96364038220273
810.763,136.41097599280945
810.882,144.9561471012517
811.0,159.7610584694341
811.119,171.2733291449758
811.238,182.25486388978157
811.357,182.16800036618903
811.475,178.74866931012912
811.594,182.15098327571417
811.713,192.40957429757634
811.832,199.19024324151653
811.95,201.90251391705857
812.069,209.1420573198734
812.188,216.12099466208218
812.307,218.83759434195338
812.425,221.0598217274524
812.544,223.92533915624148
812.663,229.041938836113
812.782,228.99576795321397
812.9,221.70717282789082
813.019,228.11468159867155
813.138,224.78972283698482
813.257,231.50891991945406
813.375,231.9553897291961
813.494,229.65121018828899
813.613,232.4240869244381
813.731,225.28700695063048
813.85,225.99148541838116
813.969,229.1271327173006
814.088,228.81169776513775
814.206,235.75080826752043
814.325,243.4760659560502
814.444,245.9666916099479
814.562,254.46337786990586
814.681,260.27694724674694
814.8,265.820386753458
814.918,260.7828738792169
815.037,259.8405991002138
815.156,243.67927670216315
815.274,229.3092962954545
815.393,210.92546307489306
815.512,204.80569911840072
815.631,209.1690520450253
815.749,207.60513224437705
815.868,206.46545486797123
815.987,208.8902796560676
816.105,205.4588273878868
816.224,201.87585996819087
816.343,199.13185358745608
816.461,193.0120896309637
816.58,181.79362437576998
816.698,164.31715046256755
816.817,145.3869968956855
816.936,124.46550133746157
817.055,110.41846465369659
817.173,98.6043284028321
817.292,88.66898003075562
817.41,81.65224637729392
817.529,81.44676813508772
817.648,80.14481722774002
817.766,81.65869658200197
817.885,77.40355654902768
818.004,77.15472934848779
818.122,73.19277202494469
818.241,75.02727597166205
818.359,80.31461584835343
818.478,88.50037382360688
818.597,99.86125476847766
818.715,114.05355284116229
818.834,125.47525933525444
818.953,135.74788359993573
819.071,141.2043126005396
819.19,143.53395664313825
819.308,140.9909306872193
819.427,142.0814020444566
819.546,161.79841114661036
819.664,191.932920879371
819.783,216.81207760146108
819.901,232.75221812490355
820.02,230.71764761016934
820.138,206.11982204717486
820.257,175.0727335152812
820.376,133.96147322276892
820.494,105.38218110950913
820.613,88.63381777068254
820.731,74.76444272492748
820.85,68.57016239187641
820.969,78.38214307916944
821.087,91.82851574435885
821.206,111.305371665905
821.324,126.19667586308941
821.443,141.3849497572436
821.561,141.17322365139776
821.68,134.8264326104872
821.798,119.05453334446845
821.917,109.02375961957532
822.035,96.97999888169515
822.154,84.25424442678371
822.273,78.32572099246181
822.391,72.52005770656915
822.51,56.65916642402175
822.628,50.93721633341575
822.747,48.600035729420725
822.865,53.02130248897049
822.984,63.145834114553
823.102,73.708635353258
823.221,85.77595699081132
823.339,91.79645597426355
823.458,90.91746512417791
823.576,80.22903662634711
823.695,73.31024765702757
823.813,65.02566043632177
823.932,54.973233842036784
824.05,47.27748686176207
824.169,50.61986418249499
824.287,52.864945777458324
824.406,50.663289142252516
824.524,38.68193952323891
824.643,38.37375081702965
824.761,38.732875525518935
824.88,40.304504076103804
824.998,39.02156451756913
825.117,47.8338891553866
825.235,54.89381286640155
825.354,65.16467058974416
825.472,71.68892311223024
825.591,74.5261190979129
825.709,86.7274250451105
825.828,92.37956145246345
825.946,82.31043052456158
826.064,74.67593163129162
826.183,69.56004745663623
826.301,74.80087323869077
826.42,66.51551670028896
826.538,56.28715328172966
826.657,61.761897784215634
826.775,58.036896436212956
826.894,52.00990562271717
827.012,45.912788573508465
827.13,41.93233933751064
827.249,47.964851720044194
827.367,37.72742958386773
827.486,35.59338147565694
827.604,35.417706487831836
827.723,34.168904284641016
827.841,40.62490343782213
827.959,49.29707577092901
828.078,65.87718574532956
828.196,90.4572591265393
828.315,106.82569908584713
828.433,125.04695289796896
828.552,135.33314177502592
828.67,131.33967697242917
828.788,125.97738100100113
828.907,111.10253091701915
829.025,93.00034813275883
829.143,71.35897454091973
829.262,41.51428665558055
829.38,15.480799129653942
829.499,-1.722675668398407
829.617,-18.39081089672159
829.735,-23.070251875043375
829.854,-21.19410547822189
829.972,-7.999344727285566
830.091,2.2140311529908216
830.209,18.71052629049172
830.327,34.531629742494125
830.446,49.89711215756439
830.564,69.70266567802608
830.682,80.32692708481818
830.801,85.25190344715625
830.919,86.2738495064639
831.037,77.08627175624785
831.156,71.83895374629154
831.274,57.29773843653504
831.392,33.85273890372497
831.511,30.96351512772555
831.629,20.436999574824704
831.747,11.461966005488728
831.866,13.83245179757738
831.984,15.394199194746225
832.102,21.06222066967444
832.221,15.415147031508935
832.339,3.048014855607036
832.457,4.013224150423548
832.576,-1.9316120498908784
832.694,-8.25357707058682
832.812,-3.29305396885494
832.93,-8.706321398749369
833.049,-8.268428653164813
833.167,-10.24474648576003
833.285,-2.3860980579935154
833.404,8.993289134523646
833.522,18.861441012601567
833.64,21.604766743697844
833.759,19.758429793698355
833.877,11.535874354987627
833.995,19.44371029845323
834.113,34.67755461309312
834.232,56.41177639878548
834.35,65.85985718375059
834.468,72.70675968054749
834.586,75.7290143227714
834.705,64.95322628965201
834.823,53.73968320902867
834.941,47.97124122221824
835.059,40.90928701574465
835.178,29.494608364441007
835.296,15.251670040928545
835.414,7.549073826968434
835.532,7.575493283505059
835.651,6.312473941577225
835.769,8.59745815966994
835.887,19.455414660117015
836.005,34.40186403438085
836.124,48.98081852230881
836.242,66.61148398581871
836.36,77.84320202754303
836.478,85.21706031436742
836.596,93.94595813110453
836.715,99.40559187857774
836.833,105.02626458708995
836.951,118.7309199795848
837.069,134.27453641104057
837.188,146.33070695505046
837.306,154.80505931724213
837.424,166.04304804307012
837.542,175.894023781885
837.66,178.748462724163
837.779,176.1838540473933
837.897,174.94132329270153
838.015,174.4338574730746
838.133,172.91427044132638
838.251,169.52022453511924
838.369,171.33483663757
838.487,170.72174311231498
838.606,171.32769720610753
838.724,171.56308852933728
838.842,177.57164002572728
838.96,181.16200970393547
839.078,182.92467375443812
839.196,179.87521659281958
839.315,178.79459060003228
839.433,177.13734123062153
839.551,169.9138580949771
839.669,169.67046153941914
839.787,178.22446758126375
839.905,179.43388487851945
840.023,178.8147307472036
840.142,173.51938613969725
840.26,167.48551339366264
840.378,165.17804757403485
840.496,153.13811422193965
840.614,160.55186052352417
840.732,167.4790267385286
840.85,171.684980832321
840.968,177.00435483953345
841.087,179.92372884674603
841.205,175.6102024210581
841.323,182.69667599537001
841.441,185.7675651540975
841.559,194.89126816563888
841.677,204.4227633849723
841.795,217.37157462162168
841.913,229.68488802277324
842.031,237.96270358842693
842.149,239.3019910155525
842.267,247.5477719491715
842.385,249.34939703863466
842.504,247.8653078423836
842.622,255.61152167643553
842.74,263.3213718741237
842.858,262.2840359246257
842.976,256.8925874210151
843.094,256.1305761468416
843.212,251.25860816271134
843.33,244.92083931278017
843.448,246.2246289044075
843.566,244.12408949170572
843.684,248.39497865043262
843.802,254.08058642387806
843.92,260.5523413834708
844.038,276.89768941665665
844.156,289.9001803069853
844.274,300.4178227124655
844.392,308.35970754218795
844.51,307.45570492602303
844.628,304.47464603280184
844.746,298.305708351702
844.864,282.2389351727667
844.982,270.434499656169
845.1,251.56859227809943
845.218,232.68796628531112
845.336,203.58915847434108
845.454,188.13796971099018
845.572,174.04089350175195
845.69,159.08754023623703
845.808,142.12119995773537
845.926,135.836244960619
846.044,120.93830295051535
846.162,111.44815314820374
846.28,93.88614187403044
846.398,84.36243056840004
846.516,71.61609612426344
846.634,54.66259936072661
846.752,37.31135267360298
846.87,27.925512138755803
846.988,18.413138093257764
847.106,14.471952022672014
847.224,14.716454340063512
847.342,10.953873174864075
847.46,8.408178935830424
847.578,5.058671603162192
847.696,-3.1239223327055057
847.814,-4.52256961421315
847.932,-7.277169696307234
848.05,-9.715974105956159
848.168,-2.7773427127022043
848.285,4.405334834962549
848.403,9.902364551884135
848.521,22.399309797304493
848.639,34.12165767542804
848.757,51.8724559730294
848.875,60.54441585997452
848.993,74.03615779972002
849.111,85.72540029397783
849.229,99.69838312573395
849.347,103.8343804019351
849.465,124.86215256991119
849.582,136.6847299326924
849.7,141.4631514513179
849.818,142.50737383574432
849.936,146.30744037601477
850.054,147.74300475178296
850.172,151.26947821846008
850.29,153.28166597085152
850.408,164.40987103926005
850.525,167.82811939771182
850.643,164.06801277780875
850.761,166.4109364609361
850.879,164.51230170250508
850.997,169.20847213887936
851.115,164.96438283499398
851.233,167.71856192937707
851.35,173.24936440038348
851.468,175.59228808351105
851.586,182.18369661512338
851.704,194.47467224630282
851.822,209.38296389479825
851.94,236.64969710173517
852.057,265.92595411819593
852.175,296.79355312599864
852.293,336.6498967225458
852.411,365.7703095831622
852.529,395.7158306688869
852.647,428.0405725338324
852.764,456.35405898752254
852.882,478.905640679308
853.0,490.2381747520458
853.118,498.8823971364719
853.236,509.2694766637551
853.353,514.8297163641985
853.471,508.06181753650355
853.589,501.6298494447394
853.707,485.55632291141706
853.824,466.6256535209518
853.942,442.4239884594906
854.06,423.9573883330944
854.178,406.2518271677372
854.296,390.26141751753164
854.413,367.65022864654696
854.531,342.75505709157983
854.649,308.0503617270888
854.767,271.35345857038993
854.884,234.7041744613101
855.002,198.24709814443818
855.12,166.85495689250135
855.238,135.78575936350825
855.355,117.40227612022943
855.473,94.32462278365557
855.591,65.73453676767915
855.708,44.943676785755024
855.826,23.577753200182322
855.944,13.026263979595358
856.062,3.6715021187984256
856.179,-2.5883106254020793
856.297,-6.34245102338402
856.415,-14.399731442991829
856.532,-18.697140158286388
856.65,-25.61994313684489
856.768,-35.45017094628837
856.886,-38.42085055276105
857.003,-43.84477968407893
857.121,-43.49000647603678
857.239,-47.769179047336
857.356,-49.18602961068653
857.474,-47.05104578100049
857.592,-46.903321329844275
857.709,-34.82495116343336
857.827,-27.34958695634426
857.945,-19.72967005807463
858.062,-8.842618193018225
858.18,-6.186859899763486
858.298,-4.469718905649007
858.415,-3.1093824172049134
858.533,2.2452846381695215
858.651,6.9026419616978725
858.768,7.549554441642826
858.886,13.421214787651056
859.003,19.31586692268491
859.121,13.178384141593341
859.239,6.8926943643272
859.356,-1.2934836875951108
859.474,-5.779903559604598
859.592,-14.476614901634496
859.709,-17.080214473104327
859.827,-14.688719737572667
859.944,-16.945529412714386
860.062,-22.094426630199735
860.18,-20.35952649435436
860.297,-17.090620026265476
860.415,-14.050713880738357
860.532,-12.70174576126676
860.65,-14.744554624210043
860.768,-11.445069225174862
860.885,-10.348392468962224
861.003,-1.140558205464349
861.12,4.791949407753664
861.238,13.13196142738088
861.356,12.247442996275803
861.473,10.864715911321909
861.591,10.575408262952879
861.708,16.51827253508977
861.826,16.561797553830274
861.943,20.891149709631193
862.061,11.252823104062578
862.178,9.25863761490104
862.296,-4.270976812154966
862.414,-7.360441566934201
862.531,-1.7784788513114353
862.649,2.316950689536771
862.766,6.465853350912079
862.884,9.772769946432245
863.001,6.2323026077354795
863.119,3.3933054411395824
863.236,-1.5020540918027456
863.354,-0.043926214264707664
863.471,3.2375506914321552
863.589,5.646080543416094
863.706,15.440337703183568
863.824,20.421135947073587
863.941,29.019972412127697
864.059,30.86689298324108
864.176,33.527684067017944
864.294,34.533460728551866
864.411,30.846043011968877
864.529,22.118836537833587
864.646,25.78223699481329
864.764,26.575164573959597
864.881,29.620065128048758
864.999,34.29666354454041
865.116,44.02122564819573
865.233,56.5792030913027
865.351,67.33904299366873
865.468,76.08375338372612
865.586,92.84491399023365
865.703,106.08313087379744
865.821,106.9187503547638
865.938,117.81064689200713
866.056,120.75795468466185
866.173,113.28275165480557
866.29,116.16945338685403
866.408,116.63104689379432
866.525,113.01991312800725
866.643,109.59925555269629
866.76,101.8253512241386
866.878,105.25231269644661
866.995,102.3251616146421
867.112,95.75558629041328
867.23,99.65700663718016
867.347,116.39046161598179
867.465,124.14469581556261
867.582,127.64092135713483
867.699,122.19428975585001
867.817,123.19181399872093
867.934,127.41790967016328
868.051,131.36175425935454
868.169,134.28481962776647
868.286,148.39056897886235
868.404,153.68939192303182
868.521,166.8055308845173
868.638,174.22729755163047
868.756,195.2161637858431
868.873,219.36347157849707
868.99,244.53415599452768
869.108,264.9931520988697
869.225,280.47725642831983
869.342,297.20724820365734
869.46,326.88529192704675
869.577,345.9858464729472
869.694,368.67427980672653
869.812,376.6622802400731
869.929,384.9515793747185
870.046,393.69802136650696
870.164,389.0773637911959
870.281,388.49999625917485
870.398,393.2499014544266
870.516,387.8690707189426
870.633,381.5921360873548
870.75,371.1957209362862
870.867,365.23999842591036
870.985,357.5483451796037
871.102,340.1138347904398
871.219,329.24555816750967
871.337,317.9971949644929
871.454,307.2838966965412
871.571,288.12124777923884
871.688,267.38543868877605
871.806,243.98815773684146
871.923,219.35711055114058
872.04,196.42909366846993
872.157,175.33830622302867
872.275,159.17998631005483
872.392,153.60175297716773
872.509,138.7577187784799
872.626,124.92407419018159
872.744,123.03155514300883
872.861,117.09834345514363
872.978,103.8136166157633
873.095,94.8734785209717
873.213,83.54199843483809
873.33,71.38627592446221
873.447,50.37451548946538
873.564,34.448887119656206
873.681,34.446500486172006
873.799,32.496935199510425
873.916,24.895563854708733
874.033,18.972707966608546
874.15,18.680576175328447
874.267,8.67088539786724
874.385,-7.792705616053562
874.502,-20.492188586730574
874.619,-17.955736828026588
874.736,-13.910539106470086
874.853,-12.962109711851301
874.97,-16.566687616737273
875.088,-6.203228462790349
875.205,-7.939424201743757
875.322,-7.372640701252155
875.439,-9.219198794546195
875.556,-7.929426331504301
875.673,-2.8964175821323597
875.791,3.6365207359657656
875.908,7.234639479595311
876.025,10.943958919542652
876.142,9.86832028290733
876.259,16.331709192045416
876.376,8.487298073332203
876.493,-2.9435054400675322
876.61,-7.12802638218185
876.728,-2.8161524839021794
876.845,-0.20815608095331584
876.962,-6.137094370115459
877.079,-4.385582610289383
877.196,0.36754958043142305
877.313,-5.291673508622693
877.43,-3.542210064726831
877.547,-2.0264644849970113
877.664,1.1965497799936733
877.781,4.990818522087165
877.898,1.1596510956404449
878.016,-1.218917119929455
878.133,-5.595250069853053
878.25,-7.242450009873656
878.367,-3.1849870855372595
878.484,-1.3479912102699825
878.601,-1.06037519192904
878.718,7.037836872179653
878.835,8.480769018275584
878.952,6.913393610109235
879.069,3.525466383155457
879.186,2.710776164310951
879.303,0.1148803259385125
879.42,-2.011343047763504
879.537,-7.73585452729777
879.654,-4.2113091966619915
879.771,-5.661923851425515
879.888,-9.841990547170937
880.005,-11.688734547698255
880.122,-13.420831437442704
880.239,-15.038281216404306
880.356,-16.541083884583056
