wavelength_nm,intensity
792.446,144.81379192211762
792.565,135.9307616190874
792.684,126.47240664073249
792.803,116.43872698705286
792.922,105.82972265804842
793.041,87.94487417319989
793.16,74.19941962774533
793.279,70.51543694376258
793.398,64.72409495242057
793.518,71.9630559913816
793.637,90.36651919484478
793.756,107.54573997406554
793.875,122.77777460610014
793.994,127.42019884852434
794.113,128.7621901905157
794.232,123.0955235238491
794.351,114.8530992814249
794.47,103.96911659744225
794.589,102.3717140000397
794.708,98.33881356713923
794.827,99.66522049354619
794.946,91.14660577493143
795.066,84.77084819917391
795.185,77.15180058012629
795.304,78.23838066670638
795.423,73.42539365371935
795.542,73.97690880523447
795.661,67.75353218185782
795.78,69.8721469004725
795.899,63.604614432940004
796.018,60.05223348055911
796.137,53.39941962774526
796.256,59.489462917788636
796.375,61.929289757615514
796.494,64.58296941129515
796.613,56.37351004675895
796.732,51.4084495492194
796.851,45.47419257037282
796.97,42.42351004294969
797.089,32.560820565996416
797.208,40.83786140054646
797.327,44.19608012552078
797.446,50.698211553104386
797.565,56.7160541018375
797.684,55.23311185645163
797.803,57.75386878265127
797.922,51.57867642626088
798.041,46.944479274844596
798.16,45.889105587619184
798.279,38.92139726558365
798.398,36.2239096689045
798.517,42.756832537037084
798.636,47.757156774383134
798.755,53.49538495086473
798.874,54.30857540046111
798.993,55.61960134789291
799.112,50.6518394165368
799.231,51.58104718215044
799.35,45.540557978067156
799.469,50.312189986105096
799.588,54.57559688591796
799.707,54.09441504114206
799.826,53.5266531097861
799.945,43.97726820541399
800.064,42.55416008824761
800.183,47.19611924873592
800.302,50.90572734045559
800.421,56.393513024267136
800.54,62.34635023671256
800.659,62.23957940213717
800.778,59.412332108014155
800.897,51.890041927455066
801.016,50.533119712264096
801.135,58.40563472651034
801.254,71.51018437279129
801.373,79.8346474389858
801.492,93.74785509392491
801.611,98.41171209951345
801.729,104.70500633453928
801.848,110.08574645701103
801.967,101.54787186086807
802.086,101.83856869329668
802.205,91.03597311723834
802.324,72.81213592020033
802.443,52.007147256398405
802.562,28.977260731813242
802.681,15.762595392352342
802.8,1.9012158477139756
802.919,-11.873971551030724
803.038,-9.0320084356922
803.157,-9.108020648936678
803.276,-10.55748957612082
803.394,-11.165396791271283
803.513,-13.973017547976859
803.632,-26.351975644797385
803.751,-36.549762835780584
803.87,-40.13646359124944
803.989,-40.60564936984646
804.108,-42.931713670883056
804.227,-32.11954790397412
804.346,-27.057312834355436
804.465,-22.942674695188778
804.583,-33.99245575993699
804.702,-25.913494155256252
804.821,-22.76455188242192
804.94,-29.298417161190006
805.059,-30.36475101132384
805.178,-20.94040507917658
805.297,-22.994544175065382
805.416,-18.54305720505007
805.535,-17.687249358653126
805.653,-11.850543462326264
805.772,-11.319877352344598
805.891,-10.56657324426185
806.01,-10.445279983132389
806.129,-8.018437337033053
806.248,4.0761480909653205
806.367,18.500691801912964
806.485,36.670975162785105
806.604,47.796895377266125
806.723,64.00724085437966
806.842,73.6986143561497
806.961,80.27240372573254
807.08,81.10766495678735
807.198,83.03470107961726
807.317,74.94615278686297
807.436,70.79873003523423
807.555,61.07468390698219
807.674,51.35063777872993
807.793,47.13827996216597
807.912,59.9570909767707
808.03,75.82265523812858
808.149,98.32198573325266
808.268,118.23516904222957
808.387,135.1734605763146
808.506,147.16023695888435
808.624,142.8093510037917
808.743,140.2913654815995
808.862,144.71796870399592
808.981,140.70907409089443
809.1,133.49152146913485
809.219,117.0757004491067
809.337,98.14039890959805
809.456,88.615486980479
809.575,65.91027984059934
809.694,59.07793906056316
809.812,64.416177450542
809.931,60.14344953646575
810.05,69.84310740417837
810.169,82.55344398948094
810.288,93.49669740713634
810.406,97.77515484697267
810.525,89.69236469509597
810.644,92.8381459717909
810.763,99.90254196710039
810.882,99.10719770266986
811.0,106.1239746503606
811.119,114.7191065764064
811.238,125.50644629465994
811.357,125.75006306919033
811.475,128.18242443246515
811.594,129.66067324162734
811.713,133.76662767849498
811.832,144.59206263484313
811.95,152.19065776435139
812.069,152.94509704970386
812.188,157.1220471575671
812.307,153.1959669624
812.425,153.7166400139862
812.544,146.46328709154642
812.663,141.12421988339247
812.782,150.33580202588763
812.9,153.6201114411102
813.019,153.9329922849043
813.138,161.71253979536493
813.257,171.52325613699446
813.375,182.77033611498769
813.494,184.0355979111627
813.613,178.65670386318192
813.731,177.40248513987632
813.85,170.92142658973097
813.969,164.1711039703215
814.088,163.97662550675614
814.206,166.54838080942463
814.325,167.03875083070784
814.444,172.5040126268829
814.562,178.56667702046082
814.681,191.2596444443419
814.8,206.36819628380755
814.918,199.64471349123878
815.037,191.39482377226304
815.156,181.44883015718335
815.274,163.11495775422463
815.393,152.037362407543
815.512,141.01258091367515
815.631,138.58693361894132
815.749,141.08942485234604
815.868,130.38412387795853
815.987,136.40176662651476
816.105,139.68694184260355
816.224,135.29246337903885
816.343,132.75253037001985
816.461,125.38922073762419
816.58,112.64928772860513
816.698,99.91281792304918
816.817,91.35210569325068
816.936,94.51087398293257
817.055,88.24865961384994
817.173,82.1955338365788
817.292,74.49805486991444
817.41,70.75083909981026
817.529,57.419205599586604
817.648,53.83247189621973
817.766,56.337133975242
817.885,66.4345286184041
818.004,70.85702387986507
818.122,76.04719896982994
818.241,78.9687872604204
818.359,86.42957375802598
818.478,87.01662788017367
818.597,94.35815435703364
818.715,90.34105689698526
818.834,97.45184182604694
818.953,116.5317361167393
819.071,171.1453930895645
819.19,265.4536430609619
819.308,362.68302862581044
819.427,444.11543945527205
819.546,472.32869553514513
819.664,444.68480768382915
819.783,380.29001219532313
819.901,292.68084657649024
820.02,224.04805207753978
820.138,179.16969945422693
820.257,147.09901092786043
820.376,125.93936396440517
820.494,99.76797652811176
820.613,86.08316917839848
820.731,81.51524494556838
820.85,71.60545805621243
820.969,69.33829821925907
821.087,65.2728783684204
821.206,76.80094332020049
821.324,88.60920743623356
821.443,99.1382290821582
821.561,111.4430166882234
821.68,119.5038512601109
821.798,107.87477122742061
821.917,93.14179509083452
822.035,72.8218059672356
822.154,65.98320212502192
822.273,58.366441225012366
822.391,60.27624390465898
822.51,58.192248195907396
822.628,49.17784585685772
822.747,42.44737302460802
822.865,40.1526532681164
822.984,38.52152572672904
823.102,44.140096192431955
823.221,55.22373278084612
823.339,63.698477861099974
823.458,59.2204218470593
823.576,55.15028965283334
823.695,57.63654224419692
823.813,55.180934281709405
823.932,55.08931822316626
824.05,54.004860734718974
824.169,60.29505567788793
824.287,54.7833258411643
824.406,51.14237250238705
824.524,50.47193967792532
824.643,45.11791405068365
824.761,38.33890830442216
824.88,32.74766382722791
824.998,33.4679421626412
825.117,37.96866876419509
825.235,47.29163862312034
825.354,51.84264086538447
825.472,53.93453580641804
825.591,46.28587032885406
825.709,43.95414632246488
825.828,42.139224195436896
825.946,43.303339746525694
826.064,47.649429840034955
826.183,47.924828011930906
826.301,44.04829155801395
826.42,41.1424352096425
826.538,35.39207400263446
826.657,29.66323057377022
826.775,28.82267604571725
826.894,28.025555426629573
827.012,26.86484177424665
827.13,19.385813594719437
827.249,9.531077794310985
827.367,4.959909451634289
827.486,1.9375423529721107
827.604,-3.071022428735599
827.723,9.109818759721046
827.841,24.537590905346732
827.959,43.99222810333568
828.078,63.85109979722644
828.196,68.3849009265162
828.315,82.79660053383138
828.433,94.09459511998324
828.552,94.0341481476938
828.67,93.32088732259064
828.788,92.21022390008491
828.907,82.11750853765507
829.025,70.1773299663434
829.143,45.86997484352378
829.262,24.451012543252613
829.38,4.007501976085839
829.499,-14.764158023718968
829.617,-22.049360505780747
829.735,-16.487652436347766
829.854,-17.177407630393834
829.972,-3.0705378739834384
830.091,6.125932357333731
830.209,8.900274525335021
830.327,9.06690240281424
830.446,17.137893045808283
830.564,28.278368312786668
830.682,36.16013749258935
830.801,43.28540636301604
830.919,44.53824850261626
831.037,39.79478269950714
831.156,29.195799074482885
831.274,15.063758094910296
831.392,5.2894858490073595
831.511,5.937116722649204
831.629,12.111789632064177
831.747,13.075531210739086
831.866,6.114856993387509
831.984,6.474091520039731
832.102,10.434815789162794
832.221,3.6105068767099198
832.339,-3.7741077472357945
832.457,-0.5959559036835056
832.576,-6.117734403338293
832.694,-8.719136482446842
832.812,-9.347634733339245
832.93,2.582093800163724
833.049,7.490827283848505
833.167,8.04906336321129
833.285,10.8403686451898
833.404,10.554392253716117
833.522,11.301316493894404
833.64,13.42036936597225
833.759,10.08523863282908
833.877,9.886967346937976
833.995,8.14236005709788
834.113,16.68162191941162
834.232,27.26436482086948
834.35,38.51638114900053
834.468,62.148542481778094
834.586,69.88067779330254
834.705,73.1139566249219
834.823,70.45576512141409
834.941,53.2104009826516
835.059,41.501156391908
835.178,30.830046152447302
835.296,21.427226863085494
835.414,25.078237172728663
835.532,20.991342385874923
835.651,21.34132718491491
835.769,24.7241442767949
835.887,14.847730852655689
836.005,27.790008099771704
836.124,40.523988265075765
836.242,54.98859286041217
836.36,77.17536246258614
836.478,91.28351456135869
836.596,99.84507043268525
836.715,101.87762197500736
836.833,103.89718650434233
836.951,115.665668782595
837.069,121.51034153703793
837.188,135.980122516589
837.306,151.10791215414886
837.424,161.68072343673037
837.542,162.81284207861938
837.66,166.14322911877684
837.779,173.3991572844754
837.897,176.68279107787953
838.015,173.36123006608847
838.133,170.04140065602897
838.251,159.9033894277876
838.369,153.54633058049842
838.487,149.1442500881877
838.606,155.33870639241385
838.724,162.46909343257093
838.842,169.22025969350722
838.96,164.61471599773358
839.078,160.24034113312882
839.196,155.08934289190063
839.315,151.69418880651637
839.433,141.4315022535997
839.551,139.0242269560943
839.669,137.4862157278529
839.787,144.8711482225553
839.905,141.6785915397685
840.023,142.13192230286927
840.142,146.45278553350258
840.26,149.20048859097568
840.378,141.7300098302672
840.496,137.38160899163665
840.614,137.16567568547367
840.732,141.8545042840728
840.85,141.47580041513942
840.968,141.84514849425813
841.087,152.1712065300867
841.205,152.79596586461673
841.323,157.40254338096503
841.441,158.75630704449947
841.559,160.2338802318436
841.677,155.7902412979759
841.795,154.0479010654072
841.913,158.0683313956091
842.031,166.41083964788902
842.149,171.54122668804771
842.267,189.14174359833612
842.385,200.77862414498804
842.504,206.88217135830655
842.622,210.17359735950373
842.74,210.23212292780062
842.858,212.3469255523746
842.976,213.3110788262992
843.094,206.03280785779953
843.212,200.77358450834754
843.33,192.3671750117095
843.448,189.05513780944375
843.566,189.33530839938578
843.684,197.9081196819688
843.802,216.11383139745237
843.92,230.9740885674815
844.038,240.59105569422067
844.156,253.48854230147953
844.274,256.3262886489982
844.392,258.83503066751246
844.51,261.3983181405722
844.628,267.98844544047176
844.746,264.77943854123714
844.864,255.2275744991452
844.982,248.37181435315716
845.1,232.7385650296801
845.218,209.97025077113832
845.336,181.74652525718543
845.454,159.3297261501589
845.572,140.38825171845707
845.69,115.11690715688493
845.808,108.0464283961785
845.926,105.38287604239846
846.044,105.75655312584792
846.162,108.33109601016326
846.28,99.37789995545637
846.398,88.71996420353189
846.516,76.70053598549103
846.634,56.88859720411617
846.752,45.263558837830765
846.87,29.365311494791577
846.988,22.721320567294903
847.106,12.850306746811468
847.224,13.000351816478906
847.342,12.137866626086865
847.46,12.785190249356575
847.578,9.10708241420826
847.696,6.146521863219532
847.814,8.428837113469678
847.932,7.3333471100830945
848.05,0.9895593662079429
848.168,10.741940626316163
848.285,9.864346132710654
848.403,10.122133949461002
848.521,13.024612318675402
848.639,16.875631326613373
848.757,41.848996839174355
848.875,53.1141151718371
848.993,65.73766582424123
849.111,78.91992702165268
849.229,84.50179801256891
849.347,90.8788576399721
849.465,97.20570081715903
849.582,103.3048383666405
849.7,120.6931534052996
849.818,127.69272385521428
849.936,135.41264062547526
850.054,143.40788207106078
850.172,146.9702230837458
850.29,150.82693639080304
850.408,149.62044623465675
850.525,149.1230469876014
850.643,148.80140531630377
850.761,149.40876797401043
850.879,154.34513496072142
850.997,162.08323354916374
851.115,163.10185161812538
851.233,164.2278289944462
851.35,163.17112238808292
851.468,157.13432920163314
851.586,155.34169185933928
851.704,157.95165191964287
851.822,170.6603132786478
851.94,183.40187507055316
852.057,209.53737625639783
852.175,232.80621077557578
852.293,260.5953916150999
852.411,288.5291611992127
852.529,316.14345026384484
852.647,342.4625012332387
852.764,368.2603400814205
852.882,389.56813563955916
853.0,410.61013033189704
853.118,420.0919518640618
853.236,430.29325391570717
853.353,441.349101421898
853.471,443.1521350752751
853.589,433.56555833904184
853.707,418.3607997846269
853.824,398.616647290818
853.942,383.67812250263665
854.06,374.123147498005
854.178,353.9387352639362
854.296,334.5378728134172
854.413,317.33787616376384
854.531,289.9465375227683
854.649,261.71537204194595
854.767,227.46862214553906
854.884,199.39589822315793
855.002,173.66429984190228
855.12,132.32361055155573
855.238,102.84785632614427
855.355,85.96344409207465
855.473,72.90587168484477
855.591,61.736563262935206
855.708,47.05669889367053
855.826,32.024571350373584
855.944,25.69847276049463
856.062,12.510644330104256
856.179,4.261262781234933
856.297,-2.753736616616929
856.415,-11.038676765737613
856.532,-22.826255585669344
856.65,-32.547018049426896
856.768,-43.116086543641956
856.886,-43.98096749029236
857.003,-48.57969249502882
857.121,-49.94093163922326
857.239,-45.96210719516982
857.356,-39.37790870657989
857.474,-42.793264412302506
857.592,-41.761245772874105
857.709,-38.925017154347174
857.827,-34.33980685643574
857.945,-30.649688328086093
858.062,-21.24323626145366
858.18,-11.519916577295586
858.298,-1.8044519423642518
858.415,-5.2527573793054145
858.533,-2.24652699719552
858.651,0.05792164019111956
858.768,-2.9016330070788925
858.886,3.4566217891479214
859.003,12.398213014123197
859.121,8.312938036273556
859.239,11.031757196241044
859.356,5.347444571182177
859.474,4.409756484285705
859.592,-1.9437815497762578
859.709,-6.444718919011565
859.827,-6.718087481812941
859.944,-6.903870970055237
860.062,-17.558700422183605
860.18,-14.895118285089538
860.297,-13.95013704691237
860.415,-8.262208204358052
860.532,-5.374635039624875
860.65,-12.321816280072484
860.768,-11.285712430884793
860.885,-8.79829775235686
861.003,-3.2582066741521363
861.12,9.444858132517249
861.238,32.39743586265994
861.356,44.5494002997701
861.473,48.962256997765095
861.591,40.62932207761244
861.708,43.046610017834276
861.826,36.435925257905325
861.943,33.260628171868305
862.061,30.391500373675385
862.178,28.64814687387869
862.296,17.75406575122632
862.414,13.890851817446512
862.531,13.971294020839803
862.649,16.305391232151106
862.766,16.63703003830486
862.884,17.804165553099942
863.001,16.356205551905692
863.119,10.058111466532063
863.236,14.245587060670955
863.354,15.314093225385998
863.471,14.74242820827551
863.589,14.578443012831304
863.706,14.238411069317799
863.824,12.216394278907753
863.941,17.513826259662707
864.059,19.28837707141757
864.176,29.92136021817648
864.294,25.674611406101313
864.411,20.357613223377108
864.529,17.54963012662344
864.646,17.897530952128243
864.764,23.666256662136043
864.881,37.10873505734465
864.999,41.74156766238545
865.116,45.78138048318123
865.233,50.16966014564209
865.351,56.35674574919838
865.468,65.4676408765642
865.586,74.74476977016369
865.703,90.52059996246439
865.821,100.77435223268725
865.938,108.34065861546416
866.056,112.14765763893374
866.173,108.38063068837727
866.29,106.33481585903293
866.408,103.27168501237253
866.525,93.21721217436999
866.643,91.65451422814238
866.76,90.65978164987999
866.878,99.30833911490754
866.995,105.14737277041115
867.112,98.05480469431299
867.23,100.11461757059571
867.347,103.51555598800405
867.465,107.12861561753363
867.582,114.51050641589455
867.699,120.60928033113865
867.817,123.80848714681585
867.934,131.87522643002546
868.051,131.32291809418743
868.169,133.10480889254853
868.286,139.60098540519533
868.404,151.61404503472534
868.521,157.31108734823806
868.638,165.73886559248666
868.756,180.59608106617253
868.873,197.69052597708765
868.99,202.5555336585656
869.108,209.5201084396105
869.225,224.76347109944328
869.342,238.04059999304252
869.46,256.4571228260357
869.577,285.3221305075138
869.694,316.5066187084725
869.812,335.5863450046694
869.929,340.07905831385335
870.046,346.31895777022334
870.164,350.9276883954245
870.281,344.81260949681615
870.398,349.26289856357585
870.516,345.76600148314935
870.633,344.1071996408181
870.75,332.4146315647208
870.867,317.2207647873248
870.985,310.49356467659527
871.102,300.21484941435074
871.219,285.498038914011
871.337,284.13101196345474
871.454,277.9778378267513
871.571,275.5276939930782
871.688,253.78231206416717
871.806,235.6014322997583
871.923,224.9807256955225
872.04,201.88729181855953
872.157,185.39991854765708
872.275,173.9437141079233
872.392,166.83902481970455
872.509,153.63043942758975
872.626,138.9837587973799
872.744,124.84790067799246
872.861,117.87827632483882
872.978,99.95800262103589
873.095,91.19270727221138
873.213,74.95381884979379
873.33,64.12791744036316
873.447,48.54709581181948
873.564,36.671087053883454
873.681,24.094134041742457
873.799,25.446405209750896
873.916,27.796591954027353
874.033,28.538680786497125
874.15,28.585021695925874
874.267,24.38105764193466
874.385,14.613060606096226
874.502,2.462627950527164
874.619,-2.884531095179537
874.736,1.3245635907412212
874.853,0.242645352602468
874.97,-5.5290423421518184
875.088,-3.68229221908373
875.205,0.38523929543050883
875.322,6.187633499231583
875.439,7.922600881249809
875.556,8.058810521004258
875.673,12.78700444315636
875.791,8.4366614619872
875.908,9.364535285278304
876.025,9.191398097236679
876.142,11.876584606117447
876.259,15.418369655266458
876.376,8.30222608230621
876.493,-0.7598635748222419
876.61,0.18976000772524504
876.728,1.564469685004958
876.845,7.1222869246292575
876.962,6.222611363774725
877.079,12.955681672072462
877.196,10.971078172145262
877.313,3.897571244146414
877.43,-1.6957944122431199
877.547,-4.246419478597444
877.664,-8.219833555691556
877.781,-5.446205924621484
877.898,-3.8059170497161863
878.016,4.754305325910495
878.133,5.365285253434829
878.25,10.08801410082608
878.367,12.36568608978416
878.484,9.512430199928142
878.601,5.590289777480082
878.718,10.430982656273674
878.835,3.414445041468621
878.952,2.532627570210199
879.069,3.265237889171828
879.186,5.789446371032235
879.303,13.226441610536455
879.42,11.995067160312264
879.537,7.63362958519938
879.654,10.452451150980808
879.771,6.995797309719435
879.888,3.1469407431495617
880.005,-3.2883072458781246
880.122,-11.346277671319582
880.239,-21.02697053317482
880.356,-32.33038583144383
