wavelength_nm,intensity
792.446,0.35828495359836215
792.565,0.3445067494260452
792.684,0.32969956559198416
792.803,0.31386340209617886
792.922,0.29699825893862913
793.041,0.2609992889214167
793.16,0.24419195510667593
793.279,0.23233038373084247
793.398,0.24188091340683637
793.518,0.25162858093388296
793.637,0.26678555125231185
793.756,0.2864393957947512
793.875,0.30568964054753556
793.994,0.3262465895697969
794.113,0.3388674080746843
794.232,0.33701457867729134
794.351,0.32312968030315464
794.47,0.295299942992061
794.589,0.28028016996186467
794.708,0.26261235606752936
794.827,0.25235319573775183
794.946,0.24416664686904066
795.066,0.2388119565904499
795.185,0.24448499785824057
795.304,0.2552756311783559
795.423,0.2530245300413364
795.542,0.2616066866246597
795.661,0.25567789895550364
795.78,0.25574183555584507
795.899,0.23756386087128584
796.018,0.23794748047333408
796.137,0.22717749103335755
796.256,0.21903423179988704
796.375,0.21124443589646508
796.494,0.21013278579076966
796.613,0.20578520808700207
796.732,0.20408510633443977
796.851,0.19433480100455547
796.97,0.2017288301961924
797.089,0.19203247060160575
797.208,0.1882196102509331
797.327,0.19079907792189127
797.446,0.1892080144330811
797.565,0.1973899267089525
797.684,0.2028478734077796
797.803,0.21411739067513685
797.922,0.23022744139333967
798.041,0.23278026881415562
798.16,0.22890213985063435
798.279,0.21689207453119363
798.398,0.20182504050793054
798.517,0.20062159265869045
798.636,0.20075148932906992
798.755,0.2101015765736795
798.874,0.2144859211917752
798.993,0.224805713541563
799.112,0.22564471000306502
799.231,0.21027732612766864
799.35,0.1962143234308914
799.469,0.18643808611842877
799.588,0.1762305171976113
799.707,0.16442721214999392
799.826,0.16871429056303303
799.945,0.17867229122936917
800.064,0.18857431610944844
800.183,0.19256362206164818
800.302,0.18847826819573438
800.421,0.20484996241404868
800.54,0.21480268836058972
800.659,0.21426981185114397
800.778,0.22106833218084318
800.897,0.2223310085309846
801.016,0.2314791989232297
801.135,0.22879778623981228
801.254,0.22115729099241654
801.373,0.23765286237389266
801.492,0.23787124091845846
801.611,0.24986993807592386
801.729,0.2605938992640827
801.848,0.26818097099799243
801.967,0.2644925568591978
802.086,0.24269143664869253
802.205,0.2184154371999729
802.324,0.19540583240376463
802.443,0.15727383110931725
802.562,0.1379041577815135
802.681,0.11878557031537978
802.8,0.10063807406466097
802.919,0.0918836693009786
803.038,0.08408232687406539
803.157,0.07705488056570042
803.276,0.07113473598672684
803.394,0.05575731381696499
803.513,0.0434391491764753
803.632,0.027033919623211583
803.751,0.028246790472499783
803.87,0.03508554229145473
803.989,0.04076896370935806
804.108,0.04564358808807336
804.227,0.04555028155648669
804.346,0.04392952554900595
804.465,0.047002854786335174
804.583,0.045279963606358005
804.702,0.05420517136944873
804.821,0.04937807106492706
804.94,0.05920175495054675
805.059,0.05686843702876733
805.178,0.05704659885824251
805.297,0.06691475397980504
805.416,0.08082560779608183
805.535,0.0906542251733791
805.653,0.08878176869876274
805.772,0.07914246280205624
805.891,0.07770690412276146
806.01,0.07151194735974609
806.129,0.09072629396196251
806.248,0.11483918286323591
806.367,0.14069264882781746
806.485,0.17493217935166955
806.604,0.20458019112494452
806.723,0.2278942811039309
806.842,0.24096381383850257
806.961,0.260052711092714
807.08,0.27652420377045017
807.198,0.27912811423664197
807.317,0.2773443755044065
807.436,0.26670408561238235
807.555,0.25574544473115846
807.674,0.24891737463448935
807.793,0.2261051544524748
807.912,0.22359813292887748
808.03,0.23500664606708055
808.149,0.2625804629915963
808.268,0.29489358041641694
808.387,0.32111673665872087
808.506,0.36049484842126434
808.624,0.37508553943895817
808.743,0.3626257204622191
808.862,0.353470624515625
808.981,0.33822823141152847
809.1,0.3205642395695018
809.219,0.29853124670414743
809.337,0.2802198967836641
809.456,0.2612265564595395
809.575,0.24379167076873626
809.694,0.22538175192272702
809.812,0.21934223323026822
809.931,0.22693053449807343
810.05,0.24263611998421958
810.169,0.2691216826904242
810.288,0.28097242398098754
810.406,0.2836695753226761
810.525,0.28507334251995864
810.644,0.27846372247445417
810.763,0.2879128452146933
810.882,0.29541056963201284
811.0,0.3108191163290714
811.119,0.3298494050329678
811.238,0.34453466893866436
811.357,0.3501236194332922
811.475,0.347904312611229
811.594,0.3477762654253318
811.713,0.3720933117699564
811.832,0.3853373381429581
811.95,0.40130799411801843
812.069,0.4127298273812907
812.188,0.41941768819428615
812.307,0.41708516030911824
812.425,0.4167573112471541
812.544,0.405862606966269
812.663,0.40991707905270336
812.782,0.41458427689240906
812.9,0.41336397945067926
813.019,0.41448935603397397
813.138,0.408419201053849
813.257,0.41124555760872605
813.375,0.41589277526082546
813.494,0.42230091344732723
813.613,0.42933110147465053
813.731,0.43142485115061613
813.85,0.4286034746753381
813.969,0.43693770294712386
814.088,0.438613200695856
814.206,0.44279154994545183
814.325,0.45942821217406726
814.444,0.4687388056135662
814.562,0.4814873233339214
814.681,0.4856123920832328
814.8,0.4910681413271493
814.918,0.4837645427654387
815.037,0.4679746925209169
815.156,0.4448814176998992
815.274,0.4326360527368025
815.393,0.41265968718242685
815.512,0.4106481743114725
815.631,0.4135584476542975
815.749,0.4196535629016278
815.868,0.4179337607697311
815.987,0.4163498239135599
816.105,0.3997874064149126
816.224,0.3922440456019214
816.343,0.37377818223061055
816.461,0.35397497830215885
816.58,0.32290561258855277
816.698,0.29670075655092026
816.817,0.27770208817676423
816.936,0.2550253169472023
817.055,0.23327457195892956
817.173,0.21962475848569252
817.292,0.20712611321414592
817.41,0.21655204117979437
817.529,0.21096438729727757
817.648,0.21835112953568203
817.766,0.22946028620010658
817.885,0.22376549283650018
818.004,0.21899781610629437
818.122,0.207016550295896
818.241,0.20460593059867735
818.359,0.20926297397890986
818.478,0.2095378922644766
818.597,0.22294117237105174
818.715,0.21830085847708322
818.834,0.22593827601235267
818.953,0.2624282384256291
819.071,0.3670991493984119
819.19,0.5411418281120595
819.308,0.7108893228607354
819.427,0.8438858168961454
819.546,0.8957792897689774
819.664,0.8363528618625804
819.783,0.7219547657553707
819.901,0.5675580427657024
820.02,0.4512617731988112
820.138,0.3750284438083317
820.257,0.3170010613650606
820.376,0.2726438552059917
820.494,0.23266114328019702
820.613,0.20322245153423726
820.731,0.19656017558983235
820.85,0.18972647748614865
820.969,0.1974850061064962
821.087,0.21531408199899993
821.206,0.2416273300202453
821.324,0.25854075074508553
821.443,0.2836340467184929
821.561,0.28760295634160904
821.68,0.2800219855155561
821.798,0.2695798518242264
821.917,0.2464508084801511
822.035,0.2297328456853105
822.154,0.20445335917755186
822.273,0.19567919111107815
822.391,0.19213722734491234
822.51,0.1810714338517625
822.628,0.16951954950155929
822.747,0.17502815627146057
822.865,0.16970655845320695
822.984,0.177178344758477
823.102,0.17965317749860518
823.221,0.19431858444701583
823.339,0.19023691263133863
823.458,0.20473831034197443
823.576,0.20201423564799842
823.695,0.20145159347396469
823.813,0.19658212866960242
823.932,0.18970968861777202
824.05,0.18199495558918205
824.169,0.16594363537869306
824.287,0.1471175318871475
824.406,0.18855064606420607
824.524,0.2352017787530798
824.643,0.29572919050314694
824.761,0.35644368278815014
824.88,0.40588737819440956
824.998,0.44072519992161263
825.117,0.4352924018452168
825.235,0.3828542988177671
825.354,0.3418999684742138
825.472,0.28374725569054027
825.591,0.23124501567629938
825.709,0.186438444915175
825.828,0.16182744507330465
825.946,0.15275494196136616
826.064,0.16199065900979248
826.183,0.15811930803239532
826.301,0.1548068439476123
826.42,0.158484760606454
826.538,0.15617569810820553
826.657,0.1632195511721678
826.775,0.15346639796169012
826.894,0.14314945463415651
827.012,0.15317993574065625
827.13,0.1583456995208681
827.249,0.15495316413921773
827.367,0.15672946661337772
827.486,0.15219957446254803
827.604,0.1603174001156175
827.723,0.15405613521127032
827.841,0.1614192114431937
827.959,0.1850568210475928
828.078,0.20334305148279241
828.196,0.22843981024842352
828.315,0.24856683035001947
828.433,0.26337112847319566
828.552,0.27115438867138375
828.67,0.27720070456029766
828.788,0.27417335125076375
828.907,0.2567437846033723
829.025,0.22901369138788483
829.143,0.20105743429970183
829.262,0.15627644185749165
829.38,0.10619964287166081
829.499,0.0723023188434139
829.617,0.057744537917840934
829.735,0.0596530131999108
829.854,0.06851884031786087
829.972,0.09991466005237663
830.091,0.12476725526859064
830.209,0.1507906824906997
830.327,0.15331224115562975
830.446,0.17064362276118214
830.564,0.18921556311591953
830.682,0.2059892662307386
830.801,0.21663534256990982
830.919,0.2233852419577032
831.037,0.20333468703877627
831.156,0.18412673482329822
831.274,0.1432484612151237
831.392,0.11500968135562603
831.511,0.1057281239577878
831.629,0.09746527147456671
831.747,0.09567726391460221
831.866,0.09465194503599728
831.984,0.09919752336888385
832.102,0.1120995156796124
832.221,0.10031285110387839
832.339,0.09455228163056763
832.457,0.10231699673204112
832.576,0.09837154017834936
832.694,0.09823180526886485
832.812,0.09427980319510634
832.93,0.10021202535009327
833.049,0.10343835791535544
833.167,0.08768335131597844
833.285,0.08576549902372374
833.404,0.09039544688843265
833.522,0.09050743253632546
833.64,0.09503269979669987
833.759,0.0870445238893239
833.877,0.09522275501509997
833.995,0.11084628171589672
834.113,0.13476527775606334
834.232,0.16136121656778502
834.35,0.18332417242792065
834.468,0.197922065878415
834.586,0.2035231340947139
834.705,0.1943300029237615
834.823,0.19062134904339967
834.941,0.1766393591997435
835.059,0.16822257349790767
835.178,0.1538035082149254
835.296,0.13465295147793904
835.414,0.11727114112558082
835.532,0.1114965842105763
835.651,0.10721113707196919
835.769,0.10364987625300687
835.887,0.10322776609144232
836.005,0.1257195257420508
836.124,0.1515323385801896
836.242,0.1738522070430105
836.36,0.19170223559165628
836.478,0.208335586213618
836.596,0.21712260027728164
836.715,0.22201415505560337
836.833,0.23029834568953989
836.951,0.2645221478869779
837.069,0.2916369993339585
837.188,0.31593730835341094
837.306,0.33014762263148917
837.424,0.33016401163378056
837.542,0.3230647898230792
837.66,0.3179369465229036
837.779,0.31256534493392707
837.897,0.3212717835326186
838.015,0.331889660079016
838.133,0.3394825362217617
838.251,0.33887021532069656
838.369,0.3338915574213176
838.487,0.33019029951625894
838.606,0.3375167731575814
838.724,0.34693051039754846
838.842,0.34744374006499223
838.96,0.36246924599742264
839.078,0.35858417036638207
839.196,0.3389786831264042
839.315,0.3301518410939779
839.433,0.3243766397153457
839.551,0.32062476533501705
839.669,0.3295842863100595
839.787,0.3191150728563642
839.905,0.33577096209750007
840.023,0.3372805371202635
840.142,0.33980643768595326
840.26,0.34627243124768026
840.378,0.33537697379170783
840.496,0.3238741186324924
840.614,0.3246044663385951
840.732,0.32333546327152285
840.85,0.33128665077868114
840.968,0.3445299239765961
841.087,0.35267958134731425
841.205,0.3515943960062238
841.323,0.33925636900504974
841.441,0.33591608648941795
841.559,0.3415375841216367
841.677,0.3579044266487289
841.795,0.38192234901667305
841.913,0.41061163924705935
842.031,0.4180633220640496
842.149,0.4232106232437356
842.267,0.43549884347404966
842.385,0.44665485307331837
842.504,0.4539640105520475
842.622,0.46492421431277114
842.74,0.4727182243440894
842.858,0.4596848868142024
842.976,0.4422599040483668
843.094,0.4311007081159868
843.212,0.4394941237755059
843.33,0.44734807436964485
843.448,0.4632100841565419
843.566,0.4697546664561896
843.684,0.4751457259246779
843.802,0.47348511118051434
843.92,0.47185513272401414
844.038,0.49099655730342023
844.156,0.5077816517577449
844.274,0.5239793286964334
844.392,0.5432845908142143
844.51,0.5431584544782437
844.628,0.5537337066244119
844.746,0.547281842892166
844.864,0.528181188392383
844.982,0.5178545002769479
845.1,0.49077908689708477
845.218,0.45463400035629503
845.336,0.416661392655747
845.454,0.3854953688665417
845.572,0.35043054446901917
845.69,0.31229276721758886
845.808,0.2867025477831546
845.926,0.2751504081611753
846.044,0.25851930484957786
846.162,0.250483678246375
846.28,0.23950353111403885
846.398,0.23222206053333677
846.516,0.21009598136801533
846.634,0.17976802170412506
846.752,0.162684640310793
846.87,0.1491760147171292
846.988,0.1305160542018368
847.106,0.12279833999214923
847.224,0.11437243239643113
847.342,0.10176928525637133
847.46,0.10594901280199776
847.578,0.0861466958908728
847.696,0.08006025967340007
847.814,0.0690210893288299
847.932,0.06352667767836183
848.05,0.06422832799335958
848.168,0.07845006728519058
848.285,0.09219436682646606
848.403,0.11080804061346418
848.521,0.12292203133619166
848.639,0.14275222867068144
848.757,0.16404417857786324
848.875,0.1882943860367991
848.993,0.2139791666538382
849.111,0.23439288683622167
849.229,0.24649437951469866
849.347,0.23316899719994183
849.465,0.24296335597112992
849.582,0.2499165320646477
849.7,0.26175952607177366
849.818,0.2839962136718957
849.936,0.3037473659337463
850.054,0.3108044390028184
850.172,0.31656812792748457
850.29,0.31297576100219515
850.408,0.3218563591935035
850.525,0.33688952315516285
850.643,0.3522783344562207
850.761,0.36934414950373284
850.879,0.3816133875131342
850.997,0.37566469046276285
851.115,0.3677632630769652
851.233,0.35254642300210803
851.35,0.33947811910122294
851.468,0.34933907849776613
851.586,0.35311873479308875
851.704,0.3620466194283998
851.822,0.4023700388563436
851.94,0.4307026816952636
852.057,0.4729122308332778
852.175,0.5196825907956442
852.293,0.5737377271594069
852.411,0.6403950338529572
852.529,0.6867538019506263
852.647,0.7381862056878856
852.764,0.7886935267389559
852.882,0.8216728952089374
853.0,0.8467334493241374
853.118,0.8576789187409795
853.236,0.8617659161030733
853.353,0.8598681863711445
853.471,0.845024355128293
853.589,0.8299855679040841
853.707,0.8017274064039751
853.824,0.7874202617480394
853.942,0.7503405491151955
854.06,0.7240909480223612
854.178,0.7044801556265605
854.296,0.6864255478910205
854.413,0.6551269638777806
854.531,0.6099158661677735
854.649,0.5548518719426581
854.767,0.5003033665577948
854.884,0.4332112993934567
855.002,0.3750796803644617
855.12,0.3199743937516255
855.238,0.2850424365590025
855.355,0.24046139967933047
855.473,0.20825231475168185
855.591,0.17152823124367528
855.708,0.14371180842621653
855.826,0.11469026737570899
855.944,0.09189112977624475
856.062,0.07347791927398861
856.179,0.06347721508762501
856.297,0.05141370443348318
856.415,0.05796962397869301
856.532,0.04878818521844498
856.65,0.04504869854412612
856.768,0.03679871741299599
856.886,0.037356894199590936
857.003,0.026114933383777364
857.121,0.011240503033985652
857.239,0.011365994172116638
857.356,0.02014050085571025
857.474,0.023445218165354224
857.592,0.03389080256267862
857.709,0.05191095513615236
857.827,0.06717212159233563
857.945,0.07648710577255062
858.062,0.08215618558555365
858.18,0.09401120120216919
858.298,0.10237612294522447
858.415,0.10263453472891922
858.533,0.10576232898397868
858.651,0.11805856480294244
858.768,0.13090712035821012
858.886,0.1279593499229818
859.003,0.1294319002001192
859.121,0.11984877470739154
859.239,0.11455998466323947
859.356,0.09966433708109812
859.474,0.0843357296971104
859.592,0.08501336157494278
859.709,0.08025306216259295
859.827,0.07419669956931141
859.944,0.07134736180739601
860.062,0.0655196937749926
860.18,0.0687106999443543
860.297,0.06577591385077056
860.415,0.06885238539927685
860.532,0.0753177596749337
860.65,0.08186167725333701
860.768,0.09338576364119403
860.885,0.09997525727292864
861.003,0.11178671905645114
861.12,0.11036887374348725
861.238,0.10886062043583929
861.356,0.1068661885403393
861.473,0.10468671722515976
861.591,0.11641311563528081
861.708,0.11443019188856737
861.826,0.126719293773112
861.943,0.12587531812742883
862.061,0.1199849143368195
862.178,0.11309506867982663
862.296,0.09179845514942175
862.414,0.08872994707812734
862.531,0.09326933511301916
862.649,0.08624963262279672
862.766,0.09526498872280736
862.884,0.09227836673811313
863.001,0.10077496673392307
863.119,0.09760595729625715
863.236,0.08723316430403363
863.354,0.09774028472819893
863.471,0.10884096690522188
863.589,0.10355154934245
863.706,0.1106858410539452
863.824,0.11114597011456936
863.941,0.12443153334081505
864.059,0.13054543162940008
864.176,0.1327020170706466
864.294,0.13783888678121914
864.411,0.1401168906598848
864.529,0.12590074543963609
864.646,0.1287762694503901
864.764,0.11964929316317605
864.881,0.1392892238549243
864.999,0.14819698223106315
865.116,0.17298456710319202
865.233,0.19079664458723566
865.351,0.21053027649273742
865.468,0.22640987364211296
865.586,0.24529981905756182
865.703,0.24552027717332697
865.821,0.2609163537826203
865.938,0.26087307342197674
866.056,0.27461345848492913
866.173,0.2686680307052714
866.29,0.26338727716666244
866.408,0.261429894833298
866.525,0.259668318338479
866.643,0.23762019136034238
866.76,0.23298546388768276
866.878,0.2330074521398874
866.995,0.24190463972698015
867.112,0.24339450576202254
867.23,0.2507252466407519
867.347,0.27193022979356124
867.465,0.2793089231225468
867.582,0.2789153234725331
867.699,0.27882675468664797
867.817,0.2839543468786138
867.934,0.2858304965407189
868.051,0.2841128764586357
868.169,0.29224815289166106
868.286,0.31868528117240746
868.404,0.3359341871790946
868.521,0.3627282948117473
868.638,0.380625890909398
868.756,0.41026384524473514
868.873,0.4298277889887832
868.99,0.4523194962234637
869.108,0.47997674796072487
869.225,0.514531160459813
869.342,0.5379739246245714
869.46,0.5787168672317025
869.577,0.6176908972293883
869.694,0.6579583113714803
869.812,0.6835669278728036
869.929,0.6999566858124039
870.046,0.7173960696076087
870.164,0.7114626299405173
870.281,0.69482646977878
870.398,0.6828150570417363
870.516,0.6666943857202514
870.633,0.6438443872128361
870.75,0.6205122001778461
870.867,0.6076829317614352
870.985,0.6054444947890728
871.102,0.5887071016767949
871.219,0.5773270628681223
871.337,0.5505462954522193
871.454,0.530422926546863
871.571,0.49558747950045334
871.688,0.4590603765700113
871.806,0.4383975425992747
871.923,0.41324582647957
872.04,0.3893435380915362
872.157,0.37683794871435394
872.275,0.3562430473814794
872.392,0.3449882177484749
872.509,0.32955619689316695
872.626,0.3052116803527716
872.744,0.3032409778943384
872.861,0.2789217695915779
872.978,0.24867643764467562
873.095,0.2232956153737472
873.213,0.20260747316537459
873.33,0.17887560615979764
873.447,0.15660400337651714
873.564,0.13642087699870037
873.681,0.1420126680423509
873.799,0.13324457906859313
873.916,0.12598915400727417
874.033,0.11795140804496049
874.15,0.12799777397465167
874.267,0.11326496220269264
874.385,0.10162403174813663
874.502,0.08016548628575942
874.619,0.0781475626724288
874.736,0.07787222511058224
874.853,0.08445740978582275
874.97,0.078912310424786
875.088,0.0995211749108049
875.205,0.110735595025234
875.322,0.1313292589615308
875.439,0.12528571931753538
875.556,0.12789255346607775
875.673,0.12269122416506201
875.791,0.10630028122372388
875.908,0.07996978592768111
876.025,0.06948946682358667
876.142,0.07329845859107736
876.259,0.07875608182632719
876.376,0.07976945595755014
876.493,0.08705297536964393
876.61,0.09057982314665117
876.728,0.0994866987708558
876.845,0.10457889850569435
876.962,0.09585641797009753
877.079,0.096847339107105
877.196,0.09175681538063715
877.313,0.09435551806385786
877.43,0.09104038923347613
877.547,0.09208217138768014
877.664,0.11367575613702156
877.781,0.12570340407577935
877.898,0.128751302917744
878.016,0.1176613665037104
878.133,0.11381144024200407
878.25,0.10180705746672011
878.367,0.0822135727533665
878.484,0.07509990324987684
878.601,0.07953247910636985
878.718,0.08859262664254022
878.835,0.09209194285479264
878.952,0.08835190903627832
879.069,0.1060802807861099
879.186,0.09510534409398297
879.303,0.09595699307484923
879.42,0.09579022563587436
879.537,0.086567463257714
879.654,0.08107080562787242
879.771,0.06092749474023823
879.888,0.058954051485358636
880.005,0.06037706590585999
880.122,0.06648624013473367
880.239,0.07728157417197976
880.356,0.09276306801759825
