wavelength_nm,intensity
792.446,159.21558841167547
792.565,150.77255810864517
792.684,142.59706027314735
792.803,134.68909490518197
792.922,127.04866200474893
793.041,111.22874858483554
793.16,104.48156243764939
793.279,106.32398668007366
793.398,110.3239866800737
793.518,114.36467932076637
793.637,118.71099966708674
793.756,127.16294771903476
793.875,126.28329403938106
793.994,129.99498235106938
794.113,131.77680053288753
794.232,129.8772334333205
794.351,129.55342390951097
794.47,127.38199533808245
794.589,124.75775291383997
794.708,122.62874858483563
794.827,107.24173559782267
794.946,98.56727672336379
795.066,91.39931135539832
795.185,88.43134598743293
795.304,94.0140299701169
795.423,93.52918148526845
795.542,98.64346719955422
795.661,96.23134598743309
795.78,89.38632434241143
795.899,85.58372693981403
796.018,78.8105667666538
796.137,72.06597802206507
796.256,71.6780992341863
796.375,73.75775291384001
796.494,70.25389475716533
796.613,66.4311079834397
796.732,65.00602439121943
796.851,66.9975408085561
796.97,64.25928662546394
797.089,58.927242841539076
797.208,62.24571609193337
797.327,70.64093172094766
797.446,68.650038111036
797.565,78.53100597298578
797.684,76.0907617137235
797.803,83.93017113411493
797.922,91.44230782723378
798.041,84.86873023463835
798.16,82.44407039096073
798.279,78.19083911871175
798.398,72.37656888542375
798.517,71.809051898889
798.636,63.09867776949714
798.755,63.732892384694
798.874,69.86840570118957
798.993,68.71214412591019
799.112,67.82168341643178
799.231,71.84117941691005
799.35,71.45548061219338
799.469,67.05939219708713
799.588,64.42087953955651
799.707,67.95812445778338
799.826,65.28155761433784
799.945,56.69500669281543
800.064,54.93831150431867
800.183,64.07996468009758
800.302,57.98456168968339
800.421,52.427677469926934
800.54,57.157697588976106
800.659,64.57547192593032
800.778,61.42349216001753
800.897,60.851934672770746
801.016,65.98764224152035
801.135,73.86655051968197
801.254,71.468320071388
801.373,73.24844460144918
801.492,79.14198904493051
801.611,85.50306595594452
801.729,84.88232468514056
801.848,88.00876956152297
801.967,79.27893738162845
802.086,76.8235640761928
802.205,68.47855581954695
802.324,53.80227390523632
802.443,38.80134537809258
802.562,21.5210573095641
802.681,8.80131210028625
802.8,-1.1690558808969511
802.919,-9.221616503205505
803.038,-12.432541700318449
803.157,-11.294639782919957
803.276,-7.470832715082691
803.394,-10.689890812935614
803.513,-13.884763601746254
803.632,-16.442984374813157
803.751,-18.162684411139914
803.87,-19.75462990467119
803.989,-26.992703456989055
804.108,-27.942004487054014
804.227,-26.62075621674741
804.346,-34.20259642324719
804.465,-27.13129819846216
804.583,-24.95664994026072
804.702,-15.0921153726547
804.821,-11.994741973776737
804.94,-12.365428414686905
805.059,-14.84868102094596
805.178,-18.190660318884586
805.297,-24.637085271358096
805.416,-15.851468467109784
805.535,-14.187929295206219
805.653,-15.122725874121208
805.772,-14.300054002026341
805.891,-12.447217708758904
806.01,-14.199640788297856
806.129,-6.6431331848203
806.248,9.132244553040872
806.367,27.80415863926128
806.485,40.81722654046119
806.604,46.77841268221438
806.723,58.29696772613555
806.842,64.57163293406306
806.961,62.88756070191374
807.08,70.78184344811945
807.198,82.96790108609997
807.317,79.5669457370674
807.436,84.21447523651955
807.555,80.04555451952137
807.674,78.24719657308583
807.793,74.88866546647708
807.912,73.26519929493318
808.03,78.54216602382232
808.149,90.64597257955145
808.268,100.08224666774817
808.387,122.34709218451616
808.506,134.28033596968237
808.624,138.5642291054979
808.743,140.15981055300165
808.862,139.48872533383866
808.981,125.95010764714334
809.1,118.33876268772087
809.219,99.2831569298109
809.337,82.68649560033003
809.456,68.97190921077402
809.575,58.0131894879537
809.694,51.65426989347566
809.812,52.08498319949958
809.931,50.363139410816245
810.05,63.098508448830316
810.169,68.44329634203645
810.288,67.33405213324329
810.406,65.87006453501806
810.525,63.13536475516278
810.644,58.78400788199492
810.763,67.71712916140373
810.882,79.14441585832233
811.0,96.55034102296142
811.119,112.352172148818
811.238,125.67139974410372
811.357,126.02958837835035
811.475,130.01721424203413
811.594,121.35202625290395
811.713,128.61324519018066
811.832,131.50390135689472
811.95,139.56338869244
812.069,143.39949940460883
812.188,154.44080492197253
812.307,154.88124463847052
812.425,158.18055881384288
812.544,143.91017601951827
812.663,146.27615686155735
812.782,142.253393114852
812.9,142.89210122961862
813.019,144.95938077295665
813.138,144.217136506771
813.257,152.36493553062854
813.375,158.61489905665064
813.494,158.98953790734808
813.613,166.17629797016684
813.731,162.59855586848366
813.85,167.49007783606464
813.969,174.72099374303963
814.088,174.49736419546912
814.206,179.41745759162134
814.325,183.95313540335792
814.444,187.5892461155273
814.562,184.35782436016422
814.681,179.24501732341582
814.8,184.23437478883187
814.918,179.13455476507053
815.037,174.44166114823548
815.156,165.58339956603248
815.274,159.41951027820187
815.393,155.53440886915894
815.512,147.96792217873065
815.631,138.44818873505545
815.749,134.43408299700798
815.868,126.4113192503026
815.987,129.35392346896532
816.105,129.23159262269303
816.224,125.25211891927795
816.343,122.73325127646889
816.461,110.22044423972036
816.58,93.58729088262545
816.698,82.22080419219728
816.817,74.66903611648766
816.936,65.80261260757884
817.055,64.46226530377513
817.173,55.09364555739327
817.292,50.784490969704535
817.41,42.63449996271541
817.529,44.33368675752257
817.648,49.04896146089287
817.766,55.72802616915946
817.885,57.55998102882807
818.004,63.82608423133149
818.122,61.23057530919299
818.241,62.668832620820744
818.359,58.34085616621489
818.478,55.35227365100312
818.597,62.514952906149276
818.715,59.82121662012158
818.834,71.96039837772796
818.953,92.09324187148623
819.071,157.79264568652354
819.19,251.49193494929744
819.308,340.69968748351647
819.427,410.4378856375413
819.546,434.2825588320052
819.664,400.83141126173905
819.783,334.231156164101
819.901,249.76051610686966
820.02,191.32057727256677
820.138,146.60583454270545
820.257,111.20624946976827
820.376,80.86139908664072
820.494,52.759903933560445
820.613,36.29467705279825
820.731,27.47843027183047
820.85,22.457636796861895
820.969,31.817272073578252
821.087,44.701920260242545
821.206,60.782873794794725
821.324,66.79535623198532
821.443,85.29392096948351
821.561,86.98884594108779
821.68,86.7664993577425
821.798,71.31434138169448
821.917,68.70759932359483
822.035,53.601334604561345
822.154,44.60148838047397
822.273,31.815328372956426
822.391,32.26320372004638
822.51,25.105843303913957
822.628,20.17322661211545
822.747,21.375025208387996
822.865,30.50589295026346
822.984,29.798712742315054
823.102,38.44273051541164
823.221,44.22942633461492
823.339,46.07442786416915
823.458,51.60955900995275
823.576,43.996499859490584
823.695,48.52446837266312
823.813,46.87107791728161
823.932,43.727296906209006
824.05,38.38370549970182
824.169,39.72718367022155
824.287,27.28282529718914
824.406,20.086825205991587
824.524,12.34873679687179
824.643,14.85991313653803
824.761,21.11439160470983
824.88,23.594123095980464
824.998,22.65381000353329
825.117,32.754681316933436
825.235,34.180511819334924
825.354,36.085001664007294
825.472,40.12295043392136
825.591,39.91665183423193
825.709,49.43421022804236
825.828,45.5020452444122
825.946,36.77593540906091
826.064,36.503349792727995
826.183,41.25785498647778
826.301,42.61476683812538
826.42,42.32344482453111
826.538,39.058807203115435
826.657,39.419320808517895
826.775,31.542164005973888
826.894,30.603805373271513
827.012,28.620700894798027
827.13,33.69095077162189
827.249,32.56355062342435
827.367,27.687082999094514
827.486,21.67300857180038
827.604,12.811392859003526
827.723,16.466480439437554
827.841,25.066726804926518
827.959,34.874773931691514
828.078,46.85168511366702
828.196,57.15819479982229
828.315,65.15961671226668
828.433,78.89925736840941
828.552,89.65534824100251
828.67,102.64433954649601
828.788,102.34328756194624
828.907,93.48206241722309
829.025,75.06412731578986
829.143,55.91182120460604
829.262,35.97264643458941
829.38,18.205238002787095
829.499,6.46787169218167
829.617,0.38806647792543103
829.735,-3.3850394784706
829.854,-10.449066008497411
829.972,0.16867543560536347
830.091,7.145750461353092
830.209,19.697981987483402
830.327,25.89341739197858
830.446,43.18650531852297
830.564,59.26303552839873
830.682,69.14506257765007
830.801,70.11097695083038
830.919,68.2734920022541
831.037,60.26335690650697
831.156,49.193559170900194
831.274,31.974206663462176
831.392,19.245318221097282
831.511,16.389328642452128
831.629,14.832974300886242
831.747,5.052302788840662
831.866,3.354514525433537
831.984,10.885956717560674
832.102,12.27175467741958
832.221,2.263372893506477
832.339,-2.4111446182978824
832.457,6.164955644186036
832.576,9.452050660268855
832.694,4.729833738975574
832.812,5.3600929049181145
832.93,7.419473243288007
833.049,2.5533132319627083
833.167,-7.266639764098542
833.285,-9.599941510942543
833.404,2.5766614916653543
833.522,6.795173510848064
833.64,13.127551024661956
833.759,9.008814651333083
833.877,13.856441469824807
833.995,12.057300662445197
834.113,17.388094689325463
834.232,20.03629621602437
834.35,27.89987496577354
834.468,32.79281388826236
834.586,44.85741433999693
834.705,48.487747421557856
834.823,52.60991373445681
834.941,46.02216731375016
835.059,40.471634213903116
835.178,26.904282950906712
835.296,11.983883314382032
835.414,7.713137796283239
835.532,7.272136718042937
835.651,3.7699823683668434
835.769,5.5711987659091875
835.887,5.935628598580479
836.005,17.353204252004016
836.124,27.436252728784094
836.242,34.66131683971565
836.36,46.636840234938816
836.478,55.61915416587753
836.596,56.900446812385084
836.715,62.452735129888296
836.833,67.60502344739146
836.951,79.62051522809824
837.069,84.99011956291747
837.188,89.16665030466305
837.306,97.1319256351533
837.424,107.93010139854408
837.542,113.15771439137211
837.66,124.69528409415699
837.779,130.67787544196352
837.897,131.15051007981344
838.015,128.44998454450305
838.133,117.61439407412757
838.251,109.29482091976928
838.369,107.75793174809496
838.487,110.69983045520848
838.606,124.10493262552555
838.724,127.47713436294238
838.842,126.42855687958011
838.96,135.7470789633174
839.078,136.13746251891618
839.196,135.8170235636924
839.315,131.8039439158279
839.433,128.99259586969492
839.551,118.52843397074798
839.669,108.17336298089191
839.787,102.67456904731279
839.905,108.42166255962103
840.023,113.33239243556571
840.142,117.68814395653204
840.26,123.91489114849401
840.378,126.35116214997977
840.496,126.07228163631396
840.614,131.15876908801613
840.732,132.6539145483763
840.85,126.451224510901
840.968,119.98273360762484
841.087,118.42160201170802
841.205,118.91155266687342
841.323,114.18765050818601
841.441,115.5113673971177
841.559,118.47577692674221
841.677,123.87568429186476
841.795,131.9968037781996
841.913,139.07982802643917
842.031,159.3948869067135
842.149,171.55063842768038
842.267,181.71764535990275
842.385,190.56690337437607
842.504,191.84819602088402
842.622,191.22645836436152
842.74,193.50255620567447
842.858,185.6678315361648
842.976,186.42704626059458
843.094,180.56461596337942
843.212,181.92296488694353
843.33,181.5124826416765
843.448,179.12624282065192
843.566,181.99887745850185
843.684,190.4680488928886
843.802,193.22986101991614
843.92,198.73193288720327
844.038,208.8340047544905
844.156,221.75685584255692
844.274,226.6173692682857
844.392,237.78004719617894
844.51,239.21718399853108
844.628,242.51665846322095
844.746,235.98063509241305
844.864,230.32080219779556
844.982,219.0782853204943
845.1,196.05308446050904
845.218,163.627017799658
845.336,144.76891650677211
845.454,131.37315287622377
845.572,125.78604725433348
845.69,110.3859546194562
845.808,108.67244207115897
845.926,102.75892952286195
846.044,86.43762476677261
846.162,76.90333299769628
846.28,68.00807710073192
846.398,67.64304785148485
846.516,55.78914081368272
846.634,34.58105829473013
846.752,25.613210201846066
846.87,19.48244915471229
846.988,15.676786367355156
847.106,14.379823651387788
847.224,9.645218907011994
847.342,5.598104614694323
847.46,-0.3810411767409114
847.578,-15.237549156942446
847.696,-18.805975934005176
847.814,-11.28546455997246
847.932,-2.5828163103848953
848.05,-4.369964860620948
848.168,6.904541906347431
848.285,7.1427484424738985
848.403,9.31284695262869
848.521,7.032513481596115
848.639,6.682247726704167
848.757,19.22339055435596
848.875,33.13588690148993
848.993,45.400672257937586
849.111,64.23608952015036
849.229,73.2014724806066
849.347,82.98837428279398
849.465,94.96499578764758
849.582,93.18029480587478
849.7,101.04927347778187
849.818,106.692278123715
849.936,115.76904900341457
850.054,122.70556014285438
850.172,128.75029639051925
850.29,136.93702398017547
850.408,141.81292905900906
850.525,141.53125838026676
850.643,146.01495566689243
850.761,147.81120706607237
850.879,146.26200391979785
850.997,147.65652371724653
851.115,140.62074048439231
851.233,136.4109312775122
851.35,125.96475843426855
851.468,124.76533883777807
851.586,133.86635214172048
851.704,141.67385895215637
851.822,151.2207597019861
851.94,171.99969508385038
852.057,190.14226682935106
852.175,209.54977363978665
852.293,231.16593845888025
852.411,258.54054483641534
852.529,292.00692610572537
852.647,313.6819653836934
852.764,348.2046237092806
852.882,375.2199227275086
853.0,391.01444252495764
853.118,387.06610517954954
853.236,385.7809712973447
853.353,383.8967032160057
853.471,382.14663426886574
853.589,370.12903285419327
853.707,368.66727559536497
853.824,355.96569149671006
853.942,337.96454029848803
854.06,314.66295619983316
854.178,307.8410257808319
854.296,300.9074070501424
854.413,288.16599611166066
854.531,262.66094880954256
854.649,233.414775966299
854.767,202.89847325292567
854.884,164.0254605828423
855.002,130.6069933673046
855.12,109.38506294830363
855.238,93.96659573276592
855.355,79.96198133108112
855.473,72.94957472160417
855.591,66.63264644299107
855.708,57.13252044079864
855.826,34.228687948820685
855.944,9.743448941884518
856.062,-4.008592533446928
856.179,-10.827563726060813
856.297,-17.727859283536343
856.415,-9.36596794700883
856.532,-7.787277535823987
856.65,-11.544324405166108
856.768,-19.261574795125767
856.886,-36.119789785833184
857.003,-35.8124878937919
857.121,-40.12283299544221
857.239,-41.99784956529011
857.356,-31.00301473037395
857.474,-33.70343474168113
857.592,-33.1614429124811
857.709,-27.172201019093787
857.827,-31.473603745380867
857.945,-26.293198253711687
858.062,-22.674465098562365
858.18,-8.177301385385078
858.298,5.078059689818035
858.415,7.2095997284118605
858.533,11.639551927916905
858.651,24.128689017097003
858.768,28.40744560660666
858.886,31.702039026247196
859.003,31.7084374573476
859.121,31.75681278345967
859.239,27.22515727124894
859.356,16.225386022462267
859.474,6.823237799258909
859.592,5.787013162467067
859.709,2.801528067494811
859.827,-4.476318220419393
859.944,-12.18450273088593
860.062,-14.380004599496816
860.18,-17.381897254824178
860.297,-18.06844646486808
860.415,-15.147694930065018
860.532,-14.360473449418466
860.65,-13.058401777782917
860.768,-12.776999264616418
860.885,-8.329822407341887
861.003,-1.2050503108540283
861.12,5.312443495697847
861.238,17.650133501452945
861.356,22.581229879259837
861.473,19.616723871451917
861.591,20.478011770237586
861.708,17.003716248469058
861.826,15.99504705235434
861.943,10.794882843116085
862.061,7.1906660480786995
862.178,3.1831189649308484
862.296,2.489088048821722
862.414,-0.780469245596572
862.531,1.3851495791119928
862.649,4.110630323721228
862.766,9.072257451305893
862.884,4.681879352215614
863.001,-0.07610692925552331
863.119,-2.819419248299118
863.236,2.517603613778708
863.354,0.16279095965831514
863.471,1.2531954099256892
863.589,8.205320148749085
863.706,14.33545328201581
863.824,21.181156842831705
863.941,24.68737564009724
864.059,34.87614453990287
864.176,38.6971366346462
864.294,33.306132206711816
864.411,32.040067190321494
864.529,28.515489773768127
864.646,27.96299148092097
864.764,32.89655134464734
864.881,33.4191636124405
864.999,40.25004003837407
865.116,42.548285131232866
865.233,45.16792316162834
865.351,54.963761076583
865.468,56.68577535517531
865.586,69.60692383290178
865.703,79.03456581712172
865.821,87.12887446800835
865.938,92.98941688512872
866.056,98.13047878276865
866.173,95.76071816958603
866.29,95.72082768627348
866.408,91.52682464884849
866.525,90.99948827809004
866.643,81.12496576014539
866.76,82.3681921599497
866.878,85.43046617880165
866.995,93.62434192925548
867.112,92.09267655416812
867.23,97.46404148211118
867.347,101.07609905074688
867.465,109.17387090509678
867.582,106.6586557464595
867.699,105.31746656184819
867.817,107.97541157637102
867.934,112.82123537877277
868.051,112.98740550152078
868.169,115.23669250738583
868.286,116.81844704571834
868.404,128.42184660569586
868.521,134.97502971545683
868.638,136.72474962175443
868.756,151.7420019955843
868.873,168.80687341703316
868.99,189.8596236263604
869.108,206.00501452832822
869.225,221.28200716189764
869.342,234.03172706819433
869.46,253.92949892254302
869.577,271.1675305171515
869.694,291.83759674379456
869.812,307.22281448558925
869.929,320.0669066862584
870.046,324.76034953627834
870.164,316.7066062391123
870.281,305.54463783372114
870.398,301.4320200776807
870.516,296.48390448614236
870.633,292.8310269898421
870.75,291.04221875761084
870.867,290.22830230027137
870.985,286.5702299987761
871.102,267.4056641907872
871.219,258.30776504946493
871.337,244.79081828909494
871.454,232.59335204820547
871.571,214.03224944367958
871.688,197.71530268330963
871.806,180.97411349869753
871.923,169.19136587252726
872.04,149.20948404722296
872.157,137.38777538209195
872.275,134.7885775394718
872.392,131.01102471849674
872.509,120.80490046895025
872.626,106.8732350938626
872.744,95.14243551964077
872.861,90.07657101035396
872.978,74.4687151590758
873.095,64.95436580130402
873.213,63.63309003660568
873.33,56.27804803814105
873.447,48.808663076681526
873.564,37.38289492460641
873.681,32.56420667849506
873.799,26.58538914894317
873.916,15.648796725764475
874.033,14.44655449045387
874.15,16.1958100887454
874.267,13.628149707903466
874.385,15.71787224945372
874.502,16.19237879140276
874.619,15.047668702581664
874.736,10.41796750004044
874.853,-2.1937453325850917
874.97,-3.326367680034802
875.088,-0.44777520562895123
875.205,4.854721143891615
875.322,10.834050807232007
875.439,14.36147106164767
875.556,14.530257927465671
875.673,7.827128495488048
875.791,-3.98206070126752
875.908,-6.144038339412132
876.025,-8.678370172490476
876.142,4.024352218901212
876.259,3.268102764913488
876.376,1.279792186855686
876.493,1.2127550013500166
876.61,1.8199796239505281
876.728,6.076639938404305
876.845,14.11595197607979
876.962,15.242073668408723
877.079,24.276703193541394
877.196,19.529365368345836
877.313,9.857759156832635
877.43,7.979000775838936
877.547,8.79271050379241
877.664,7.888928516530114
877.781,8.882730036817154
877.898,15.267389916250258
878.016,19.107118938081793
878.133,21.256703071761937
878.25,19.92264350778114
878.367,19.111293269149385
878.484,15.23432422599086
878.601,11.301364052134417
878.718,11.568857616786696
878.835,17.203232069873632
878.952,17.229863154102674
879.069,16.575767903230638
879.186,9.577193971548928
879.303,1.9566886939781813
879.42,-5.731545981060915
879.537,-4.382485878703883
879.654,-1.9218994150171536
879.771,-3.2174206255964855
879.888,-3.0367482739885956
880.005,-3.328438579499691
880.122,-4.58605298131788
880.239,-6.8095914794431724
880.356,-9.999054073875568
