wavelength_nm,intensity
792.446,0.17539236457134622
792.565,0.19080328907853025
792.684,0.19991221668351303
792.803,0.2027191473862946
792.922,0.19922408118687482
793.041,0.18511039601437318
793.16,0.16285707230323304
793.279,0.13892479256936766
793.398,0.11806479077627127
793.518,0.11147342599024233
793.637,0.11196130646534119
793.756,0.11035080306029557
793.875,0.12546140726482313
793.994,0.15794528583645384
794.113,0.18886097716669548
794.232,0.21092387814138125
794.351,0.21888740676362567
794.47,0.2213734813784468
794.589,0.20050165595138747
794.708,0.17372921488033966
794.827,0.1504540802761992
794.946,0.1381238969425154
795.066,0.13524266403472512
795.185,0.1377274940564976
795.304,0.14434437300002534
795.423,0.14469348135019178
795.542,0.14101259740859798
795.661,0.13822844275860807
795.78,0.1349116022837653
795.899,0.13313619029976403
796.018,0.13223323804291653
796.137,0.13357553164596264
796.256,0.1279574386240339
796.375,0.12026585358293518
796.494,0.11750410160782221
796.613,0.11087166525118548
796.732,0.11414058889365247
796.851,0.11248033729632255
796.97,0.11071406417123349
797.089,0.10314691543064239
797.208,0.09913899313556347
797.327,0.09849050586430075
797.446,0.10203450015011653
797.565,0.10449227408504597
797.684,0.11545099315609739
797.803,0.12249075428730562
797.922,0.13477981278717727
798.041,0.13196446191750613
798.16,0.13582324127160406
798.279,0.1270525126638008
798.398,0.12194462139838491
798.517,0.11229085402251376
798.636,0.10494705134506963
798.755,0.1047988633788087
798.874,0.11012003956515423
798.993,0.1096999080177474
799.112,0.11278703968163761
799.231,0.10907122574121617
799.35,0.1069559584614504
799.469,0.10942328278707694
799.588,0.10953459247147361
799.707,0.1141102574216343
799.826,0.11767469051970869
799.945,0.1184213649554776
800.064,0.1217885300553295
800.183,0.12346429320196892
800.302,0.12682274615047964
800.421,0.13439414656891252
800.54,0.1304679964032563
800.659,0.13447737151624833
800.778,0.14003626497489868
800.897,0.14175309969214595
801.016,0.1486804232078658
801.135,0.15612549743185394
801.254,0.1645089948145782
801.373,0.1695196450352673
801.492,0.17199630380875947
801.611,0.17674496719269267
801.729,0.18304874959100323
801.848,0.19366255771703617
801.967,0.20257314025589362
802.086,0.21660771237633744
802.205,0.2300666602117475
802.324,0.23234667328354114
802.443,0.22119379358048388
802.562,0.19655948197367565
802.681,0.16834012009002525
802.8,0.14441522652098837
802.919,0.1211412551164328
803.038,0.1084881401818073
803.157,0.09985044276852624
803.276,0.08773148314923948
803.394,0.07137632059131102
803.513,0.06396041266802029
803.632,0.0580366179130609
803.751,0.052669986454917196
803.87,0.05168096227097605
803.989,0.05003346854777979
804.108,0.04700590158338967
804.227,0.04621960814991278
804.346,0.04151556312549812
804.465,0.04780438098012538
804.583,0.04614699484961458
804.702,0.04795663737928598
804.821,0.04926611026914384
804.94,0.053573952288119536
805.059,0.054444247192518835
805.178,0.062052410167847315
805.297,0.06816143122091162
805.416,0.0763630659325912
805.535,0.07459492266344872
805.653,0.07489166458823895
805.772,0.06852473898365502
805.891,0.06857637086399704
806.01,0.06754015735364269
806.129,0.0758864357293874
806.248,0.09088176739097371
806.367,0.10330296372406292
806.485,0.12045380922256033
806.604,0.14635090259511216
806.723,0.1702246653782401
806.842,0.1979361308271007
806.961,0.2265934869929898
807.08,0.2477403464063691
807.198,0.25747117608035075
807.317,0.25118596010685995
807.436,0.246392388902262
807.555,0.23901566482504266
807.674,0.22763072883441582
807.793,0.21639825549225733
807.912,0.2134049881326352
808.03,0.21191269998977116
808.149,0.217668921762661
808.268,0.230192618237974
808.387,0.253289132662176
808.506,0.2865060554620569
808.624,0.3169114425648758
808.743,0.3382922854714151
808.862,0.3543033316692456
808.981,0.3622388358704466
809.1,0.3527226563424749
809.219,0.3403065750109821
809.337,0.3168030365049541
809.456,0.29735375985513635
809.575,0.27677252582750644
809.694,0.2582803412321556
809.812,0.24846110329682047
809.931,0.2404023422289019
810.05,0.23678677834491904
810.169,0.2543772131215773
810.288,0.26364069810576446
810.406,0.27685887750226423
810.525,0.2889139846947336
810.644,0.29879789931370854
810.763,0.3072959595729321
810.882,0.30673276014093853
811.0,0.30645332792405355
811.119,0.3133072807659157
811.238,0.3156147352007982
811.357,0.31639320707532637
811.475,0.3092753583522412
811.594,0.31008556734951187
811.713,0.3234362959057004
811.832,0.3327327626056785
811.95,0.3411941073699646
812.069,0.3485421636521694
812.188,0.3555180866128064
812.307,0.3515117205115252
812.425,0.34210382057879296
812.544,0.3375404990882091
812.663,0.33705135294261523
812.782,0.33342023164552387
812.9,0.3297841319762378
813.019,0.32507208161633194
813.138,0.3237720830994961
813.257,0.32534211615301206
813.375,0.3311506108339491
813.494,0.3418696473886167
813.613,0.35629259285627934
813.731,0.37270066423665277
813.85,0.385630720342374
813.969,0.393644011609121
814.088,0.3972190840641272
814.206,0.40350861395839477
814.325,0.41073718930792263
814.444,0.4186110861532125
814.562,0.42684093661043665
814.681,0.4341031159722798
814.8,0.4441394932397231
814.918,0.44833375073646764
815.037,0.4516823072566061
815.156,0.4542231228881243
815.274,0.4539312447407524
815.393,0.45438612242261345
815.512,0.4485085106725795
815.631,0.4432158576554447
815.749,0.44647480347607515
815.868,0.4480666169079431
815.987,0.4450696157691749
816.105,0.43759083506196095
816.224,0.43791938654937684
816.343,0.43929899686643803
816.461,0.4330424065330687
816.58,0.4274821660104592
816.698,0.4248236941809437
816.817,0.41555954474533896
816.936,0.39610155594418084
817.055,0.3773548520703669
817.173,0.3652343615879461
817.292,0.35503427817970246
817.41,0.34591263464817606
817.529,0.34017690650569654
817.648,0.33812455149090825
817.766,0.3338443749189084
817.885,0.3268366726806354
818.004,0.32289191393526584
818.122,0.32076114955840773
818.241,0.32170826379103795
818.359,0.324250946312129
818.478,0.3277644114112229
818.597,0.33949343522492736
818.715,0.3451848803094516
818.834,0.3487451140642597
818.953,0.3708203718986708
819.071,0.37668327533942275
819.19,0.40329014376494693
819.308,0.4314489199532858
819.427,0.5318201628054275
819.546,0.6506423402530495
819.664,0.7593065910811565
819.783,0.8326849499241519
819.901,0.8517115782654978
820.02,0.7837688726712255
820.138,0.6833346342964384
820.257,0.5510765246359279
820.376,0.4762329443985416
820.494,0.40541352757766536
820.613,0.36643504605988264
820.731,0.34185902721650424
820.85,0.3171675246454718
820.969,0.2969080179209365
821.087,0.2939912930338107
821.206,0.3022703049164589
821.324,0.31716246196348874
821.443,0.336074654557889
821.561,0.37146588141388626
821.68,0.3992321089568912
821.798,0.41198543284969324
821.917,0.41078437948022994
822.035,0.40043307801656636
822.154,0.375217601772022
822.273,0.3454220231081825
822.391,0.3200248362785246
822.51,0.306347982188677
822.628,0.290489978780945
822.747,0.28577419464189224
822.865,0.28655888948166386
822.984,0.29287766731257553
823.102,0.2945136637976725
823.221,0.29699100518370514
823.339,0.29493367179672114
823.458,0.29263986573048006
823.576,0.2820191098717678
823.695,0.28447280398987485
823.813,0.28379821348002043
823.932,0.2927244137480036
824.05,0.29815890821779856
824.169,0.3053520126654369
824.287,0.3015447814519505
824.406,0.29891369066950574
824.524,0.28945849620092096
824.643,0.28273953954995035
824.761,0.2735438427320241
824.88,0.27438392196246364
824.998,0.2802795381568099
825.117,0.2838763909901675
825.235,0.2820598863581111
825.354,0.2857339039604895
825.472,0.2901453429442352
825.591,0.28251161040245454
825.709,0.2821948403941075
825.828,0.2807548251592895
825.946,0.28061914343953154
826.064,0.27258900801173314
826.183,0.2676915132875667
826.301,0.26328189903849886
826.42,0.261359603997301
826.538,0.26075035462250434
826.657,0.26853775225090726
826.775,0.27476754167883544
826.894,0.28669881186295665
827.012,0.2839438840721644
827.13,0.28065564815999494
827.249,0.2692570216458319
827.367,0.2561458350966279
827.486,0.24864776319715776
827.604,0.24160334546394657
827.723,0.2392448205591719
827.841,0.24157841144807718
827.959,0.23543258989604304
828.078,0.23865295333216247
828.196,0.24381488192428744
828.315,0.25072172997071995
828.433,0.26047682920915166
828.552,0.2754386834669098
828.67,0.28865250678773885
828.788,0.2956539439058745
828.907,0.29167184736904317
829.025,0.27771184836061186
829.143,0.2529767850328743
829.262,0.2242857826997755
829.38,0.1953301603395686
829.499,0.1735450550891488
829.617,0.1538873653340691
829.735,0.13867014725338053
829.854,0.12300914172482255
829.972,0.10938325223198761
830.091,0.09793705140565911
830.209,0.10141018779647756
830.327,0.11239024964543805
830.446,0.12823548207331073
830.564,0.14525104532999927
830.682,0.16085053491369047
830.801,0.17958555974441714
830.919,0.19290960668026103
831.037,0.20654323779168032
831.156,0.21721287055756944
831.274,0.22462851479757623
831.392,0.21984465797401484
831.511,0.2154354236581186
831.629,0.20397992579688567
831.747,0.19516483208851548
831.866,0.1899883061580826
831.984,0.1946092167071854
832.102,0.1961709175425308
832.221,0.19951612021669424
832.339,0.20040325161963285
832.457,0.2026756150857985
832.576,0.19600184371775414
832.694,0.1912005625915112
832.812,0.1940659746453926
832.93,0.18999153585960285
833.049,0.18753382344410224
833.167,0.18499894625958083
833.285,0.18482195060586235
833.404,0.1812777084588279
833.522,0.1806128323300107
833.64,0.18343530592371107
833.759,0.18285381752915822
833.877,0.1806033298562697
833.995,0.18846453840771876
834.113,0.1994496755114586
834.232,0.21800878361319304
834.35,0.2447311775214916
834.468,0.2764891949049175
834.586,0.30055749413681776
834.705,0.3197239636463285
834.823,0.33683685462544877
834.941,0.339904513049747
835.059,0.33502233337533666
835.178,0.32540198796444364
835.296,0.31022764607363096
835.414,0.29348325005185627
835.532,0.28178505654612274
835.651,0.277321060136083
835.769,0.2753338038929991
835.887,0.28519694036331683
836.005,0.3034212529349454
836.124,0.31992989398891136
836.242,0.3351447805687313
836.36,0.35230061000803226
836.478,0.36701579247879024
836.596,0.37591623622592163
836.715,0.3826890481562636
836.833,0.39657719854614637
836.951,0.4087409652670255
837.069,0.42250154486941427
837.188,0.43288554353062164
837.306,0.4458906551524364
837.424,0.4528588681914276
837.542,0.46379671075931606
837.66,0.473862715896575
837.779,0.47996531447018037
837.897,0.48705425303489736
838.015,0.48937577792648657
838.133,0.48248171358881753
838.251,0.47759082176306555
838.369,0.47886128782500936
838.487,0.48277464722591323
838.606,0.48317825422942273
838.724,0.4795879621395849
838.842,0.47620862857150537
838.96,0.46569404305510564
839.078,0.4518078549697195
839.196,0.4476400717052751
839.315,0.4551888874014948
839.433,0.46200588238506635
839.551,0.4605805599034798
839.669,0.4631547371839599
839.787,0.4640480915521414
839.905,0.46022568285871723
840.023,0.45703739432361656
840.142,0.46180827833508975
840.26,0.464321470556182
840.378,0.46117176440559143
840.496,0.4482103089554051
840.614,0.4404736551237517
840.732,0.42744312475936136
840.85,0.4152408710688951
840.968,0.4111066918167657
841.087,0.40801112546379437
841.205,0.407265350786809
841.323,0.40526440402018793
841.441,0.40235054825232963
841.559,0.4004273885512537
841.677,0.39983283192968794
841.795,0.3998873305830303
841.913,0.4071498898780432
842.031,0.41817049788367067
842.149,0.4281948091537966
842.267,0.43440506502611553
842.385,0.43930040834246026
842.504,0.44946286944099423
842.622,0.4598331775786647
842.74,0.4670260396629491
842.858,0.48103553787508113
842.976,0.49278796659335655
843.094,0.5004911118276166
843.212,0.5073603797192333
843.33,0.5082848489136317
843.448,0.5130389309189463
843.566,0.5141494667741286
843.684,0.5105044125901462
843.802,0.5114799100995424
843.92,0.5040127106629363
844.038,0.5068526085593171
844.156,0.514251450793165
844.274,0.5253971404001887
844.392,0.5365011361400804
844.51,0.5518610178100753
844.628,0.5618262109103869
844.746,0.5676780239846738
844.864,0.5645494759159109
844.982,0.556511630566466
845.1,0.5447991242406709
845.218,0.5343486352662793
845.336,0.5117652309564263
845.454,0.4927463411381116
845.572,0.4628042804276927
845.69,0.4283287895373058
845.808,0.39424721234683907
845.926,0.3632335570214709
846.044,0.3425736712684169
846.162,0.32592448661486784
846.28,0.3094439443194205
846.398,0.30192198278867044
846.516,0.2866206924068868
846.634,0.26957759405341736
846.752,0.24959165543624603
846.87,0.2390223078257016
846.988,0.22526369052780842
847.106,0.21244909705737058
847.224,0.19980439053808322
847.342,0.19332664257521076
847.46,0.17741734918926122
847.578,0.16621511958015345
847.696,0.1544399685137241
847.814,0.15380139677597723
847.932,0.1460479852996393
848.05,0.14625806317426854
848.168,0.14987542816138757
848.285,0.1556366175415066
848.403,0.15731801160805103
848.521,0.16257823298619425
848.639,0.16005850321677947
848.757,0.16961630439215794
848.875,0.17293371602124685
848.993,0.17802840652391005
849.111,0.19338352212023308
849.229,0.21177668934848526
849.347,0.21916143106079589
849.465,0.22410365891499046
849.582,0.23069870633788703
849.7,0.24002688009577589
849.818,0.23820536702669312
849.936,0.23501977997621154
850.054,0.24302930739897977
850.172,0.24612144768624944
850.29,0.2442868663901551
850.408,0.24660424750459564
850.525,0.2524892545931964
850.643,0.2572292360769733
850.761,0.2603686709000945
850.879,0.26043022711372765
850.997,0.2655678560765716
851.115,0.2642696943844766
851.233,0.2644364187107269
851.35,0.26659698110102903
851.468,0.26518120536583
851.586,0.2708527647465755
851.704,0.28058294205920187
851.822,0.2875090512330588
851.94,0.30685868821925355
852.057,0.32638443512184234
852.175,0.3554064269861761
852.293,0.39534723366694347
852.411,0.43204836464188867
852.529,0.4723283229284325
852.647,0.5179040246372864
852.764,0.553351850412169
852.882,0.5982038212631913
853.0,0.6398671447233892
853.118,0.6813381785575597
853.236,0.7164126264178263
853.353,0.7388687676536303
853.471,0.7515268501133741
853.589,0.7536226936651431
853.707,0.7389495127749632
853.824,0.720629051955505
853.942,0.6988878271416359
854.06,0.670429533643817
854.178,0.6407677186678846
854.296,0.6158042424508756
854.413,0.5949535239633668
854.531,0.5673091943194117
854.649,0.5381912665057704
854.767,0.5047944277906244
854.884,0.46789405964332753
855.002,0.4242865795564704
855.12,0.37654144987913873
855.238,0.34194606805807387
855.355,0.30754670964218267
855.473,0.2663960562335017
855.591,0.22882671932251694
855.708,0.1992576265287137
855.826,0.17117208864898653
855.944,0.14463171303924688
856.062,0.120934870278084
856.179,0.10807762520158362
856.297,0.09276989570454508
856.415,0.07584422398467472
856.532,0.061431539162339246
856.65,0.05341292919883921
856.768,0.0470797536245284
856.886,0.0378158721903779
857.003,0.03963273725750055
857.121,0.037831580807398686
857.239,0.03721126304228353
857.356,0.03152208343048033
857.474,0.022450243801428713
857.592,0.018736293573648876
857.709,0.015565211952663435
857.827,0.011894159027472817
857.945,0.017829429282897283
858.062,0.017040589010098098
858.18,0.022659143775216942
858.298,0.022631929304698463
858.415,0.025308230884313738
858.533,0.035028657575317756
858.651,0.037610252449331305
858.768,0.04089510759534888
858.886,0.045918097890632045
859.003,0.04799442006954284
859.121,0.04888536019925964
859.239,0.04253308237838109
859.356,0.039760109612083795
859.474,0.04291419404183714
859.592,0.03583854492665507
859.709,0.036356446608707814
859.827,0.03932889415861453
859.944,0.04499335481387336
860.062,0.04835385095836888
860.18,0.044701558803220826
860.297,0.05078243076919288
860.415,0.06312463723488998
860.532,0.06294762966463804
860.65,0.06307746273178573
860.768,0.06348595631909612
860.885,0.06860529608503445
861.003,0.07553152652210746
861.12,0.07522851014946011
861.238,0.08618577129970399
861.356,0.0977106521473364
861.473,0.10721663200008705
861.591,0.10971441461985465
861.708,0.11593041897267768
861.826,0.1250537926873141
861.943,0.13217399389003337
862.061,0.12816442175456072
862.178,0.12235454577411263
862.296,0.1133199292044273
862.414,0.10551434827035447
862.531,0.09705908976484914
862.649,0.08874753116336223
862.766,0.08931742228629128
862.884,0.08840847414961558
863.001,0.08519392967297182
863.119,0.08235307235519959
863.236,0.08443147493265057
863.354,0.08752270070876306
863.471,0.09056734154688019
863.589,0.08877347671818372
863.706,0.09562897126680678
863.824,0.10091245481705036
863.941,0.10543549201452522
864.059,0.11155720898308291
864.176,0.11893596493084929
864.294,0.1246046500296723
864.411,0.1299453848601572
864.529,0.12707802853432382
864.646,0.12422747421464814
864.764,0.12136634085405831
864.881,0.12131674319053033
864.999,0.11800631173935208
865.116,0.1196966551579367
865.233,0.12736664587910382
865.351,0.1425639353589385
865.468,0.15529132993358538
865.586,0.1703554479572068
865.703,0.19092066725617715
865.821,0.2092686440388502
865.938,0.21999224380505533
866.056,0.23093053587216503
866.173,0.23086289160943066
866.29,0.23228378063296728
866.408,0.2318850746192731
866.525,0.22981923621681644
866.643,0.23478970461530663
866.76,0.23852678130251379
866.878,0.2410292216853891
866.995,0.24571654516529504
867.112,0.24014593273763848
867.23,0.23681994387335126
867.347,0.23067370716066105
867.465,0.2258766093127848
867.582,0.2240640455957426
867.699,0.22369458751869298
867.817,0.2204333174929391
867.934,0.22266008051552266
868.051,0.22538779224021674
868.169,0.22845963394288238
868.286,0.23559756113572097
868.404,0.24309766490573748
868.521,0.25173532672228527
868.638,0.26405138329432937
868.756,0.27248742103698426
868.873,0.2836472506667661
868.99,0.30049922660487577
869.108,0.32094372037812
869.225,0.3423166805657105
869.342,0.3642198373920563
869.46,0.39461796407245064
869.577,0.42968642616817215
869.694,0.4557091859857859
869.812,0.478809019028477
869.929,0.5007737832107342
870.046,0.5271873452456461
870.164,0.5365705182983778
870.281,0.5441179166042451
870.398,0.5510175042282528
870.516,0.5510575172642322
870.633,0.5539632057948931
870.75,0.5490671627996431
870.867,0.5518857298168935
870.985,0.5491820374769667
871.102,0.5380592954589638
871.219,0.5252719102382958
871.337,0.5105896321009495
871.454,0.4914772250066793
871.571,0.4782368079162769
871.688,0.45529354341804174
871.806,0.4394177005469716
871.923,0.4193930067479884
872.04,0.39875410627946095
872.157,0.3692779728684864
872.275,0.34766766752543155
872.392,0.32596028392457643
872.509,0.3060581825408917
872.626,0.2841000134407191
872.744,0.26911343230296014
872.861,0.2570659576497569
872.978,0.238488103269912
873.095,0.21822755908819552
873.213,0.19870008021217592
873.33,0.17575992719656197
873.447,0.15896744154510775
873.564,0.1448595430997458
873.681,0.1281852937879201
873.799,0.1177931278895161
873.916,0.10273891023360521
874.033,0.09188008654293173
874.15,0.07828528741130406
874.267,0.06683759243879363
874.385,0.06370260515615694
874.502,0.06125721704103115
874.619,0.05209069079293378
874.736,0.05699507024574256
874.853,0.05122258954781196
874.97,0.05000662774242605
875.088,0.0497034905896593
875.205,0.04980716146763282
875.322,0.053653623042499
875.439,0.05027415818218088
875.556,0.044027151774069344
875.673,0.04531575751339337
875.791,0.039179715481210665
875.908,0.0395984527287038
876.025,0.03708265635075574
876.142,0.040573375309178636
876.259,0.048400694049055455
876.376,0.05213820241925603
876.493,0.05127540839738144
876.61,0.05285494409381397
876.728,0.05069291854619358
876.845,0.04807921600312398
876.962,0.04521513532152352
877.079,0.04527015094941142
877.196,0.048353701934667384
877.313,0.045777094624381676
877.43,0.04144256676262742
877.547,0.03905753442066594
877.664,0.039854983099175664
877.781,0.039278195233634045
877.898,0.046407449630568656
878.016,0.04363541354112762
878.133,0.04863823017239758
878.25,0.04303653602226805
878.367,0.04481929088757003
878.484,0.0458753788988483
878.601,0.049050662402697745
878.718,0.047466919586884
878.835,0.04698033914765674
878.952,0.03838922854450047
879.069,0.03445928091423285
879.186,0.02989483203148687
879.303,0.030304849732338636
879.42,0.03587077361156349
879.537,0.038342609919742664
879.654,0.035043170772326014
879.771,0.03645068707590471
879.888,0.032276204198326504
880.005,0.029712637744520203
880.122,0.026458838245858703
880.239,0.022514805702342044
880.356,0.017880540113970222
