wavelength_nm,intensity
792.446,151.18626749141134
792.565,185.5292977944417
792.684,207.86670039184435
792.803,218.19847528361925
792.922,216.52462246976626
793.041,194.8544925996364
793.16,167.877869223013
793.279,142.67180861695238
793.398,115.65535840050222
793.518,102.22765277279657
793.637,97.19561814076201
793.756,107.67700342214724
793.875,125.91509866024248
793.994,146.17050991565372
794.113,185.0371765823203
794.232,209.712501257645
794.351,218.8839298290735
794.47,211.41553156067528
794.589,186.07180861695244
794.708,154.37050991565377
794.827,127.9090380541819
794.946,113.26747961262348
795.066,110.49691684206064
795.185,111.84150558664933
795.304,108.78263112777486
795.423,111.57224151738528
795.542,110.01812896327279
795.661,109.90211164725551
795.78,119.74453588967978
795.899,118.88306402820793
796.018,111.03804238318625
796.137,103.86834541348927
796.256,97.00341034855425
796.375,96.71769606283996
796.494,92.66574801089192
796.613,87.19648394162789
796.732,90.29778264292656
796.851,85.85968740483125
796.97,79.23457917972299
797.089,74.28999043513426
797.208,74.49431943946334
797.327,80.05795580309967
797.446,82.65449259963651
797.565,88.91336705851099
797.684,100.86834541348927
797.803,112.87527182041558
797.922,116.69172203686577
798.041,118.56271770786144
798.16,117.94713329227702
798.279,112.24410298924667
798.398,98.15752290266661
798.517,93.17050991565368
798.636,87.19475233989611
798.755,78.30470904985285
798.874,74.97224151738531
798.993,76.55319389833772
799.112,82.86228480742862
799.231,78.5012458463897
799.35,69.45189519703908
799.469,69.98089952604349
799.588,70.09518524032917
799.707,71.1168302619742
799.826,82.43457917972304
799.945,89.96012030526417
800.064,97.95232809747195
800.183,100.6371765823205
800.302,97.36358350872743
800.421,93.61379995894394
800.54,91.92115926630322
800.659,97.36185190699584
800.778,104.78609433123819
800.897,109.96358350872728
801.016,116.53154887669265
801.135,119.8726744178182
801.254,125.98176532690907
801.373,135.63457917972295
801.492,137.3583887035325
801.611,142.28999043513426
801.729,148.58436272950655
801.848,166.3904233355671
801.967,179.25622420136798
802.086,197.04843199357578
802.205,205.26661381175757
802.324,206.44496879011257
802.443,184.3237566689004
802.562,159.8415055866493
802.681,131.41899476413852
802.8,108.62678697193073
802.919,82.32473378612241
803.038,68.50818858777569
803.157,50.7052375417058
803.276,38.862197102825974
803.394,27.67766501560409
803.513,17.022002775344923
803.632,-5.607896814296533
803.751,-12.734376952480982
803.87,-18.200579910377407
803.989,-19.32336423890442
804.108,-16.80244542665188
804.227,-10.197272477502647
804.346,-6.693072065190451
804.465,-10.20627785092028
804.583,-24.20459242210446
804.702,-21.42956951234125
804.821,-19.914782781914106
804.94,-15.387822948599073
805.059,-11.541328862486525
805.178,0.03002046559275784
805.297,11.039544494694402
805.416,19.59331235696223
805.535,20.75341792431943
805.653,18.14531110966182
805.772,14.491112465685827
805.891,6.625301275403199
806.01,4.606404820046247
806.129,14.002230198282126
806.248,29.981330047129507
806.367,44.52294041675947
806.485,60.58492567344684
806.604,84.8149498763735
806.723,116.91619616355183
806.842,140.41108500510617
806.961,174.3890907297774
807.08,207.4458843332365
807.198,223.15462598864374
807.317,231.4001641808477
807.436,227.43444696179625
807.555,223.29470376871888
807.674,211.83634585702669
807.793,191.9069922743388
807.912,187.542140856153
808.03,190.16083922151694
808.149,190.36395317129666
808.268,211.71425326826252
808.387,229.25935856003363
808.506,259.9377971851381
808.624,285.51147390548067
808.743,308.355280495953
808.862,331.49086197820026
808.981,340.5164867504907
809.1,337.44514182581133
809.219,321.1235804509153
809.337,290.176910850911
809.456,267.16097718164247
809.575,231.7814071487375
809.694,211.63733495133027
809.812,192.79715885781914
809.931,187.8877186950439
810.05,191.92979368378383
810.169,206.18225828291338
810.288,223.6234674707875
810.406,242.50883250281748
810.525,251.8314269720767
810.644,269.0025062898208
810.763,270.45670249068166
810.882,282.76804154868535
811.0,280.95643688374537
811.119,287.8530573270306
811.238,287.9739201945585
811.357,281.0047397720433
811.475,275.1420528560216
811.594,269.82308888372296
811.713,270.77771798501726
811.832,283.1306154845802
811.95,291.45927055990046
812.069,301.16714641444173
812.188,311.2196110135717
812.307,315.1984825391085
812.425,316.231033718325
812.544,304.58219961615623
812.663,301.6485170291388
812.782,295.21613314342017
812.9,295.999333673286
813.019,294.4846987053163
813.138,298.62287759016033
813.257,310.97404348799125
813.375,330.313088173701
813.494,342.48243588971354
813.613,364.37732473126727
813.731,367.7362828368903
813.85,380.5385309858034
813.969,382.86545445939174
814.088,381.7837199243221
814.206,381.71930140656866
814.325,389.4020690360013
814.444,396.8043171849147
814.562,409.70180342906633
814.681,410.0192030931316
814.8,430.75045557104954
814.918,432.48517125243075
815.037,430.4744323883572
815.156,425.8411827017728
815.274,422.7066343138897
815.393,416.14957510349575
815.512,408.6297453303313
815.631,391.7679242151754
815.749,391.13554032945694
815.868,381.336056876639
815.987,377.2629803502281
816.105,381.5076527415662
816.224,385.98782296840216
816.343,392.8108503380954
816.461,393.02435389826485
816.58,385.891537112114
816.698,375.5829627502058
816.817,365.4570723709818
816.936,348.5987144592905
817.055,332.8918716991143
817.173,307.6439033978127
817.292,300.323207823784
817.41,295.74536939261225
817.529,292.3519465458559
817.648,283.2979176384935
817.766,292.08284977009225
817.885,294.06258709649603
818.004,289.5955711761468
818.122,283.6489015761438
818.241,293.81824929215827
818.359,299.873311293887
818.478,309.25564602288836
818.597,318.85702837093737
818.715,335.34585660643233
818.834,352.69311812945125
818.953,362.642914554399
819.071,355.4900137413538
819.19,371.6532932910303
819.308,384.31648588331694
819.427,503.41124499729614
819.546,627.7478099382546
819.664,747.2691750004976
819.783,828.0024830645716
819.901,844.4655090425375
820.02,776.7814939223986
820.138,673.9167819398208
820.257,539.4191826004586
820.376,478.72218838364046
820.494,403.6581876630215
820.613,357.17230317953874
820.731,315.78840414230626
820.85,285.67376917433785
820.969,265.01714286437834
821.087,252.54579793970038
821.206,254.15150929207863
821.324,265.0394717267079
821.443,285.6451830790861
821.561,319.67686845743816
821.68,345.0687269959634
821.798,359.9835292574322
821.917,353.5580717786416
822.035,333.17244113967786
822.154,314.36689708080064
822.273,284.20724046781095
822.391,264.35927216650964
822.51,253.30610906001345
822.628,240.2616039621753
822.747,241.03787808511623
822.865,236.80809160199664
822.984,236.5445388851107
823.102,234.89050997774854
823.221,229.6763079102132
823.339,223.93656471713666
823.458,226.95179987903845
823.576,228.60080127470627
823.695,236.32339574396735
823.813,240.20789497513323
823.932,244.56512147902635
824.05,245.39247785304946
824.169,253.85360046083875
824.287,252.1909135448188
824.406,252.2122093127814
824.524,250.37116741840626
824.643,237.36908656299215
824.761,221.25964640021877
824.88,210.45929714653627
824.998,206.71003014393602
825.117,211.6490748296476
825.235,211.0236173508572
825.354,211.53149320539995
825.472,223.77270239327595
825.591,231.61044837768878
825.709,237.77200388591115
825.828,248.43226069283475
825.946,249.9825607898017
826.064,243.92939768330564
826.183,233.03727353784853
826.301,235.73562558286773
826.42,233.50237589628503
826.538,228.63882317939948
826.657,224.02548691273046
826.775,227.47102510493588
826.894,223.59361957419773
827.012,213.5716252988708
827.13,216.9773366512495
827.249,223.31378393436398
827.367,215.1255558928029
827.486,204.28624560015956
827.604,189.67723833781918
827.723,184.72623973348732
827.841,179.9968861508005
827.959,175.03549793607897
828.078,186.57714002438763
828.196,197.36986436377856
828.315,207.1348830754638
828.433,223.40639529364262
828.552,237.03288586679977
828.67,254.58491756549816
828.788,262.8521007793481
828.907,264.61798529189934
829.025,254.5223979429786
829.143,225.86057682782416
829.262,187.60741372132762
829.38,150.4134656684494
829.499,114.46445880648383
829.617,83.5143527348614
829.735,61.63061194107619
829.854,53.496095301333256
829.972,46.107428899169946
830.091,42.781588574320466
830.209,46.95327970316821
830.327,50.56531737309488
830.446,60.044009648587874
830.564,69.87877649170622
830.682,87.83558623426478
830.801,111.66385076494143
830.919,133.9381555862471
831.037,162.21178143250538
831.156,178.6952873223426
831.274,185.77260853594362
831.392,178.44040594002087
831.511,169.55582239171707
831.629,158.77253754471198
831.747,144.46804057649473
831.866,134.7089981537319
831.984,139.82528040629364
832.102,143.46537218266482
832.221,136.25174957085193
832.339,130.0684531456784
832.457,129.85553662632827
832.576,129.65495432223423
832.694,127.29108061359676
832.812,121.74906492973909
832.93,123.81119538547112
833.049,125.21187713606753
833.167,109.36187020214277
833.285,107.32629634889307
833.404,98.48049133083228
833.522,96.29495689271641
833.64,96.93616761477668
833.759,98.11678736293527
833.877,112.14761734075392
833.995,130.9817519335894
834.113,142.8414185354336
834.232,158.84025545490329
834.35,174.75717672477458
834.468,193.7909811115291
834.586,218.6498937233919
834.705,245.25166347811182
834.823,260.865554444953
834.941,270.5807441130928
835.059,262.4474489327479
835.178,250.73753037577947
835.296,228.68908368028303
835.414,207.23890538305514
835.532,191.94716864426874
835.651,185.1272933773438
835.769,173.40958261258322
835.887,183.7100536660045
836.005,205.69017839907946
836.124,234.6737663356174
836.242,259.1551897699909
836.36,288.0045785723299
836.478,308.52063404133554
836.596,326.13192760557934
836.715,333.70772333432546
836.833,343.1709649505176
836.951,358.92598145848456
837.069,370.00221008766357
837.188,379.84207508047905
837.306,391.18410457545906
837.424,405.2984284427335
837.542,412.78071767797337
837.66,419.66127531148163
837.779,432.6639108670678
837.897,441.87607023217777
838.015,444.7419092509676
838.133,440.80168766369684
838.251,435.9696911846512
838.369,436.6762228441338
838.487,428.9134904343524
838.606,425.3550870289
838.724,429.36378319054717
838.842,425.97507675479164
838.96,421.0729504056162
839.078,418.2271011127177
839.196,417.36913060769825
839.315,419.2143923813136
839.433,419.68048798324673
839.551,415.9063425016352
839.669,415.4171139270437
839.787,401.22290962840464
839.905,393.14104562303413
840.023,393.11437905378926
840.142,395.17407875183886
840.26,396.3807507777889
840.378,402.24953029550966
840.496,394.79933061635415
840.614,393.5332248072099
840.732,374.15923698617337
840.85,364.4770240569119
840.968,361.1090968419362
841.087,361.4987453845364
841.205,360.91090474964756
841.323,364.55596454765924
841.441,358.2754832201299
841.559,358.93266423026296
841.677,351.67296212351266
841.795,342.331874735377
841.913,347.7206574771115
842.031,366.91550082490636
842.149,377.93978140213846
842.267,392.5831095984181
842.385,410.14505251331235
842.504,421.6515841727952
842.622,434.8031374772997
842.74,438.7823964095097
842.858,454.591092571157
842.976,464.2829056159213
843.094,464.9227706087378
843.212,469.74445378337236
843.33,480.02934042121035
843.448,480.5315430763642
843.566,490.0796331774053
843.684,495.79309124381416
843.802,494.3264627301363
843.92,483.1559381125621
844.038,481.3767554863299
844.156,486.68415294667756
844.274,499.36471058018526
844.392,507.32751929594394
844.51,525.2738777952525
844.628,538.4133098876343
844.746,535.4826121098865
844.864,527.9804857607099
844.982,522.5978399310139
845.1,516.2766659627898
845.218,507.02389026296396
845.336,482.0213310133546
845.454,458.3815423265157
845.572,433.9227060206291
845.69,395.08118573205854
845.808,363.3755961794187
845.926,339.1704395272118
846.044,316.4613867711087
846.162,301.7930266556983
846.28,285.02336783898926
846.398,271.9359601045312
846.516,266.2372969588175
846.634,241.73863381310372
846.752,218.61659404401334
846.87,194.94563652600522
846.988,178.16385649717452
847.106,163.87991196617946
847.224,151.03839167760856
847.342,141.40033459250077
847.46,135.5328402779556
847.578,119.27573557380009
847.696,107.11646636748013
847.814,97.21132749060996
847.932,94.4689473262855
848.05,86.16543334666252
848.168,79.8162335848178
848.285,82.57267343128655
848.403,91.46870888081511
848.521,99.07027718171184
848.639,113.28482064537081
848.757,128.0807671657526
848.875,143.5321249415458
848.993,154.501231635088
849.111,162.83830369659546
849.229,174.3182329009602
849.347,182.44578115294382
849.465,186.6798229114209
849.582,194.38312873916203
849.7,203.11673759720622
849.818,209.0399568448608
849.936,209.7761631055024
850.054,220.18769404146866
850.172,224.99922497743495
850.29,223.51724941989465
850.408,223.58592321300372
850.525,231.31866627018186
850.643,237.26526214121273
850.761,244.2629402633259
850.879,248.35845388327465
850.997,256.42885927811506
851.115,250.9693945430855
851.233,238.86404236216868
851.35,240.74570316826495
851.468,245.50874925574652
851.586,257.55924123067405
851.704,278.6867894826579
851.822,296.0290563493604
851.94,316.59556564030527
852.057,337.3118584810336
852.175,357.75109504470595
852.293,398.23968225772876
852.411,438.9992651417473
852.529,490.90776577468336
852.647,542.743539134892
852.764,589.3888363046244
852.882,631.7795880198114
853.0,670.8560540207126
853.118,701.9619572510512
853.236,727.5284665419963
853.353,754.1633741013395
853.471,768.0155976779986
853.589,767.0427130295494
853.707,759.9356292469008
853.824,744.1064675421742
853.942,723.2634530235946
854.06,693.4490099335864
854.178,656.070064679076
854.296,624.9318120652583
854.413,593.7286243865055
854.531,562.1349605172766
854.649,535.401036907788
854.767,502.4246890558752
854.884,463.4145749701961
855.002,418.43649551655176
855.12,369.277463681955
855.238,323.6231937521202
855.355,281.93775499111655
855.473,245.15274913054583
855.591,209.8681761704081
855.708,168.46498849165567
855.826,123.19168513026526
855.944,91.48402887620352
856.062,65.44041102852611
856.179,48.36586929945325
856.297,28.87602827639414
856.415,17.651593835965386
856.532,11.737828120365247
856.65,-3.420197540716121
856.768,-13.479586657772941
856.886,-16.749551634917534
857.003,-19.600011977714054
857.121,-22.626569102138394
857.239,-27.304713333645534
857.356,-32.74630968166833
857.474,-36.60237070495855
857.592,-46.02110693418526
857.709,-42.55252306536882
857.827,-43.21497526673139
857.945,-38.25321333870703
858.062,-33.69294244406907
858.18,-22.24775039940795
858.298,-20.313099675927365
858.415,-22.73478635769905
858.533,-19.939395725230543
858.651,-18.576071642235966
858.768,-16.949938708250826
858.886,-11.443849304911529
859.003,-11.763396485442335
859.121,-11.471674790096216
859.239,-13.274991861684537
859.356,-19.053837324821323
859.474,-10.697824667327968
859.592,-10.219612738503667
859.709,-9.659367696589735
859.827,-7.313507716777681
859.944,-9.539112108254798
860.062,-11.806721390853449
860.18,-12.798222755258223
860.297,-13.1778838530429
860.415,-1.5114743157106032
860.532,-1.6049220118154954
860.65,0.9074214789209494
860.768,7.660685772470532
860.885,17.7189440871843
861.003,31.288069185973796
861.12,43.67415590980506
861.238,55.01823012920397
861.356,71.98631476803708
861.473,71.19939498297589
861.591,78.48953147497102
861.708,77.53031731761536
861.826,83.90963129878764
861.943,85.26903186004634
862.061,86.00592159879432
862.178,73.81900181373267
862.296,70.95329414988319
862.414,63.271136269583536
862.531,58.91798271828818
862.649,50.096430898594534
862.766,52.29046349448518
862.884,48.94596795184749
863.001,56.21099621873353
863.119,53.53403314362815
863.236,60.52113933259194
863.354,56.77672579916222
863.471,50.03860679927597
863.589,50.63255565736557
863.706,49.875767969821965
863.824,49.82577935391268
863.941,57.270075837391985
864.059,70.18150511391217
864.176,79.6420860668331
864.294,88.53651526272867
864.411,100.19371502139484
864.529,102.20589313503928
864.646,105.63538726599975
864.764,98.53934027141918
864.881,95.30909414263954
864.999,97.78620732121915
865.116,99.7516321881105
865.233,117.52831246625722
865.351,127.16733040674166
865.468,132.90937865025649
865.586,156.32155676390119
865.703,168.22377816758922
865.821,188.30175714703478
865.938,207.99272313946742
866.056,213.2533861015971
866.173,211.3677287174064
866.29,203.3885648397093
866.408,198.62844858105979
866.525,200.28911154318962
866.643,197.9558351113801
866.76,202.2130348700469
866.878,206.68149003996922
866.995,199.43652529647164
867.112,195.39329215470568
867.23,194.16564342852405
867.347,193.34751851186613
867.465,190.8878351536498
867.582,191.62728599456779
867.699,190.6966069653559
867.817,194.7053218755379
867.934,196.35992423160718
868.051,211.0534876266375
868.169,222.50982158443833
868.286,223.7012204773039
868.404,222.36794404549403
868.521,227.8667022457186
868.638,234.5689236494062
868.756,248.7914913734401
868.873,263.4434963269112
868.99,292.1820813669625
869.108,316.7301902165377
869.225,336.3718055596195
869.342,353.1199144091947
869.46,381.77797996872664
869.577,412.03950873172164
869.694,446.07506346874266
869.812,471.5556398507854
869.929,499.4691166657286
870.046,522.7185242166024
870.164,536.5488841484287
870.281,543.5454778464886
870.398,556.1576559601328
870.516,565.0676695716124
870.633,577.0841766895858
870.75,569.1716794785547
870.867,570.5353727437141
870.985,567.0947370045446
871.102,550.1484735597476
871.219,531.8065391192794
871.337,516.2014012156077
871.454,505.6975620132346
871.571,488.53051934765807
871.688,464.0812255998303
871.806,442.12110934117993
871.923,416.4830710046075
872.04,386.42858245158493
872.157,354.5290722535406
872.275,325.2364884624228
872.392,307.17853670593706
872.509,281.7604117892782
872.626,267.8297327600653
872.744,248.07048230228116
872.861,230.7441322773974
872.978,208.49224112697266
873.095,196.42909456529262
873.213,179.47936791703262
873.33,161.7859183250499
873.447,138.73575877635724
873.564,122.00421394627928
873.681,104.65275569628773
873.799,86.48138402638273
873.916,69.06239330885865
874.033,68.76894371687553
874.15,63.138697588095866
874.267,45.573500934059965
874.385,25.305961833513138
874.502,11.479843738660676
874.619,3.9350191298162014
874.736,-3.237304059168327
874.853,-3.3550231465422025
874.97,1.921190772437129
875.088,11.707095838405877
875.205,16.932974665989295
875.322,22.027010082424134
875.439,19.149434462070303
875.556,15.5152319395237
875.673,14.449062878568913
875.791,9.798212091619455
875.908,7.40979062206269
876.025,7.973651079736435
876.142,10.843026996196308
876.259,12.047189511432677
876.376,1.4787517642468504
876.493,-11.678281932901239
876.61,-11.676880332865496
876.728,-8.260691773652777
876.845,-4.626488875528771
876.962,2.1883373717065937
877.079,8.628925453470053
877.196,14.2971742970205
877.313,16.217972185837706
877.43,4.324003419050355
877.547,5.201842736804674
877.664,2.2675576240148123
877.781,-12.188586456875697
877.898,-7.429083789255479
878.016,-4.440127779728286
878.133,0.7290941013226204
878.25,6.135866807506776
878.367,4.496207287101713
878.484,12.833684723566853
878.601,7.740610826689152
878.718,-1.187619243854627
878.835,1.0142965308810745
878.952,3.1119045776130223
879.069,4.041205257387696
879.186,0.9667236168211337
879.303,0.5731403735607046
879.42,0.4796188051539554
879.537,-6.4578646751968005
879.654,-6.483310216398998
879.771,-10.81375448034023
879.888,-13.872719719243102
880.005,-17.674636704966183
880.122,-22.57873034434698
880.239,-28.585000637385512
880.356,-35.693447584081774
