wavelength_nm,intensity
792.446,134.14549456492747
792.565,160.34246426189722
792.684,177.64982356925657
792.803,186.06757248700546
792.922,185.5957110151438
793.041,175.21475863419133
793.16,146.24246426189694
793.279,117.84246426189702
793.398,100.22255084198362
793.518,80.62341664284943
793.637,73.5740659934988
793.756,72.8130270324599
793.875,83.76887118830408
793.994,103.20523482466768
794.113,127.42081924025213
794.232,156.17666339609627
794.351,172.79051620994906
794.47,170.8632434826763
794.589,160.10220452163736
794.708,138.84333006276293
794.827,123.68402270345558
794.946,101.69614391557678
795.066,94.7610789805118
795.185,97.08142530085806
795.304,99.5480919675247
795.423,96.76887118830392
795.542,103.36540798484079
795.661,105.02774564717849
795.78,112.27276729220014
795.899,106.18012659955943
796.018,104.31605733549014
796.137,97.63640365583645
796.256,87.52558114501394
796.375,76.54895776839055
796.494,80.32211794155072
796.613,78.28488850432132
796.732,77.23094248895427
796.851,64.82575214551359
796.97,61.32682815648022
797.089,45.908188596740025
797.208,38.76860123689398
797.327,37.67318908909108
797.446,50.24607109966915
797.565,61.71321929201184
797.684,73.28600855009842
797.803,82.97974083006552
797.922,96.99035935329502
798.041,97.18798617396885
798.16,99.63842684745659
798.279,90.88713591921277
798.398,80.12978438490832
798.517,69.80879648696742
798.636,59.97525447647239
798.755,55.20837913264399
798.874,52.729815477127275
798.993,54.72311329347215
799.112,63.7683591617651
799.231,68.9330855495385
799.35,73.15235739185731
799.469,74.40626126880807
799.588,73.57964566523913
799.707,68.24999975863992
799.826,58.400873332560124
799.945,55.62187677661051
800.064,64.0151745929553
800.183,73.935745136573
800.302,70.95415117802628
800.421,74.38294682986924
800.54,75.8740801440499
800.659,79.21369830671551
800.778,81.22344633951101
800.897,85.37172251083472
801.016,96.2022497644095
801.135,107.51849130369854
801.254,112.75248176073629
801.373,121.31634234764414
801.492,119.39448864883775
801.611,125.95402023141676
801.729,129.3126860131299
801.848,137.81507473856595
801.967,149.95296129949978
802.086,168.83110760069317
802.205,183.40622359885617
802.324,180.82376383944342
802.443,160.64043827916493
802.562,130.62680968858353
802.681,105.49023737505851
802.8,79.82507879764721
802.919,57.46462198798764
803.038,45.959181826007985
803.157,39.00290796027667
803.276,35.99765743567886
803.394,23.843409819455218
803.513,9.362955232674231
803.632,-2.7233043123887435
803.751,-14.29988028600247
803.87,-20.705236607201996
803.989,-27.34665082960886
804.108,-22.185479154259628
804.227,-13.634899549698922
804.346,-9.944791915706665
804.465,-2.7030040641589643
804.583,-9.254302341949057
804.702,-13.848123711052004
804.821,-13.130403427278374
804.94,-16.860626700693487
805.059,-13.506357064045801
805.178,-9.260024751583325
805.297,-5.767805047285419
805.416,2.2011871629815936
805.535,8.615237755185685
805.653,7.359453883282819
805.772,16.14835506973988
805.891,17.121701717665296
806.01,12.960257427753156
806.129,12.28461603524529
806.248,16.65156878621675
806.367,29.614130813185923
806.485,57.483249647051096
806.604,85.84884041819282
806.723,122.64939359821977
806.842,149.95318420722464
806.961,175.92693101801274
807.08,200.4279505560737
807.198,223.55754152270595
807.317,226.30185110405685
807.436,222.96564120488836
807.555,210.37921485550368
807.674,200.74516945850002
807.793,179.91112406149642
807.912,169.1524033398175
808.03,175.22571725017326
808.149,188.4704597319577
808.268,202.7489684475085
808.387,225.37639491197703
808.506,258.2670248396492
808.624,290.10051191017845
808.743,312.5019643486731
808.862,334.1856678694187
808.981,345.3291116499047
809.1,344.34874590658126
809.219,331.53634553122333
809.337,307.48844732036775
809.456,279.542713611677
809.575,241.4766335826402
809.694,214.79670073975078
809.812,196.89339127348467
809.931,181.4368350539719
810.05,186.00798446216461
810.169,198.85099534221874
810.288,210.89140881967538
810.406,223.00368376899357
810.525,231.96098036333345
810.644,245.9312639706606
810.763,255.21756489400514
810.882,262.05191776540175
811.0,269.67241782294536
811.119,275.0427014302726
811.238,283.86146988608454
811.357,283.68543314709143
811.475,280.1552838539858
811.594,279.6805458162915
811.713,283.18849176128117
811.832,290.62717363700676
811.95,297.2771109239875
812.069,298.91839020231015
812.188,315.43585995682315
812.307,318.44510460311113
812.425,323.1772929723429
812.544,326.1216025536961
812.663,330.154223823361
812.782,325.4725593787403
812.9,315.540678483903
813.019,308.56637334664146
813.138,305.80592102323254
813.257,308.62295787731296
813.375,330.0001678915666
813.494,349.28560301404536
813.613,370.4420338075198
813.731,381.31188451441415
813.85,389.03454907412237
813.969,401.3476898243068
814.088,402.883341397002
814.206,406.45189340259776
814.325,416.0845146722626
814.444,419.1751445999361
814.562,421.7826576444926
814.681,422.4568373557157
814.8,434.6115365474584
814.918,443.0987032716686
815.037,443.00491761492634
815.156,435.2124306594827
815.274,428.48141556551104
815.393,425.91230523344404
815.512,417.5856191438013
815.631,413.01131400653946
815.749,414.7279179601867
815.868,421.3588076281196
815.987,416.69705660341174
816.105,409.49937484277314
816.224,409.01164979209113
816.343,415.5022797197641
816.461,414.6517841063113
816.58,405.33202442359436
816.698,397.839970368583
816.817,392.50116306681866
816.936,371.86105706375554
817.055,350.64952248926403
817.173,331.6830095597941
817.292,317.1476654614929
817.41,310.1759577268282
817.529,306.5081460960594
817.648,309.6386028635591
817.766,310.4339946959939
817.885,312.8120705111126
818.004,307.2940424301276
818.122,301.24874162186995
818.241,295.94456635473796
818.359,294.80835645557136
818.478,299.56218984644806
818.597,312.61905354035514
818.715,332.6222375805827
818.834,362.3777645054772
818.953,364.6421741043481
819.071,392.1427977793348
819.19,412.9868932868799
819.308,515.0172286202283
819.427,625.8198590035231
819.546,763.059209073522
819.664,873.8725144542269
819.783,935.404503170031
819.901,901.8153806193816
820.02,816.2626906742857
820.138,679.1168931805798
820.257,584.0059973698546
820.376,473.35495431400204
820.494,408.6310872335881
820.613,353.5357675585735
820.731,324.8703056583904
820.85,292.21288363801193
820.969,267.0758079379799
821.087,265.81145951067515
821.206,264.236288572548
821.324,281.0810310543343
821.443,306.5777215880685
821.561,335.15320000059046
821.68,364.54426282869684
821.798,372.7838105052881
821.917,368.2614534199747
822.035,357.1027326982977
822.154,325.1093799419889
822.273,294.20520467485767
822.391,271.08804239473943
822.51,254.4808368245779
822.628,230.9394321202172
822.747,230.92962914745817
822.865,236.73367898855184
822.984,245.6026638945806
823.102,249.33571806467856
823.221,250.8523220183263
823.339,254.43039783344588
823.458,247.8690797091715
823.576,232.44542392255948
823.695,240.16375947793904
823.813,241.66997382119746
823.932,247.85064703891493
824.05,254.6122726375848
824.169,263.89511035746693
824.287,263.3260000254011
824.406,254.19671653316186
824.524,244.86050663399618
824.643,234.1052491157829
824.761,227.04609549367353
824.88,225.935859620482
824.998,227.31306963473645
825.117,234.53530129401275
825.235,231.9436801394364
825.354,228.304439937241
825.472,228.5725590424049
825.591,229.88743139432194
825.709,242.44992279385787
825.828,246.51890769988722
825.946,238.0207930388172
826.064,233.84475629982515
826.183,220.7076805997943
826.301,215.5186568478155
826.42,206.95474132094492
826.538,205.38389938714792
826.657,218.03989728019064
826.775,229.2950293723676
826.894,231.0687761831593
827.012,235.56460091602884
827.13,233.12795811643076
827.249,229.3441291696465
827.367,216.6884387510009
827.486,200.46478296438977
827.604,190.36407090072245
827.723,194.00708178077804
827.841,193.818058028799
827.959,190.2437528915384
828.078,191.08070316553335
828.196,205.00683092870577
828.315,217.64204960096941
828.433,233.68852368448847
828.552,255.29084192385181
828.67,281.07411254416763
828.788,288.82188532898556
828.907,279.3644633086087
829.025,260.92435730554814
829.143,233.76650238473854
829.262,196.87098512626665
829.38,165.56798478879801
829.499,131.100313990356
829.617,100.34917012847586
829.735,76.4540414886357
829.854,56.741698509772604
829.972,47.05094311836221
830.091,42.89908597709268
830.209,44.9759417094197
830.327,51.001533855929125
830.446,60.25065628729261
830.564,75.80002272741893
830.682,96.218388465045
830.801,114.45797900613314
830.919,142.8336891674047
831.037,169.9732722749739
831.156,182.45622153706677
831.274,192.90713616712503
831.392,191.37276941190194
831.511,185.9855888038649
831.629,171.07806187548175
831.747,155.55408473064827
831.866,141.9902807459879
831.984,134.85158498643563
832.102,135.95877667277065
832.221,132.79324108637832
832.339,134.21038948266988
832.457,144.97991883134222
832.576,150.04555207611853
832.694,142.17102251491875
832.812,136.33192616636097
832.93,129.1556954211835
833.049,124.32704276157688
833.167,109.4025897067657
833.285,107.99268499482702
833.404,105.13615635840011
833.522,109.03733179152808
833.64,104.12150555099205
833.759,111.4270886695891
833.877,118.96007693595158
833.995,129.52348085883733
834.113,145.73092956684545
834.232,164.97974144891123
834.35,187.62927913266083
834.468,217.10132763892125
834.586,240.68852766033314
834.705,265.1700999761175
834.823,277.1858714261011
834.941,281.1289156033574
835.059,276.57758748624144
835.178,268.21154075440677
835.296,252.39094856802643
835.414,235.58940400069386
835.532,219.16794601344782
835.651,213.98285166256534
835.769,209.09299540692072
835.887,215.70530365344052
836.005,228.79726557961408
836.124,254.752430968991
836.242,273.3915790423507
836.36,294.18916867415214
836.478,307.97063426160025
836.596,318.4787913843521
836.715,363.3331140446743
836.833,407.9279641461391
836.951,438.95401231437984
837.069,462.7307390688768
837.188,466.4789236304092
837.306,461.53449673490775
837.424,444.9398826247967
837.542,429.2596715248163
837.66,445.4800521843137
837.779,457.65981135534264
837.897,458.2158425455864
838.015,456.5536919176482
838.133,449.1253075234763
838.251,444.5358841682655
838.369,448.60533527192905
838.487,450.333660834467
838.606,452.984064319083
838.724,453.3305716998028
838.842,446.70911371255727
838.96,440.58375962141565
839.078,435.6099206817891
839.196,437.7711466772274
839.315,443.39730773760056
839.433,440.0156765901815
839.551,441.9102359189529
839.669,443.18747923040814
839.787,435.1469736241144
839.905,433.4311433424963
840.023,434.48154682711197
840.142,435.0592230390001
840.26,421.6845182985072
840.378,406.04661009481083
840.496,405.15588803830065
840.614,404.184646501271
840.732,397.6246603754969
840.85,394.1694361544851
840.968,388.96875738801884
841.087,385.341238794713
841.205,374.1197808074678
841.323,363.1078466297463
841.441,363.31236266847503
841.559,353.9731557634808
841.677,348.35256357710125
841.795,344.8791575379079
841.913,352.1806432736063
842.031,373.3107004378763
842.149,390.6598052211938
842.267,404.8513342469356
842.385,423.20649963631365
842.504,431.2136130776398
842.622,446.3540598522993
842.74,452.0434243758766
842.858,467.87131703798207
842.976,482.88535688623483
843.094,489.65350928859993
843.212,493.13767900698235
843.33,498.8867837902998
843.448,491.4826418203704
843.566,492.7806643526055
843.684,484.7981674043213
843.802,497.0935925339594
843.92,495.4963769709568
844.038,497.5640964728896
844.156,505.72445666746296
844.274,525.8423926196122
844.392,532.9066489180818
844.51,545.4020740477204
844.628,555.0299667098266
844.746,566.2535303676038
844.864,559.7333710816586
844.982,552.3249001074016
845.1,537.923355540071
845.218,524.6828499337796
845.336,491.01983350497744
845.454,460.07370019305836
845.572,425.6002941538667
845.69,393.3900915778785
845.808,367.9712309932324
845.926,348.26665612287206
846.044,327.81576090619143
846.162,309.72590465054986
846.28,288.7260916849518
846.398,273.1383999314749
846.516,259.0684570957469
846.634,237.6357436972483
846.752,223.68008657580603
846.87,203.01014374007787
846.988,190.15578531993395
847.106,176.78973858810184
847.224,168.09468752726536
847.342,157.48967975647213
847.46,147.792897093904
847.578,120.92205647681246
847.696,112.13897166778702
847.814,100.1341775436309
847.932,97.43558810401905
848.05,100.64486010786206
848.168,109.57159220750482
848.285,111.50258901799094
848.403,111.07545419065585
848.521,104.97729171182783
848.639,108.04189979577023
848.757,115.58356415676914
848.875,125.19708998962948
848.993,141.83139504326897
849.111,162.71158754279588
849.229,171.8939445444874
849.347,176.86331453319184
849.465,185.74350703271895
849.582,190.7821410906875
849.7,197.29003921792037
849.818,209.51135725857296
849.936,219.22445019100041
850.054,230.59901498489984
850.172,237.2090776142972
850.29,239.11524413979842
850.408,239.26902971291884
850.525,242.54143000465388
850.643,248.22681730937597
850.761,259.3840660859593
850.879,262.4538689750968
850.997,264.7730225135848
851.115,269.4618730217698
851.233,271.4650092442406
851.35,272.07420607277214
851.468,271.4054808233816
851.586,279.7791798164154
851.704,280.6056926622632
851.822,278.30666438257015
851.94,287.35655385179484
852.057,311.8860970006731
852.175,354.3836055175168
852.293,402.2542742075206
852.411,446.2989688715505
852.529,503.64063323254993
852.647,554.8299166411687
852.764,598.8927931233803
852.882,646.0898687397912
853.0,689.4661651354227
853.118,727.761076249669
853.236,749.4040393119672
853.353,772.7483010755639
853.471,790.9730823196802
853.589,793.8195085854416
853.707,785.0494846347526
853.824,777.0534866580897
853.942,758.9631163870545
854.06,729.4078110510841
854.178,686.8957957584039
854.296,667.2417891237326
854.413,640.0683019695805
854.531,605.2991438197575
854.649,568.3654835054326
854.767,533.1668881261726
854.884,495.16656114518105
855.002,439.9939397918953
855.12,382.02045263774374
855.238,338.70670574333263
855.355,294.6933917493544
855.473,257.9891686644672
855.591,219.10139579603018
855.708,186.96427227824256
855.826,156.45658598989212
855.944,122.37833693097892
856.062,86.78902955894193
856.179,57.41008231161936
856.297,32.43409320396714
856.415,15.907042659701158
856.532,4.609879309384914
856.65,-5.027534126499278
856.768,-9.29434789134213
856.886,-10.648977603375517
857.003,-22.16712572997739
857.121,-23.13674702934219
857.239,-30.07029259657053
857.356,-30.925755745767866
857.474,-35.688416312967064
857.592,-41.72974916016729
857.709,-41.18440689939667
857.827,-35.78610805901149
857.945,-38.94888766023536
858.062,-27.808237094624253
858.18,-19.16575837613992
858.298,-11.616779128882957
858.415,-17.007977030808988
858.533,-19.089850273171344
858.651,-18.444441323578125
858.768,-15.980195417205238
858.886,-14.609120501253333
859.003,-4.031217647620278
859.121,-4.057169720751913
859.239,-7.551935270621122
859.356,-14.442662325040192
859.474,-21.713458015562615
859.592,-22.21979388909876
859.709,-19.06948616907437
859.827,-13.43524854962154
859.944,-5.494369584841041
860.062,-3.724099790407135
860.18,-0.32266876734322514
860.297,1.3287435119379443
860.415,-1.768332278083604
860.532,-2.2939450070685847
860.65,-0.642604147839468
860.768,1.1022880120926821
860.885,17.533662223262688
861.003,23.443512752864827
861.12,32.90213549074361
861.238,43.27978556312982
861.356,46.97447846627156
861.473,54.19635309999346
861.591,62.832661633259875
861.708,74.16352971401662
861.826,96.12279224216864
861.943,96.45504751481248
862.061,92.78124218139575
862.178,85.98795632849864
862.296,71.79120727213838
862.414,61.89402531534518
862.531,52.53883470054328
862.649,56.81567871777597
862.766,62.65096429345016
862.884,58.27932346219792
863.001,53.118938042200995
863.119,53.94556560921704
863.236,57.425872829912784
863.354,57.28540082982938
863.471,53.65488553970296
863.589,58.96462998983634
863.706,57.77134413693959
863.824,62.83693274291727
863.941,67.36312740950099
864.059,82.40966839643096
864.176,96.42330895046055
864.294,111.2793737469143
864.411,115.80643421436375
864.529,111.83739078570927
864.646,100.59994908865646
864.764,97.5148883439845
864.881,93.44714361662844
864.999,94.06424737412087
865.116,96.03373208399427
865.233,106.93222112287192
865.351,118.476597607637
865.468,124.0001948716228
865.586,141.65625966807602
865.703,162.1305062827111
865.821,188.96406025665343
865.938,211.3266185596001
866.056,229.64761842098832
866.173,230.1746788884372
866.29,234.07576532991214
866.408,227.2677608622962
866.525,224.1203624552865
866.643,215.31149218680522
866.76,217.0723188880208
866.878,218.8798988359895
866.995,216.6493835458628
867.112,213.00588124274904
867.23,214.35285513011155
867.347,212.86952598717113
867.465,210.58619684423076
867.582,209.35221835064124
867.699,203.7442138830258
867.817,196.22019209939288
867.934,196.18361620320576
868.051,201.53665069662907
868.169,198.931243631611
868.286,207.48947293022943
868.404,219.88493166607725
868.521,232.58168910322388
868.638,242.08450714643106
868.756,255.12325592556903
868.873,268.8979354406377
868.99,284.38430326739484
869.108,295.5788962023771
869.225,316.00206056593095
869.342,342.7429738472339
869.46,382.37912522377485
869.577,424.93475711979636
869.694,466.8349777604067
869.812,493.283250349069
869.929,519.385202591411
870.046,541.301007647606
870.164,555.9925702795583
870.281,569.9101069374851
870.398,585.1644401322083
870.516,594.0681239762823
870.633,595.8497298982784
870.75,583.7335003224389
870.867,571.7393486686774
870.985,566.9512576209765
871.102,556.1216081317173
871.219,544.45646080696
871.337,526.7878502787398
871.454,514.9556033868834
871.571,498.2731400448105
871.688,467.87292778498863
871.806,433.8043172567686
871.923,410.80756820040983
872.04,385.1138494470812
872.157,356.669481343103
872.275,337.57229938631076
872.392,328.3140784684796
872.509,318.280099974891
872.626,297.69114312632405
872.744,273.11950229507323
872.861,258.0223203382813
872.978,234.51907777542877
873.095,210.97081356755464
873.213,197.8649736021046
873.33,176.55740203492297
873.447,150.238575056486
873.564,126.14658790488886
873.681,106.944644043335
873.799,88.93837117745217
873.916,69.8983320778031
874.033,60.110241030102216
874.15,55.13686859711991
874.267,37.312952034443036
874.385,21.967464602962284
874.502,18.38461416682641
874.619,15.859574487083357
874.736,9.339881765610656
874.853,6.211392041338004
874.97,6.012791396430229
875.088,3.3823940801795294
875.205,-2.2181549524560964
875.322,-0.4040447615001934
875.439,3.760252748371502
875.556,-6.1245904077243205
875.673,1.1524682378602025
875.791,-2.7851574633716414
875.908,-5.199818908098443
876.025,-14.272518890880146
876.142,-10.585220426020166
876.259,-5.435720308769145
876.376,-7.456542214834324
876.493,-10.669555441965496
876.61,10.722667118049836
876.728,18.725065138647746
876.845,21.847866575528645
876.962,18.20618965962919
877.079,20.230933557393975
877.196,13.835005553157586
877.313,0.08234978617770983
877.43,-6.466583892830619
877.547,-3.4275672793250944
877.664,4.150071596091174
877.781,7.104660588881382
877.898,18.54292261320345
878.016,14.562164636411485
878.133,11.956238141296737
878.25,4.5597777990099155
878.367,3.182086038174157
878.484,5.782742162430056
878.601,8.768311902379097
878.718,13.061823819930291
878.835,14.260845338167137
878.952,3.4760392434509066
879.069,-2.26065971965721
879.186,-9.748846398641538
879.303,-5.400958748774269
879.42,-1.0980039666551256
879.537,-9.594451809213988
879.654,-7.985512191699231
879.771,-9.823100971376604
879.888,-16.560778834243195
880.005,-20.523974473870663
880.122,-24.59378044329636
880.239,-28.77019674252031
880.356,-33.0532233715425
