wavelength_nm,intensity
792.446,87.33904187773454
792.565,88.78570854440122
792.684,89.65618473487741
792.803,89.95047044916313
792.922,89.66856568725828
793.041,85.05904187773447
793.16,87.63479945349201
793.279,88.39583841453094
793.398,88.7629379816305
793.518,88.67029728898979
793.637,86.95774317643567
793.756,88.32224534093785
793.875,80.91445313314576
793.994,75.62094663963933
794.113,74.34562196431466
794.232,76.76899858769134
794.351,78.86856568725841
794.47,73.99757001626267
794.589,69.26337088206344
794.708,58.01571968973323
794.827,48.96808992721053
794.946,51.526209410555104
795.066,53.557476091301794
795.185,56.359088552153196
795.304,57.8273540669483
795.423,53.44037258334684
795.542,48.07051502552207
795.661,36.73434051329036
795.78,40.4214016148685
795.899,49.55906154786781
796.018,48.182223293702776
796.137,47.4003851739854
796.256,53.9671726924947
796.375,51.125198522199724
796.494,50.35920133136297
796.613,49.404045074037874
796.732,55.164931641068975
796.851,62.0979961504723
796.97,59.69212512925347
797.089,68.86419460864586
797.208,92.71534718038782
797.327,124.84224740797785
797.446,173.5284549948749
797.565,230.4458314129408
797.684,298.31753683533566
797.803,348.874090742579
797.922,360.46224638142405
798.041,334.91403838390534
798.16,285.390938611495
798.279,222.4899167611625
798.398,156.87331049524556
798.517,109.50821938084391
798.636,88.29767372098769
798.755,74.53041810442153
798.874,60.92613236450713
798.993,48.589679116637114
799.112,43.68417915288238
799.231,41.15633611731649
799.35,29.90294378615421
799.469,26.447805261357196
799.588,29.787614230783877
799.707,28.61443447311443
799.826,20.854200636286087
799.945,23.070012324261597
800.064,25.21351058607383
800.183,30.82576085302704
800.302,22.965103644440973
800.421,25.105786304960574
800.54,22.041273668052384
800.659,16.679347167688988
800.778,16.370660320448927
800.897,22.400474615385917
801.016,25.56826100326851
801.135,35.429895411911865
801.254,33.80579181343754
801.373,32.3368674106475
801.492,22.309132134839395
801.611,15.399945255125214
801.729,10.19873320981877
801.848,10.92626747636364
801.967,9.267339568290598
802.086,15.059362483187554
802.205,15.311188051065374
802.324,13.163537422886373
802.443,16.340241088887538
802.562,15.733711421634442
802.681,9.674406468641319
802.8,15.634925150828423
802.919,16.600412798701264
803.038,18.250555854216653
803.157,17.8447501930483
803.276,15.905024798278635
803.394,16.43374019535065
803.513,18.60830445904268
803.632,11.666626117609857
803.751,18.28889630160255
803.87,26.19791985761815
803.989,39.21905303770522
804.108,49.67636685036747
804.227,70.73178327747152
804.346,94.45582624197772
804.465,130.00716119799253
804.583,163.29721184639834
804.702,199.4721109796526
804.821,225.051339117236
804.94,234.1829482072004
805.059,223.9154230980306
805.178,207.46607980704263
805.297,176.09725599657426
805.416,144.4808131384869
805.535,119.8254092414384
805.653,92.91026508464947
805.772,74.55096508370463
805.891,56.23627274915597
806.01,44.23412191262304
806.129,40.96421793930119
806.248,34.85793530490183
806.367,27.76613837868761
806.485,19.425675012876468
806.604,5.8677995613808545
806.723,2.4250690836841073
806.842,-1.5151568469182326
806.961,-3.82199385452557
807.08,4.984342511383991
807.198,13.894389241660816
807.317,17.451781876564805
807.436,15.730021172832355
807.555,13.431704218821276
807.674,13.837204700949542
807.793,17.206851536742672
807.912,12.598563452658318
808.03,18.43828054431288
808.149,20.818074890035906
808.268,24.298430404229396
808.387,18.502239749153865
808.506,18.13973779262821
808.624,15.694630900753625
808.743,17.826708829309034
808.862,17.59522134712786
808.981,23.177351882090164
809.1,22.476269044252117
809.219,20.6020758452773
809.337,15.875914844938151
809.456,14.528640679239526
809.575,10.617378835558682
809.694,12.146320924524833
809.812,10.969977059903933
809.931,10.644452000473644
810.05,9.823692068614235
810.169,8.00297005586586
810.288,8.708362329309361
810.406,10.702886749757786
810.525,1.1563411607330996
810.644,3.7143304107011454
810.763,2.360614798039604
810.882,9.148674489336361
811.0,18.491558918639665
811.119,23.475989253542522
811.238,28.11394216658368
811.357,29.014413483865372
811.475,14.560382943329426
811.594,16.482373375304597
811.713,16.44888435463285
811.832,20.575101165280262
811.95,25.211639389081544
812.069,22.580042741238103
812.188,28.432523330058117
812.307,26.952394557389592
812.425,23.18828310073843
812.544,21.45390203391862
812.663,14.032977285322755
812.782,3.2129116156184296
812.9,-6.428406481730164
813.019,-7.733067532921047
813.138,-0.419418140091677
813.257,11.212311313053608
813.375,21.154465535702144
813.494,25.16728900525783
813.613,28.424634167017366
813.731,21.634171639627013
813.85,12.321277444506858
813.969,12.99678549934237
814.088,11.210606979745377
814.206,10.770270952467406
814.325,5.406889955307314
814.444,5.455130965284539
814.562,11.445093822527246
814.681,4.98998967037864
814.8,4.997096060477109
814.918,3.13655127161244
815.037,-1.8097769432384192
815.156,-9.330992717809583
815.274,-6.055605910046669
815.393,0.8401835305047913
815.512,12.665837596433402
815.631,17.673417394468622
815.749,27.56789302661754
815.868,25.074220083533202
815.987,14.288986480140581
816.105,1.0148144994454094
816.224,-1.3956556891605403
816.343,-6.109865248857832
816.461,-10.307554080573007
816.58,-15.277334645961334
816.698,-12.261967904169687
816.817,-13.268997575081247
816.936,-12.532284131715635
817.055,-4.984206408181511
817.173,-2.806372200936708
817.292,-3.8335302229274384
817.41,-11.707548283108752
817.529,-19.442797671348803
817.648,-23.234974606153884
817.766,-22.62290548693798
817.885,-15.683573029698083
818.004,-9.077747266887375
818.122,-17.481720025047526
818.241,-11.904993473946007
818.359,-13.066046161528053
818.478,-19.95778994905188
818.597,-18.494429628628655
818.715,-7.405080924229088
818.834,-4.055871074981708
818.953,-2.5565308486093463
819.071,-4.608710196258687
819.19,2.7445927924131603
819.308,-1.1645126391657552
819.427,-7.836403389824873
819.546,-10.048171489760106
819.664,-2.9549457203430047
819.783,-0.027341832518228637
819.901,5.9852452278102195
820.02,11.600293065198512
820.138,12.513673281329378
820.257,10.649688068242178
820.376,5.9898170669529724
820.494,-4.1961387102274355
820.613,-5.046499126984719
820.731,0.7528567133592641
820.85,7.582211660458283
820.969,7.692896844032882
821.087,-1.0949137705731418
821.206,-2.5941143802719404
821.324,-8.769157136719024
821.443,-18.091200799900392
821.561,-15.724177220640417
821.68,-9.12873536285003
821.798,0.003946907518718623
821.917,1.526624521254214
822.035,1.3620315645406027
822.154,8.920241988568826
822.273,10.993603039462371
822.391,7.478828974344615
822.51,11.950297380141716
822.628,7.258299255835929
822.747,8.144298348050095
822.865,14.043497953513036
822.984,14.181247193665316
823.102,18.798401508265613
823.221,18.471789901852794
823.339,13.040114417657527
823.458,17.535102763738283
823.576,17.108055655786494
823.695,26.62540928449944
823.813,51.813551514019785
823.932,80.530227775081
824.05,118.68714482115374
824.169,147.05036735637572
824.287,168.20666348467128
824.406,175.08417173417894
824.524,161.11579253779922
824.643,129.21494580895208
824.761,102.06734583335158
824.88,76.7535120915173
824.998,62.722795232799804
825.117,59.062641144644886
825.235,62.32975978376251
825.354,66.13194335794502
825.472,64.4501442481448
825.591,56.15968712968659
825.709,49.46230360430191
825.828,41.1605910745881
825.946,32.050045900183385
826.064,26.49632710651046
826.183,21.335140429105987
826.301,17.893784186562186
826.42,11.47824759407592
826.538,11.673026001904173
826.657,13.443689082856059
826.775,12.860013229289942
826.894,10.204669257631242
827.012,7.562286912529755
827.13,7.316944844735023
827.249,6.0492928527699155
827.367,4.000777557080065
827.486,4.604729496400789
827.604,8.23222786280208
827.723,4.211601404842321
827.841,-1.5619614569767362
827.959,-4.1967306614077575
828.078,-3.6194733220435578
828.196,1.2998904589831493
828.315,2.5545715648542218
828.433,2.8424014673453337
828.552,-0.691314356528252
828.67,-3.500870663649734
828.788,-8.645038236209032
828.907,-3.3612513345464246
829.025,2.53456275576639
829.143,15.05982245499812
829.262,19.08420423994002
829.38,19.719502701227842
829.499,15.556234647886518
829.617,12.717815284095927
829.735,17.310512037971506
829.854,29.046650954486495
829.972,39.32851842945529
830.091,51.318576417094846
830.209,61.210030106237994
830.327,70.30610426401249
830.446,76.61336415309462
830.564,94.75362826619254
830.682,131.8927538432519
830.801,188.47540451620284
830.919,271.27089624986706
831.037,375.55628532130083
831.156,484.6244064969861
831.274,590.7518084687916
831.392,655.9415691673744
831.511,677.1950896840244
831.629,623.7873975579162
831.747,521.1921318462098
831.866,398.78499870690655
831.984,278.71909063998305
832.102,174.34245959349158
832.221,107.71151479237832
832.339,68.76633900706443
832.457,64.49565692004356
832.576,55.79116382229664
832.694,50.71870535658425
832.812,50.79862784325286
832.93,50.64132089269202
833.049,40.23073021674624
833.167,26.261145429873935
833.285,17.38334235440019
833.404,23.339647955581487
833.522,20.3113215774764
833.64,14.92026270317163
833.759,12.777452387955128
833.877,8.101846848511169
833.995,-0.37658316211970755
834.113,-6.497244581763244
834.232,-14.566136138066092
834.35,-5.675946487034624
834.468,-0.7764862787535027
834.586,5.816429151398172
834.705,10.10771441340583
834.823,14.763919733069272
834.941,13.419791483634889
835.059,8.620011328655831
835.178,-2.966176148338413
835.296,3.528747660708722
835.414,5.125248329592349
835.532,11.409441354058982
835.651,12.03040510801255
835.769,10.94032722075181
835.887,6.539771353295466
836.005,6.268025515584313
836.124,2.766896664504844
836.242,10.113058557589891
836.36,15.975324137352946
836.478,20.0092748281265
836.596,23.816863705315157
836.715,22.56000575879451
836.833,18.48270274057827
836.951,23.03698754943923
837.069,22.359811832420355
837.188,26.595905580938087
837.306,25.337520927983597
837.424,20.199790247777376
837.542,16.79719589846344
837.66,11.582491526495877
837.779,7.726034887189582
837.897,3.800296010427306
838.015,0.3297806441552362
838.133,0.35334040529528643
838.251,-1.7590187047930201
838.369,6.161981435478843
838.487,8.835758743306371
838.606,16.637227427742882
838.724,23.516225666190106
838.842,21.594088316411703
838.96,14.437819657241805
839.078,4.430681710642579
839.196,-4.7579362402031204
839.315,-0.560960876339383
839.433,2.9770158183719757
839.551,9.031271869591828
839.669,19.233035687644602
839.787,28.820842344585678
839.905,24.877378664477586
840.023,23.121235235377835
840.142,16.218902041418435
840.26,13.069484067878076
840.378,9.046856921235516
840.496,-0.9570544145824469
840.614,4.406221435026089
840.732,1.1905029208796387
840.85,0.07569351361363275
840.968,8.341890776918666
841.087,5.664829237488842
841.205,10.960054755042668
841.323,13.062904163218507
841.441,12.360861759544019
841.559,12.66725566649614
841.677,7.050963754155793
841.795,2.2915111003715656
841.913,1.2904611310807894
842.031,-4.718449498630001
842.149,-4.229327412734354
842.267,-3.003099868649144
842.385,-0.622316224950149
842.504,-4.962682841889852
842.622,-1.3368803144518466
842.74,-2.553381301191509
842.858,-3.8079075227237063
842.976,-3.0610597806046567
843.094,-2.0367994239359613
843.212,3.835848443422383
843.33,5.340549629420389
843.448,6.2320954616886155
843.566,8.258352829214086
843.684,9.36728246019851
843.802,1.9591489743040844
843.92,-4.425487754753931
844.038,-3.2902813409429212
844.156,-2.1931998618749002
844.274,-2.4079029151352462
844.392,-0.06319931343770135
844.51,5.118115753136932
844.628,11.166464246698549
844.746,13.528819373237738
844.864,13.842368312775594
844.982,18.919728271587974
845.1,18.98643663655377
845.218,19.91981166818625
845.336,15.120726855496283
845.454,13.231865676319646
845.572,1.3460923184732416
845.69,-10.91715922477921
845.808,-17.720438315079274
845.926,-13.426771874240998
846.044,-6.194469579056332
846.162,7.769196485025907
846.28,14.580578117891012
846.398,17.635530390688285
846.516,11.78984409281595
846.634,5.121220142646292
846.752,3.233504409612747
846.87,7.774568004547598
846.988,8.616192940240305
847.106,9.088857535918358
847.224,8.009857012231484
847.342,9.031746988667354
847.46,7.475021959884897
847.578,2.3453728698253618
847.696,-0.2661508606244739
847.814,-2.7560858854806445
847.932,-10.221928226620818
848.05,-14.230704441019693
848.168,-11.553256639264488
848.285,0.7306918867842125
848.403,2.9194452134715636
848.521,5.963588794920205
848.639,6.608470921925875
848.757,10.496515129606026
848.875,10.6746446585943
848.993,11.863519182737857
849.111,6.997272995762698
849.229,9.063624603129835
849.347,3.4625298403801783
849.465,7.173127653853271
849.582,2.6311568950519533
849.7,5.34786936879345
849.818,5.986835210583135
849.936,6.33598491928865
850.054,3.9671520647413447
850.172,5.071150472472812
850.29,6.805547747230157
850.408,12.15950352321331
850.525,7.61990840304578
850.643,4.826400228099393
850.761,11.916846828291687
850.879,10.004227806744563
850.997,12.430577314541479
851.115,8.887945332856999
851.233,9.026799922789536
851.35,14.981826802346301
851.468,7.5564290622543915
851.586,7.36137718085065
851.704,14.219129333639973
851.822,14.316075929057902
851.94,18.097237468475125
852.057,18.046981400722615
852.175,16.86679794736962
852.293,19.42224524214081
852.411,8.851618163281003
852.529,5.60424889554425
852.647,4.198800230832392
852.764,5.896627252030013
852.882,19.06714529837192
853.0,25.842677845054517
853.118,24.86539955938103
853.236,28.241882487602638
853.353,25.249678384428158
853.471,14.956147990003238
853.589,16.105758164671965
853.707,16.829249719363332
853.824,73.6898625428269
853.942,125.4157531052986
854.06,144.5367942999252
854.178,142.83743912607554
854.296,123.20103405373246
854.413,85.43544493158713
854.531,42.03373310912271
854.649,0.48963580837183507
854.767,17.75237413527819
854.884,34.19406802841007
855.002,21.0602628998722
855.12,13.932667023775542
855.238,12.111825956894709
855.355,10.464238910043596
855.473,2.4303768630125226
855.591,-3.125834591123602
855.708,0.6124209407185218
855.826,9.657865720614332
855.944,17.302528526808015
856.062,24.441770160113727
856.179,30.771197249490328
856.297,29.859259936307254
856.415,33.27028589541338
856.532,33.488048675739726
856.65,27.225575208190474
856.768,31.059402477134817
856.886,34.452909519617485
857.003,36.76968850000141
857.121,34.99712591500625
857.239,34.69124113560399
857.356,43.37925045469663
857.474,44.14471953454238
857.592,39.717090897481384
857.709,42.16259301684447
857.827,39.468345844084865
857.945,36.73569828575687
858.062,22.809353234919264
858.18,23.988463728056928
858.298,30.650297669202736
858.415,31.75510854497788
858.533,32.9491657276223
858.651,41.20458131482138
858.768,43.70502441542024
858.886,46.355168095075435
859.003,41.94828258577203
859.121,43.474730409801865
859.239,53.017628450281734
859.356,45.91252122161109
859.474,41.173039439329216
859.592,42.82388531521595
859.709,41.3198801763392
859.827,40.8914190105094
859.944,38.97910250091172
860.062,41.7791915715604
860.18,52.12585846955015
860.297,48.111349929799985
860.415,44.26740481027865
860.532,43.22886259695182
860.65,37.50229293829287
860.768,31.206255385542633
860.885,31.842727964138277
861.003,40.530873407478964
861.12,44.5978370603565
861.238,52.62085730808146
861.356,48.8434169815428
861.473,51.12152907567214
861.591,54.21096771513615
861.708,56.09350793452428
861.826,60.51025901168205
861.943,69.91577702182332
862.061,67.61139817086399
862.178,71.16451217499491
862.296,61.56645183155528
862.414,59.50865122837544
862.531,65.05864283298769
862.649,64.26750889647438
862.766,64.95343123701727
862.884,69.93372587193248
863.001,70.62051401334122
863.119,65.40860085604874
863.236,59.591492893561586
863.354,58.71724207393159
863.471,63.73130294261331
863.589,62.1912512571826
863.706,59.106610827163294
863.824,62.19945957463331
863.941,66.77369360348871
864.059,63.863079147495654
864.176,58.96025689929485
864.294,68.07215326581249
864.411,71.82387647215684
864.529,71.21715812005954
864.646,64.0883618458844
864.764,68.77255258469631
864.881,68.66799873476367
864.999,67.15218947357566
865.116,60.296986272993976
865.233,72.46169649232566
865.351,69.62152563460901
865.468,66.83511387876297
865.586,66.05529326353317
865.703,70.0528972113011
865.821,71.31546182678557
865.938,75.61259386241062
866.056,72.86523478756968
866.173,72.79760884057342
866.29,69.87748276890963
866.408,68.23874197863107
866.525,69.3783561667073
866.643,68.82273225954543
866.76,69.39005207532726
866.878,67.47944981318696
866.995,64.83897742117651
867.112,66.8911457218068
867.23,71.69742657654933
867.347,77.82145634904083
867.465,80.13942551547142
867.582,87.4530656775728
867.699,88.23250670547483
867.817,92.08467500610415
867.934,91.39658356647371
868.051,99.89377351212461
868.169,92.64759925577484
868.286,91.27766491475612
868.404,82.70211690559141
868.521,78.97833658468817
868.638,73.33064587604352
868.756,71.12838798260958
868.873,64.73282047781109
868.99,72.72408263711989
869.108,63.77250101818831
869.225,66.83261507822174
869.342,70.8569899576773
869.46,78.26252440520861
869.577,84.4490654962801
869.694,84.5154259491846
869.812,79.01336917442114
869.929,76.78036986283036
870.046,73.82387093656752
870.164,74.23966638259911
870.281,80.85632762949646
870.398,83.90156030496524
870.516,86.82471505835616
870.633,83.9928914567688
870.75,77.93163062574413
870.867,78.13790226225194
870.985,86.58659814118394
871.102,88.05087843570037
871.219,93.0891847042426
871.337,96.86948231477618
871.454,100.8212084967384
871.571,99.64219874796476
871.688,95.08656562256763
871.806,97.22703639327446
871.923,98.0350396315138
872.04,93.60494763165795
872.157,91.44671710366347
872.275,90.993248480431
872.392,89.19432531174411
872.509,92.3148826625378
872.626,94.72721490510642
872.744,98.73435234248018
872.861,98.62374086210504
872.978,96.38931985792023
873.095,95.1869334857699
873.213,90.39666832574062
873.33,87.30770186700991
873.447,88.9356185251623
873.564,89.96440098418054
873.681,91.12218777220298
873.799,92.76828624853702
873.916,93.90789121837756
874.033,99.00334034406227
874.15,104.0667548377123
874.267,99.37951998071293
874.385,99.35202538345376
874.502,104.48643554809942
874.619,111.5775556694549
874.736,112.61413033626496
874.853,113.34074829311848
874.97,115.07515845776426
875.088,111.04073745357888
875.205,104.94484458792168
875.322,111.04202531533802
875.439,116.41193331548178
875.556,118.96365949744384
875.673,115.26603503005546
875.791,115.82988242413907
875.908,120.13745276194564
876.025,116.12034777507708
876.142,125.14739863236451
876.259,130.40128931649187
876.376,130.9140544594937
876.493,129.9237892994653
876.61,128.9473769532897
876.728,123.76230659845606
876.845,128.76338342976953
876.962,124.31597541259825
877.079,128.61402194088154
877.196,127.03760959470601
877.313,131.42483361216676
877.43,135.3124905300606
877.547,140.96897861678565
877.664,141.12330220134638
877.781,145.52178163006295
877.898,144.17394071245917
878.016,141.29103485979056
878.133,133.06786926686223
878.25,128.89405432328437
878.367,121.44751210697922
878.484,122.17066686037094
878.601,125.30507702501808
878.718,129.73732268750075
878.835,132.46220904262407
878.952,140.48493089558303
879.069,140.20981725070664
879.186,137.1225823937089
879.303,132.39811809948168
879.42,131.86586159746219
879.537,128.47473063656815
879.654,129.42905422112867
879.771,114.51901288952743
879.888,118.06775451790688
880.005,116.06598409634402
880.122,113.44820693646932
880.239,110.21442303828285
880.356,106.3646324017846
