wavelength_nm,intensity
792.446,0.18495235533327226
792.565,0.21790916858473464
792.684,0.23959574470346856
792.803,0.2500120836894741
792.922,0.24915818554275093
793.041,0.22665832474443903
793.16,0.20087469590467685
793.279,0.17133178301230859
793.398,0.15002240446968362
793.518,0.14490849206501322
793.637,0.13832741815973087
793.756,0.13913884138873145
793.875,0.15283657929727051
793.994,0.1729960890513536
794.113,0.20369394741565688
794.232,0.22472093544453944
794.351,0.23839180923678982
794.47,0.23222173515787545
794.589,0.2105402780282296
794.708,0.18468113352299476
794.827,0.16518857304968287
794.946,0.15077734959593567
795.066,0.1502682005573006
795.185,0.1490698917480494
795.304,0.15672108820690672
795.423,0.15940665372186763
795.542,0.15654255817424856
795.661,0.15215714983649095
795.78,0.1617046990711537
795.899,0.16018254016711625
796.018,0.1604329898811769
796.137,0.1507591489444927
796.256,0.1435245194942984
796.375,0.1414477268070299
796.494,0.1296964310274377
796.613,0.12633686838772515
796.732,0.1368349224106019
796.851,0.1376829738525697
796.97,0.14225802213508237
797.089,0.13390422931202134
797.208,0.13231934767978837
797.327,0.1376565238540756
797.446,0.135006384823186
797.565,0.14351225754867952
797.684,0.1470869784716551
797.803,0.15060839421900296
797.922,0.156231556891103
798.041,0.1582494282401884
798.16,0.15988147165139682
798.279,0.1598720540988296
798.398,0.15961980185729152
798.517,0.15362582069813369
798.636,0.14565954804074843
798.755,0.13918920475653615
798.874,0.1341834846312392
798.993,0.13207232015391995
799.112,0.12483962824684047
799.231,0.12859287920247467
799.35,0.13244427937037573
799.469,0.13110138631321538
799.588,0.1293058223201685
799.707,0.1284215229961868
799.826,0.12494050011662369
799.945,0.1259701104318484
800.064,0.12714525233767587
800.183,0.14095964366457658
800.302,0.1454210919535507
800.421,0.14399697196210015
800.54,0.13782784522587932
800.659,0.1368115521336761
800.778,0.1350676010884589
800.897,0.14598828288128055
801.016,0.16151436262556182
801.135,0.1778780951297079
801.254,0.18851363653861586
801.373,0.19289047343770457
801.492,0.19095868510694178
801.611,0.18572197588725708
801.729,0.19051848528017704
801.848,0.2042660336090679
801.967,0.21294451356992744
802.086,0.22374504718911145
802.205,0.23277212607629857
802.324,0.2279770883118153
802.443,0.2129026127901611
802.562,0.1939605506368476
802.681,0.1795308139061198
802.8,0.16154909102800508
802.919,0.14496937888029054
803.038,0.13675301462478964
803.157,0.12207255053472532
803.276,0.10291450014761971
803.394,0.0885062821030124
803.513,0.07262492717228211
803.632,0.05510538269364196
803.751,0.0454294947904941
803.87,0.04213810736187682
803.989,0.04116309613672227
804.108,0.04465781084600742
804.227,0.05328472355082121
804.346,0.05764999992797396
804.465,0.06147638502568245
804.583,0.0607628745512687
804.702,0.05780094288247138
804.821,0.05495005035367655
804.94,0.05462993158351499
805.059,0.06253720215330905
805.178,0.06895603973631441
805.297,0.07126459741411093
805.416,0.0772789813374252
805.535,0.07784238816318287
805.653,0.0680875950403555
805.772,0.07235451752571477
805.891,0.07395407753696903
806.01,0.0801815947245835
806.129,0.08163004272291002
806.248,0.09366745026542198
806.367,0.10557373261236387
806.485,0.12229002196343297
806.604,0.13826666525049988
806.723,0.17037849470800098
806.842,0.1942389071879856
806.961,0.22319630979466354
807.08,0.23845005169551053
807.198,0.25272991649877724
807.317,0.2532765066097532
807.436,0.25220786528781775
807.555,0.23768262851851635
807.674,0.22513814438643098
807.793,0.20820909803048707
807.912,0.20604896977903087
808.03,0.2045589637354667
808.149,0.21068567500938168
808.268,0.22589711121528655
808.387,0.24775138764109012
808.506,0.2724316844890641
808.624,0.29686068550907857
808.743,0.3152112042797296
808.862,0.3382322717720519
808.981,0.34441228822159436
809.1,0.3407790756722342
809.219,0.32841312157280755
809.337,0.3104907374996101
809.456,0.28505993868798685
809.575,0.2645433694009048
809.694,0.24293446707040298
809.812,0.23226497133817786
809.931,0.21674978130721878
810.05,0.21704422947633725
810.169,0.22705798800158583
810.288,0.2326262641022582
810.406,0.2380904681933717
810.525,0.2511172383124378
810.644,0.25828636190974136
810.763,0.2749412684270913
810.882,0.2865905651188239
811.0,0.2972363707265163
811.119,0.3113182448774528
811.238,0.3150073020087719
811.357,0.31484231033081334
811.475,0.3030390219741252
811.594,0.2918407050551173
811.713,0.29452627110239615
811.832,0.29800718421459715
811.95,0.2944687364219097
812.069,0.30041184097977425
812.188,0.3154515160642128
812.307,0.3265516848355894
812.425,0.32764571063912484
812.544,0.3242460255258496
812.663,0.3259991740565919
812.782,0.3193986400639538
812.9,0.2982787915669899
813.019,0.285180102831157
813.138,0.28682917935234026
813.257,0.300520994995905
813.375,0.31289033461556187
813.494,0.328474907050862
813.613,0.35603791395223094
813.731,0.3682490302728023
813.85,0.3732969463256803
813.969,0.381384949617139
814.088,0.38835269810651574
814.206,0.402206967618661
814.325,0.40598063613986585
814.444,0.40647730553081124
814.562,0.41141099620734434
814.681,0.41093717295630483
814.8,0.4163370723911063
814.918,0.41501036633002253
815.037,0.4035903675695154
815.156,0.40574203574661827
815.274,0.3986025272004109
815.393,0.396408554393002
815.512,0.3934733858101974
815.631,0.3961158000486348
815.749,0.40625055286142
815.868,0.40498476700105335
815.987,0.39994954372129454
816.105,0.4023262781954925
816.224,0.4008667322522888
816.343,0.3994655681681061
816.461,0.3948483251543813
816.58,0.3863245742696501
816.698,0.3749291128122102
816.817,0.36259192658534634
816.936,0.34852359132142813
817.055,0.3360561035541406
817.173,0.3284013116435317
817.292,0.3140740655265639
817.41,0.31369162257660044
817.529,0.3091293769663007
817.648,0.3019154103969942
817.766,0.3066079586123541
817.885,0.29903862420552935
818.004,0.30035856242005954
818.122,0.29654766595194215
818.241,0.2934356595642777
818.359,0.299998119496104
818.478,0.30562393134189947
818.597,0.31971765108742045
818.715,0.33933903293415146
818.834,0.35678463296256957
818.953,0.36237406183006005
819.071,0.3728699842788438
819.19,0.40582600015118553
819.308,0.47774386890514425
819.427,0.5958616719610512
819.546,0.7409489323999322
819.664,0.8660120109670921
819.783,0.9438718053527517
819.901,0.917435631794921
820.02,0.8247713030398696
820.138,0.6878769343304464
820.257,0.560831472518102
820.376,0.45708051354128776
820.494,0.38675977643964754
820.613,0.34747421508847887
820.731,0.3260059791654336
820.85,0.30101600569511433
820.969,0.28348621847098615
821.087,0.2765506233744025
821.206,0.2844347132162377
821.324,0.2890088054857581
821.443,0.307214638779707
821.561,0.33669663200367617
821.68,0.3583309188157794
821.798,0.3658994081733422
821.917,0.3576768738366023
822.035,0.3460343471206966
822.154,0.32633173940431237
822.273,0.29797507873045476
822.391,0.2741383585042725
822.51,0.2584742524271159
822.628,0.24319428206003885
822.747,0.2435818027580317
822.865,0.24653897136684247
822.984,0.25843533331704027
823.102,0.26134511954751527
823.221,0.26629488638812604
823.339,0.2624163008080995
823.458,0.2594439032137451
823.576,0.25282813917092767
823.695,0.26256352622345386
823.813,0.2619915537601467
823.932,0.260914451299224
824.05,0.25495019495852345
824.169,0.2616505714558618
824.287,0.2613163569981321
824.406,0.25542317422493493
824.524,0.2512027586297712
824.643,0.24428831638065798
824.761,0.23394457449949152
824.88,0.22648523489951666
824.998,0.22185699240510565
825.117,0.23089264326327952
825.235,0.2340308802464447
825.354,0.23048566354256622
825.472,0.24005436615701792
825.591,0.2469975773433274
825.709,0.2485425818549517
825.828,0.24546865059273504
825.946,0.23963554190635727
826.064,0.23831475864256513
826.183,0.22665615576258108
826.301,0.21651125064764576
826.42,0.21732775109235727
826.538,0.22237989771472927
826.657,0.2259217310276478
826.775,0.2328310976580033
826.894,0.24636384388858407
827.012,0.2483818260696678
827.13,0.2505495704108486
827.249,0.24617431597219536
827.367,0.23845352717747553
827.486,0.230049924466381
827.604,0.22246197555378128
827.723,0.21983479243015963
827.841,0.21690723887244517
827.959,0.20932521275713764
828.078,0.20990310908237303
828.196,0.21268259377242507
828.315,0.22233760000456054
828.433,0.2353905996544917
828.552,0.25093286639484963
828.67,0.26853457436501704
828.788,0.27344118939678674
828.907,0.27112960675743725
829.025,0.2566898274919218
829.143,0.24085734474889356
829.262,0.21623420629297718
829.38,0.18851098420619478
829.499,0.15994053588036472
829.617,0.13907353268194517
829.735,0.11328003528990127
829.854,0.09748539046297439
829.972,0.08919680441206126
830.091,0.09243591367234338
830.209,0.09421442200792161
830.327,0.10298634050672373
830.446,0.10620711899685399
830.564,0.11919078814650888
830.682,0.13029625617139665
830.801,0.15639533577763878
830.919,0.17634125422482538
831.037,0.19329255016129065
831.156,0.20998033603570113
831.274,0.21757385227109988
831.392,0.20213692741785794
831.511,0.1929409386825592
831.629,0.1800939684737079
831.747,0.17173478638437537
831.866,0.15560404813407358
831.984,0.16341664099352776
832.102,0.1815492850772979
832.221,0.18439688157827977
832.339,0.18170920095296209
832.457,0.18485716788803702
832.576,0.17824013431644387
832.694,0.16960342686828733
832.812,0.15671076650889776
832.93,0.15742296431557917
833.049,0.15612269270855023
833.167,0.14376722531600275
833.285,0.13813683202676413
833.404,0.13001120380915626
833.522,0.12666093987360522
833.64,0.12762672281063617
833.759,0.1323749571476996
833.877,0.14613933970685528
833.995,0.1661285971533284
834.113,0.18133625317582297
834.232,0.19504372346932805
834.35,0.20524513858095753
834.468,0.22235591979062447
834.586,0.24082471380795126
834.705,0.25461788242021377
834.823,0.27518250056500054
834.941,0.2815171751588694
835.059,0.27975538585460935
835.178,0.2695045358031522
835.296,0.25021295874244553
835.414,0.23510626102546817
835.532,0.2267794739800035
835.651,0.22006030334236049
835.769,0.22382871448100627
835.887,0.231300566154934
836.005,0.2400255125130636
836.124,0.25639171349173917
836.242,0.2697508256738895
836.36,0.28647662505957794
836.478,0.3078128990801187
836.596,0.3286000451803035
836.715,0.3398328731346346
836.833,0.3499547535397711
836.951,0.353749394209281
837.069,0.3656514982576049
837.188,0.37521494348949797
837.306,0.38705781956490226
837.424,0.405307470082425
837.542,0.4137134315006866
837.66,0.42351971142155065
837.779,0.4323910354841817
837.897,0.4354520954033856
838.015,0.43560844630782536
838.133,0.4293681761369329
838.251,0.42769607490595035
838.369,0.4283093273157711
838.487,0.42444832942845456
838.606,0.42696195365510015
838.724,0.4241611364830472
838.842,0.42571019086499995
838.96,0.4171752598004169
839.078,0.405330331163519
839.196,0.40891936615560764
839.315,0.4101782034702537
839.433,0.41241514845197447
839.551,0.40474156133642425
839.669,0.4051111329433755
839.787,0.4094726699251174
839.905,0.40891574681282383
840.023,0.40521297222459274
840.142,0.4174332150988853
840.26,0.41216512979777503
840.378,0.4069156590024394
840.496,0.3921161006307445
840.614,0.3830269649624117
840.732,0.36608843065441504
840.85,0.36175445509763876
840.968,0.3491192560792109
841.087,0.3485826397004891
841.205,0.3442655864216899
841.323,0.3436122063249263
841.441,0.3393560732468447
841.559,0.3387433066172263
841.677,0.3363976987227558
841.795,0.33962205862443795
841.913,0.33876899564754503
842.031,0.3510856955063065
842.149,0.36014316462668416
842.267,0.36395472757417013
842.385,0.37666487039589824
842.504,0.3961879223311946
842.622,0.4105327572055076
842.74,0.418765265274503
842.858,0.4303314621049812
842.976,0.4364292248071695
843.094,0.43634189490873887
843.212,0.442627494896473
843.33,0.45165873448598665
843.448,0.4620979076031924
843.566,0.4641935515638039
843.684,0.45986888325991515
843.802,0.4589379778043277
843.92,0.45240072165493694
844.038,0.4585585584439438
844.156,0.46860767305377793
844.274,0.47169834695944085
844.392,0.4795551804573454
844.51,0.4886219568306105
844.628,0.49182685611261867
844.746,0.4996989196607027
844.864,0.5009586030892468
844.982,0.5020558326492109
845.1,0.4950582905388439
845.218,0.4785580432304534
845.336,0.45660120738835663
845.454,0.438928246216155
845.572,0.41124321927882007
845.69,0.37994105542388645
845.808,0.3504669729986646
845.926,0.3283232077692064
846.044,0.3179220009833937
846.162,0.3119167413595385
846.28,0.3079824501537843
846.398,0.30805199501830927
846.516,0.2989276913587967
846.634,0.2767588748215646
846.752,0.25471192378667173
846.87,0.2298104076457295
846.988,0.20922238734111728
847.106,0.18695657547449668
847.224,0.17214752363272534
847.342,0.1654139690588015
847.46,0.1580989463574822
847.578,0.14680562135634262
847.696,0.14355507875514556
847.814,0.14380913954647156
847.932,0.13963539714016518
848.05,0.12812985874310703
848.168,0.12666652199465547
848.285,0.12965866384221383
848.403,0.13163744324635795
848.521,0.1374869645044437
848.639,0.15160486931705558
848.757,0.16337813347917085
848.875,0.1719412056745117
848.993,0.1799963421267063
849.111,0.19685106312697698
849.229,0.20477843638044452
849.347,0.2108765113845908
849.465,0.22140483876313366
849.582,0.23043977511020017
849.7,0.231837687406215
849.818,0.23605485121320963
849.936,0.2416351045112573
850.054,0.2480191660132157
850.172,0.24591162842628064
850.29,0.24434221927901634
850.408,0.2520394495519952
850.525,0.25967322128256004
850.643,0.2598197311221703
850.761,0.26252235105021704
850.879,0.2632552178217328
850.997,0.2666254216159749
851.115,0.26679223818915787
851.233,0.2682891458113385
851.35,0.27270430027066506
851.468,0.27506932075306967
851.586,0.273751207433765
851.704,0.2816515050424693
851.822,0.2902896139709735
851.94,0.304193935805942
852.057,0.3166979391383079
852.175,0.34081062516294375
852.293,0.37288439686189223
852.411,0.41145801553183303
852.529,0.4568403127458477
852.647,0.5051983925421301
852.764,0.5475600631372377
852.882,0.5848323586307417
853.0,0.6186322026833511
853.118,0.6457469008211192
853.236,0.6737618641472675
853.353,0.6973152688847614
853.471,0.7076472978387705
853.589,0.7031249511845078
853.707,0.6871851435791163
853.824,0.6714357116009668
853.942,0.6515233992404581
854.06,0.6266164765350175
854.178,0.6070443019618481
854.296,0.5962996336954169
854.413,0.5782233884954202
854.531,0.5581875435056787
854.649,0.5219790774532518
854.767,0.49184570919459264
854.884,0.45504073284347357
855.002,0.41514997910323603
855.12,0.3725965049233065
855.238,0.34170501861127456
855.355,0.31203278242749066
855.473,0.27960475327514106
855.591,0.2392173306762766
855.708,0.20672922743710842
855.826,0.1730345657781748
855.944,0.1432531809014383
856.062,0.12183309357317174
856.179,0.10903317404568354
856.297,0.09758493632743284
856.415,0.08871660252396822
856.532,0.08149228806322992
856.65,0.06926403616464727
856.768,0.057420307310733984
856.886,0.048334502955520414
857.003,0.05061067223328061
857.121,0.05085450239155262
857.239,0.04954262718216475
857.356,0.049226450953237876
857.474,0.039754857183986275
857.592,0.026678236502740985
857.709,0.023460614637007646
857.827,0.01970112886177919
857.945,0.018841597628171308
858.062,0.02177229605474202
858.18,0.03219764322570404
858.298,0.0326666683054417
858.415,0.029571298303518765
858.533,0.029393420906724314
858.651,0.03701405867050209
858.768,0.037837121373739374
858.886,0.04205803090141258
859.003,0.05063022662206321
859.121,0.05341342322130803
859.239,0.04995154815220422
859.356,0.04835152431174167
859.474,0.0463941902390201
859.592,0.04687660549408687
859.709,0.04696467919164163
859.827,0.05312353739132569
859.944,0.055195491850526954
860.062,0.053060583796950334
860.18,0.05953371374766322
860.297,0.06292623955996857
860.415,0.06841005742851161
860.532,0.07682987332802818
860.65,0.08047346617470569
860.768,0.0906636698466722
860.885,0.09749069793660355
861.003,0.1018998880351453
861.12,0.10771053101046651
861.238,0.10839302021190457
861.356,0.11005953987770917
861.473,0.11859142771881087
861.591,0.12759713934327066
861.708,0.14289624614740276
861.826,0.1543446885978526
861.943,0.16322094479578794
862.061,0.16273579681680844
862.178,0.14745550120247705
862.296,0.13210667036233845
862.414,0.12612939706590107
862.531,0.11994821031984004
862.649,0.11350472826513441
862.766,0.11498002618979841
862.884,0.11685807433031675
863.001,0.11793823706421618
863.119,0.10414563861742854
863.236,0.1093024544271238
863.354,0.11420972496836054
863.471,0.11955275984879579
863.589,0.11790915169291613
863.706,0.11819385279381267
863.824,0.1183914624948306
863.941,0.11960933293562634
864.059,0.11518216037663116
864.176,0.12753427254579944
864.294,0.1382237709037205
864.411,0.15358212575551503
864.529,0.14849921492490817
864.646,0.1466010768095857
864.764,0.14908157812082978
864.881,0.1459921116359214
864.999,0.1456609764612753
865.116,0.15140747742209382
865.233,0.15987592679552398
865.351,0.16999852884121272
865.468,0.17957454130824213
865.586,0.19487197595931877
865.703,0.2119462497979876
865.821,0.22733929531963437
865.938,0.2362714151096359
866.056,0.24228021137909864
866.173,0.23705430729958468
866.29,0.23089598570353437
866.408,0.23380123619200263
866.525,0.22656411937491427
866.643,0.2324849197988964
866.76,0.24582444688802588
866.878,0.2513247287042779
866.995,0.2525758265204877
867.112,0.2517835592709662
867.23,0.2465195800660042
867.347,0.24243677586384166
867.465,0.23246755726735546
867.582,0.23365435042725258
867.699,0.231801902462468
867.817,0.22500645710058154
867.934,0.2228087946650648
868.051,0.23119347876250856
868.169,0.23971861776716213
868.286,0.24742471851772557
868.404,0.2549150602240814
868.521,0.268153053645349
868.638,0.27709194234654194
868.756,0.284956266396191
868.873,0.2972686112121127
868.99,0.31292141370070803
869.108,0.3248783906791114
869.225,0.339595391195575
869.342,0.35413470779327944
869.46,0.38555568890090874
869.577,0.4251518224992603
869.694,0.4532577293511817
869.812,0.476333489074419
869.929,0.49305408730336797
870.046,0.5058309486497607
870.164,0.5109792470840904
870.281,0.5136425089974872
870.398,0.5273179433044621
870.516,0.544863502584793
870.633,0.5484354908255584
870.75,0.5533824141519608
870.867,0.5510189133922687
870.985,0.5501403425250646
871.102,0.5396989923730183
871.219,0.526485773088328
871.337,0.5141330516387719
871.454,0.5032034937670874
871.571,0.48493897450624246
871.688,0.46659114225456205
871.806,0.44444725512509226
871.923,0.42441212001111694
872.04,0.3994501717169173
872.157,0.3652936117366766
872.275,0.3392547765548357
872.392,0.3207811537954436
872.509,0.30126184230986824
872.626,0.2843672841913361
872.744,0.27516875254268425
872.861,0.26464817766980775
872.978,0.25515278285667997
873.095,0.23593046266233259
873.213,0.21728011546361004
873.33,0.1983006299582335
873.447,0.1821717021780942
873.564,0.16451807715222103
873.681,0.15425271869113652
873.799,0.13576820981658944
873.916,0.1348507177100385
874.033,0.12126906018415254
874.15,0.11171769562196923
874.267,0.0985524303366615
874.385,0.09300542385794261
874.502,0.09132357273473887
874.619,0.09345070542187442
874.736,0.08653832852618058
874.853,0.09617173681200764
874.97,0.0886191978174401
875.088,0.08118295843196345
875.205,0.07423851676420634
875.322,0.07345377626678459
875.439,0.07415952842488707
875.556,0.0788467341159393
875.673,0.07735855447160195
875.791,0.08007850103560551
875.908,0.07866037615345572
876.025,0.07153751704206585
876.142,0.06793815828831985
876.259,0.07135714965808361
876.376,0.06870302721900119
876.493,0.07277659396441766
876.61,0.07379138561776402
876.728,0.0794802934855993
876.845,0.08803015545814012
876.962,0.0802543730961841
877.079,0.07406330648542891
877.196,0.07560140176734181
877.313,0.07070044426654339
877.43,0.06951660471094573
877.547,0.06895933989853331
877.664,0.07118735328133519
877.781,0.07151779050532708
877.898,0.07000561060618975
878.016,0.07145980625165538
878.133,0.0720813358626117
878.25,0.07626892191898496
878.367,0.07439970066975582
878.484,0.0738681096703708
878.601,0.07660195662833791
878.718,0.07623493233253298
878.835,0.08294131251241257
878.952,0.0796470958650218
879.069,0.07743981379328113
879.186,0.07236873091275627
879.303,0.06394810815726354
879.42,0.057199409184720384
879.537,0.05576077692964896
879.654,0.05029188251337764
879.771,0.04915342697099881
879.888,0.043576429277726994
880.005,0.041821478273533025
880.122,0.04142765329275158
880.239,0.04239495433538269
880.356,0.044723381401426364
