wavelength_nm,intensity
792.446,0.3241689573799273
792.565,0.3072343077661641
792.684,0.2911002818261368
792.803,0.27576687955984525
792.922,0.2612341009672893
793.041,0.2331090808908084
793.16,0.2182025355840785
793.279,0.21886438448770024
793.398,0.2172474804994977
793.518,0.23348341693737312
793.637,0.25038120227887006
793.756,0.2645376521614955
793.875,0.2926655188999272
793.994,0.3154786677757283
794.113,0.3294386979837305
794.232,0.3157120940557153
794.351,0.2894032443040113
794.47,0.26625561264896036
794.589,0.24044635206966758
794.708,0.215163723951321
794.827,0.21585119281250217
794.946,0.20258005479665683
795.066,0.20919000384702005
795.185,0.21017067888916058
795.304,0.2054381033955221
795.423,0.20003086901948203
795.542,0.20716887386176702
795.661,0.2041727621582755
795.78,0.20630206529766898
795.899,0.19014132115171212
796.018,0.1838909189779046
796.137,0.17925055441116855
796.256,0.16667067525831214
796.375,0.16113398120496814
796.494,0.16466910224328912
796.613,0.15592488935820065
796.732,0.15824412496177254
796.851,0.14472572559557884
796.97,0.14307269897984803
797.089,0.142193016849
797.208,0.1514517043817847
797.327,0.17372270643571325
797.446,0.19409832050199421
797.565,0.21626079259896822
797.684,0.23198504955935031
797.803,0.23457838864089076
797.922,0.22880681157923913
798.041,0.20332494716844246
798.16,0.18674744134056406
798.279,0.16514476150035162
798.398,0.14835805274581507
798.517,0.14775731106470338
798.636,0.14006660288051456
798.755,0.1492824560181735
798.874,0.14710639436701028
798.993,0.15262897820081245
799.112,0.1680055227282758
799.231,0.1769046673296759
799.35,0.17204405681076188
799.469,0.1766268599254612
799.588,0.1765830040711185
799.707,0.17848943294675557
799.826,0.1699374555394281
799.945,0.1644499097224177
800.064,0.16717783029616878
800.183,0.18218482719582102
800.302,0.19705376099084693
800.421,0.2065553136771477
800.54,0.2078499399585404
800.659,0.20616838117009884
800.778,0.2027902118588251
800.897,0.19308960635424516
801.016,0.19062236886731077
801.135,0.20184757536497894
801.254,0.20291019869735996
801.373,0.19386859543445067
801.492,0.17671400561101822
801.611,0.18603337193245117
801.729,0.1958964506865369
801.848,0.21030564857646689
801.967,0.22086758283953833
802.086,0.2260891792824199
802.205,0.2118522264142064
802.324,0.1901152204709311
802.443,0.14791389828065474
802.562,0.13145030812677894
802.681,0.12150512083305308
802.8,0.11687053753064544
802.919,0.10877514186866194
803.038,0.0995899697050717
803.157,0.09174885408168292
803.276,0.07901414011577285
803.394,0.0661271772075579
803.513,0.060534795623006926
803.632,0.05278336823245564
803.751,0.047186785526840885
803.87,0.043537559935111284
803.989,0.04397713811457168
804.108,0.0591752435187442
804.227,0.0631196778991861
804.346,0.07964217332380136
804.465,0.08925633511560595
804.583,0.09020375690709942
804.702,0.09934346479651399
804.821,0.10581166218436845
804.94,0.10476541441709833
805.059,0.09502800279288585
805.178,0.08855854699510221
805.297,0.08432166223328648
805.416,0.08841933674491739
805.535,0.08396629836833053
805.653,0.08116928150905617
805.772,0.07487884918269146
805.891,0.06495361282476943
806.01,0.05080163754094097
806.129,0.07059214483194592
806.248,0.09271514976335393
806.367,0.12127625982829841
806.485,0.1348724263762812
806.604,0.1613854435898769
806.723,0.18812522108986132
806.842,0.22046586265831897
806.961,0.22985349180861347
807.08,0.24335644633723402
807.198,0.2466938497756713
807.317,0.23439329768037326
807.436,0.2104399348884075
807.555,0.20029715255201325
807.674,0.200826505870146
807.793,0.20143983571583524
807.912,0.20033947506698563
808.03,0.2072254245218371
808.149,0.21330292198258705
808.268,0.2452636932333573
808.387,0.27349106733531114
808.506,0.30097830932998915
808.624,0.326583907775016
808.743,0.32925822087327267
808.862,0.3240942502892835
808.981,0.29263993325627224
809.1,0.2596057188404223
809.219,0.25598179237195695
809.337,0.24155763046116713
809.456,0.2295702111804855
809.575,0.22563172856642838
809.694,0.22281198409913838
809.812,0.20569361915731021
809.931,0.18192819022266135
810.05,0.17782659025076203
810.169,0.20048136475021938
810.288,0.2158829980338982
810.406,0.22407463538887634
810.525,0.23083064332534142
810.644,0.23554833296775385
810.763,0.23089355064193878
810.882,0.23440299479176627
811.0,0.23996061221538215
811.119,0.25335651332124426
811.238,0.2673317101341473
811.357,0.260645834506251
811.475,0.25344755972716354
811.594,0.24928240325693118
811.713,0.24615058507493362
811.832,0.27303824049784753
811.95,0.27771908604053586
812.069,0.28159574958204936
812.188,0.285741422677938
812.307,0.28363582612929705
812.425,0.28119147680847983
812.544,0.27906026030227904
812.663,0.2843161315590811
812.782,0.3030651804639114
812.9,0.2996999360019258
813.019,0.3140637021711469
813.138,0.3059872321801559
813.257,0.3162247618513145
813.375,0.3245820713037973
813.494,0.3253544499876785
813.613,0.3380073723243121
813.731,0.3297601026162573
813.85,0.3199428988421926
813.969,0.3211864000789747
814.088,0.31546411952151077
814.206,0.32718903006209854
814.325,0.3425405879283377
814.444,0.34731537331541085
814.562,0.3656174962939249
814.681,0.3738580926064148
814.8,0.37565099959975207
814.918,0.36660381788344987
815.037,0.3568506640032847
815.156,0.3524620445698935
815.274,0.3459298886873534
815.393,0.3337001389097654
815.512,0.3392335597067965
815.631,0.34843063443484296
815.749,0.3583977312206514
815.868,0.3579745118850878
815.987,0.3648857170664326
816.105,0.3827821907169207
816.224,0.3805499177114578
816.343,0.3785937709152478
816.461,0.3711136766030041
816.58,0.35697381665625394
816.698,0.33381003832464085
816.817,0.3029616960561392
816.936,0.28486497599741467
817.055,0.27380805094366323
817.173,0.24417074277123113
817.292,0.23064521384088232
817.41,0.2205808221300928
817.529,0.2094320593768939
817.648,0.19815903873588964
817.766,0.1997374344563448
817.885,0.2091162349816641
818.004,0.22159436917446607
818.122,0.21040109749719654
818.241,0.21229881859095748
818.359,0.22188736229876843
818.478,0.2182446960986751
818.597,0.22476313985210344
818.715,0.2181913054356728
818.834,0.22453315676619562
818.953,0.257196021257856
819.071,0.33516162894118645
819.19,0.4979720390118855
819.308,0.6721580347007043
819.427,0.8096059953657395
819.546,0.8739842073449875
819.664,0.8324380009742639
819.783,0.7042987719145143
819.901,0.5509732356039827
820.02,0.4119915269034805
820.138,0.330483452404593
820.257,0.27391358139110333
820.376,0.24051143064408131
820.494,0.21391597748240593
820.613,0.19450778283237957
820.731,0.17341339642588322
820.85,0.1704864534485651
820.969,0.16809716422011767
821.087,0.1804969259557751
821.206,0.208536471110791
821.324,0.23501584508337872
821.443,0.2566026080268683
821.561,0.28559789383813955
821.68,0.2911991647065888
821.798,0.2743441663497729
821.917,0.25575074059371383
822.035,0.23714101960652423
822.154,0.2162334563537054
822.273,0.1979763888142174
822.391,0.1911855869386901
822.51,0.19208447826033145
822.628,0.17918864799410655
822.747,0.1746238476838211
822.865,0.17607647659932235
822.984,0.19121271841577955
823.102,0.19994034372847086
823.221,0.20750519404155643
823.339,0.20867242161167107
823.458,0.22420780039170807
823.576,0.2400520419934355
823.695,0.2604039727946681
823.813,0.260047861232909
823.932,0.27753605011137483
824.05,0.2698512073566098
824.169,0.24924394267500388
824.287,0.22611595883573338
824.406,0.22263278912073325
824.524,0.21804084457579478
824.643,0.21637669184752223
824.761,0.20939639792564346
824.88,0.21831186433848815
824.998,0.21688113789020214
825.117,0.2093869289295372
825.235,0.1984620795785987
825.354,0.20394190161050274
825.472,0.19915872308191662
825.591,0.20146386100594704
825.709,0.20974256070540787
825.828,0.21821745961351383
825.946,0.23004566808312293
826.064,0.21833857859643288
826.183,0.2074752871769176
826.301,0.20744119323316362
826.42,0.19123413620991922
826.538,0.1989149907132416
826.657,0.20103382012432225
826.775,0.1986416564907761
826.894,0.19965466634698387
827.012,0.19826282149109326
827.13,0.19333699194041706
827.249,0.18078543609321546
827.367,0.17437907601247418
827.486,0.16909843671987712
827.604,0.15489611413186025
827.723,0.15132279594822787
827.841,0.13903721076507264
827.959,0.15111398578822977
828.078,0.1580887362399575
828.196,0.1743619665363656
828.315,0.1985376501277884
828.433,0.21471869604299382
828.552,0.2296990915497321
828.67,0.245441182879866
828.788,0.2256829937048434
828.907,0.20679328785485535
829.025,0.17727398504355363
829.143,0.14649692362621378
829.262,0.11724936407503107
829.38,0.08626791628719885
829.499,0.06863686044730356
829.617,0.060433884422518284
829.735,0.05916710183531558
829.854,0.06047279280254488
829.972,0.06997151911459988
830.091,0.07880518409360349
830.209,0.09610286449388791
830.327,0.11507712908768337
830.446,0.13987405359369331
830.564,0.18973929698748926
830.682,0.25209630203055977
830.801,0.306473158067194
830.919,0.35096917791685533
831.037,0.37370725374412206
831.156,0.3603211894124271
831.274,0.34032659936134446
831.392,0.2930310978686128
831.511,0.25814846581348183
831.629,0.2200627440898608
831.747,0.18412563519391362
831.866,0.17246133084662613
831.984,0.1670059661501045
832.102,0.1542032434734226
832.221,0.15426488476676792
832.339,0.14622350445553603
832.457,0.1505936689852404
832.576,0.14147383558252466
832.694,0.1396303639722613
832.812,0.13930207497117258
832.93,0.1362703563813305
833.049,0.12736597936456387
833.167,0.11325196006414705
833.285,0.11533054767406707
833.404,0.12441496519356968
833.522,0.12601194737262142
833.64,0.13715747813799067
833.759,0.13143565650752825
833.877,0.1398640908473497
833.995,0.14443752453717568
834.113,0.15376527748188695
834.232,0.17707071827335427
834.35,0.18964443620674515
834.468,0.2068260197056263
834.586,0.22331743347792418
834.705,0.22741878726342354
834.823,0.2364491362171846
834.941,0.22303542714159674
835.059,0.2013120152760941
835.178,0.18007153824760652
835.296,0.16029270889747094
835.414,0.1542636398429848
835.532,0.15729733502156978
835.651,0.15763381817492977
835.769,0.1652249180477539
835.887,0.17190686797610338
836.005,0.18592077364486548
836.124,0.20452793801137156
836.242,0.23056714891699753
836.36,0.261586009728947
836.478,0.28006288939978113
836.596,0.28108812776581193
836.715,0.293427424056334
836.833,0.3057624503539295
836.951,0.31948095435974067
837.069,0.3285736326950782
837.188,0.3492237585517224
837.306,0.3660066941478506
837.424,0.386759299834733
837.542,0.39476028331183854
837.66,0.40188022491509073
837.779,0.402232227729696
837.897,0.39443993070231625
838.015,0.3884965406121506
838.133,0.3975906422784636
838.251,0.39292540340432436
838.369,0.4127827339075983
838.487,0.41491817043454354
838.606,0.4101219851106558
838.724,0.40521193330872574
838.842,0.39341580624717976
838.96,0.3847823206132623
839.078,0.38524534324395954
839.196,0.3776494658912036
839.315,0.3865072946155788
839.433,0.3954875298038497
839.551,0.3966622179223117
839.669,0.3977031129290741
839.787,0.38316422707768083
839.905,0.3722007486368202
840.023,0.3763316951914597
840.142,0.3700253557025351
840.26,0.37155587656488076
840.378,0.3673062503355974
840.496,0.36809663909066725
840.614,0.36630652878710024
840.732,0.3487530279295341
840.85,0.35122152390475425
840.968,0.35501087102526674
841.087,0.35919732748795236
841.205,0.36858036534229976
841.323,0.37020767271098176
841.441,0.38109090141353813
841.559,0.3767131753964573
841.677,0.37446617584974534
841.795,0.39401037353840396
841.913,0.40449506956781156
842.031,0.42075279603397053
842.149,0.4366603830801494
842.267,0.4452306989474687
842.385,0.4563701272256204
842.504,0.45788214478528455
842.622,0.47438895417216126
842.74,0.49857748083397563
842.858,0.5166955008851528
842.976,0.5187455375535671
843.094,0.5191359703045132
843.212,0.5143241283398956
843.33,0.5161108487778372
843.448,0.5116277962685674
843.566,0.4999981989311594
843.684,0.4968018376237693
843.802,0.4989700107631533
843.92,0.4916801495701376
844.038,0.49348394997978606
844.156,0.4955795332394185
844.274,0.5015280734498122
844.392,0.5107303482702682
844.51,0.5217829533589143
844.628,0.5295206206055502
844.746,0.5378831301504439
844.864,0.5445718024681135
844.982,0.5337193438433465
845.1,0.4975814104382815
845.218,0.4639684661838076
845.336,0.41447684156631653
845.454,0.38248791795492315
845.572,0.3360834982233579
845.69,0.2976426152998855
845.808,0.2856216019442086
845.926,0.26770372835690925
846.044,0.2502811739490943
846.162,0.2560774177451066
846.28,0.23028061187993107
846.398,0.21626372004476077
846.516,0.19034324364201785
846.634,0.1562733884720738
846.752,0.1292937790504848
846.87,0.1016236976274921
846.988,0.09216530049509396
847.106,0.09864247983787007
847.224,0.0933125794282196
847.342,0.09814229024686003
847.46,0.10185501862047054
847.578,0.08860129372990255
847.696,0.07656972009330305
847.814,0.07662001992364058
847.932,0.0811716312201689
848.05,0.08813818955891026
848.168,0.0975435772192825
848.285,0.11593147810788772
848.403,0.11521622072569707
848.521,0.1213858839829621
848.639,0.131392124491151
848.757,0.16243673639107936
848.875,0.17373706503467934
848.993,0.1855695138961291
849.111,0.1980893158779057
849.229,0.2079848037522189
849.347,0.2087914355339801
849.465,0.2252902258862206
849.582,0.23029142160012017
849.7,0.24304588961723808
849.818,0.23883509301775302
849.936,0.24066633640939455
850.054,0.24852253982045627
850.172,0.2605718762854306
850.29,0.2900299739121174
850.408,0.3060062805385801
850.525,0.3229632622071831
850.643,0.3370707352627741
850.761,0.3439619202724262
850.879,0.3496489672767794
850.997,0.3517947668140131
851.115,0.34861730850276296
851.233,0.3435482433250328
851.35,0.33632994837425123
851.468,0.33717624673082447
851.586,0.35534163639765176
851.704,0.3707728072604854
851.822,0.4000472951913279
851.94,0.4310639402362195
852.057,0.47729172341660425
852.175,0.5216492496951419
852.293,0.5927753616304794
852.411,0.6494461241783301
852.529,0.7073864979563542
852.647,0.7594442448125114
852.764,0.8005935830722034
852.882,0.8314493917168593
853.0,0.8620774674054305
853.118,0.8753679484810657
853.236,0.8875539247196893
853.353,0.8873355715065658
853.471,0.8806125957352682
853.589,0.8696182037064042
853.707,0.8382673320655044
853.824,0.8203085815733702
853.942,0.7982406745548796
854.06,0.7667019232252099
854.178,0.7302270600724008
854.296,0.7053423810533355
854.413,0.6649049644646495
854.531,0.6146337541660241
854.649,0.5689670195732393
854.767,0.533233711858681
854.884,0.4975601840450955
855.002,0.44859132158908077
855.12,0.40035832124741516
855.238,0.35228615730598434
855.355,0.29457661932923707
855.473,0.25080860825780993
855.591,0.21294973448852866
855.708,0.1726299703179054
855.826,0.14027612166349718
855.944,0.11756826393888017
856.062,0.10042066669035153
856.179,0.08971948166942889
856.297,0.08574542599817835
856.415,0.08487846043926958
856.532,0.07921209186984521
856.65,0.060486795766073354
856.768,0.041319315482389894
856.886,0.041428319358731716
857.003,0.04204453326480176
857.121,0.04718090116364465
857.239,0.04830242322681339
857.356,0.04563646432872995
857.474,0.045521330888891584
857.592,0.034166134588520025
857.709,0.04442000012985153
857.827,0.06708020637427561
857.945,0.09589669329469455
858.062,0.11724176175184128
858.18,0.13778719085389857
858.298,0.14233079418703756
858.415,0.151875608137513
858.533,0.1498402332708752
858.651,0.16326711734380997
858.768,0.1760181742076637
858.886,0.18648272325686907
859.003,0.1752408292697728
859.121,0.15472201798827184
859.239,0.1337427613810056
859.356,0.12462574804499989
859.474,0.10502794502398266
859.592,0.11296829391497361
859.709,0.12125821862752045
859.827,0.12464267664113504
859.944,0.10914388457664914
860.062,0.09746241215347518
860.18,0.09236954760224989
860.297,0.09353863166718862
860.415,0.09334745759169036
860.532,0.1025664456321509
860.65,0.10918538118687562
860.768,0.10721291398904041
860.885,0.11365834143606564
861.003,0.11433002731552719
861.12,0.1223141484166944
861.238,0.13119737698412764
861.356,0.13509601089288203
861.473,0.14358960702606324
861.591,0.15366020140938016
861.708,0.14290617038805536
861.826,0.1521083715673929
861.943,0.14501767876525373
862.061,0.13323266048849963
862.178,0.1163153925292244
862.296,0.10391495366175249
862.414,0.1131858259552882
862.531,0.11470446041693919
862.649,0.11229476216625163
862.766,0.11595019211395735
862.884,0.10066425272055927
863.001,0.0987375008912614
863.119,0.0971648546715014
863.236,0.10061957882554014
863.354,0.1208769627880729
863.471,0.13195336582030454
863.589,0.1393258083339491
863.706,0.13890699687530364
863.824,0.1397157232629356
863.941,0.1496277721740454
864.059,0.1505728565529324
864.176,0.1590476848583486
864.294,0.16966876056963603
864.411,0.16802412894286328
864.529,0.15357620398147595
864.646,0.14940905288849915
864.764,0.16490495435521912
864.881,0.16118077175798187
864.999,0.1621215816312665
865.116,0.17117266526576153
865.233,0.1899638689812416
865.351,0.20301164280156736
865.468,0.21304325910178362
865.586,0.229719344533698
865.703,0.25437821978298913
865.821,0.2693409515325513
865.938,0.2713229047852763
866.056,0.27353259099408644
866.173,0.2688490852884031
866.29,0.2628205318108435
866.408,0.25285789151691773
866.525,0.24543589701431362
866.643,0.24167043978784702
866.76,0.2558958860920847
866.878,0.2558239727471194
866.995,0.26099703404698354
867.112,0.25496990390039886
867.23,0.2444749378216241
867.347,0.24480725047370916
867.465,0.23822502124666745
867.582,0.2463087943914908
867.699,0.25314715293272494
867.817,0.24772209178878896
867.934,0.2532111325652199
868.051,0.25891936631188234
868.169,0.25917481909128803
868.286,0.275215012389326
868.404,0.2787384330885495
868.521,0.29725095229108334
868.638,0.3117283281779883
868.756,0.3280446476852786
868.873,0.3505609969219792
868.99,0.37839064069033473
869.108,0.41101121652232586
869.225,0.4524308244450461
869.342,0.4749912969419885
869.46,0.5085413079010009
869.577,0.532281721776658
869.694,0.5570141973422597
869.812,0.5647307510953955
869.929,0.573788082627481
870.046,0.5954902865461784
870.164,0.5985924012766445
870.281,0.5968921972956709
870.398,0.6070184503903795
870.516,0.5986157808456334
870.633,0.5936162956633806
870.75,0.5711539627423453
870.867,0.5553642054345969
870.985,0.5599323510698595
871.102,0.537949680687578
871.219,0.5336476276833352
871.337,0.527925090365513
871.454,0.5095761839637607
871.571,0.4812910040218303
871.688,0.44160921295882777
871.806,0.4093870995385801
871.923,0.3979797783044887
872.04,0.37468052676984087
872.157,0.3600265875805648
872.275,0.3556519446965697
872.392,0.337812590784057
872.509,0.3133163178989886
872.626,0.2911913144191538
872.744,0.27407501264221057
872.861,0.2680877357629394
872.978,0.2483340016883383
873.095,0.23423658491049515
873.213,0.23415470824870022
873.33,0.20698056081389332
873.447,0.1790900346422078
873.564,0.1603034063481331
873.681,0.14752874152385415
873.799,0.14274358110423774
873.916,0.12236347939199092
874.033,0.11903681421194352
874.15,0.12780076639787097
874.267,0.11588241794950009
874.385,0.11891159836215481
874.502,0.11833380079848421
874.619,0.12322627231429668
874.736,0.12402847536230296
874.853,0.11515440539706435
874.97,0.11305625945838399
875.088,0.10952138276511302
875.205,0.11019723089977251
875.322,0.12208066694370048
875.439,0.12019633590228349
875.556,0.11743459420837454
875.673,0.12327162587558058
875.791,0.11503060493927038
875.908,0.1132137705589773
876.025,0.10662618463298956
876.142,0.1149320357465181
876.259,0.12736529962699208
876.376,0.12033121655404536
876.493,0.105825870881941
876.61,0.11656713010604641
876.728,0.11468591090419211
876.845,0.12648417266442266
876.962,0.12937962500050376
877.079,0.131626021816744
877.196,0.13952136694657616
877.313,0.12545293386044465
877.43,0.10959757559317232
877.547,0.11688588218916526
877.664,0.11953992286924256
877.781,0.11818987144372649
877.898,0.11436922450673905
878.016,0.1131555568044625
878.133,0.11235948060304568
878.25,0.10205451807113611
878.367,0.10277314730215925
878.484,0.11070804526629716
878.601,0.10608410643065383
878.718,0.10406882886697662
878.835,0.09245256603852715
878.952,0.09579340582667725
879.069,0.09855349469759857
879.186,0.0893496469342956
879.303,0.10393370513195802
879.42,0.11812550592915846
879.537,0.12858895677729051
879.654,0.1409814129463574
879.771,0.11770441238009974
879.888,0.11145206971501756
880.005,0.1007975905356855
880.122,0.0863180914437157
880.239,0.06801357243910827
880.356,0.045884033521863224
