wavelength_nm,intensity
792.446,0.32517321255691983
792.565,0.3151915722564338
792.684,0.3031526098201589
792.803,0.2890563252480953
792.922,0.27290271854024273
793.041,0.24048119704710716
793.16,0.21743874261034557
793.279,0.216330266820417
793.398,0.21662496733254313
793.518,0.22236381329026972
793.637,0.24096231795894935
793.756,0.28028585940085426
793.875,0.31507726417900317
793.994,0.32037852452781523
794.113,0.31287147549733263
794.232,0.305020609202703
794.351,0.27685103562884006
794.47,0.2420451190830487
794.589,0.21760506979332594
794.708,0.2061910063975364
794.827,0.18969559174721048
794.946,0.18112583480936437
795.066,0.1889510264381648
795.185,0.2027115310327758
795.304,0.21968360143566917
795.423,0.23263591220157098
795.542,0.2377194960357446
795.661,0.22773093473838263
795.78,0.20530690486115816
795.899,0.19584411606838473
796.018,0.18682114546416312
796.137,0.17981865943171452
796.256,0.18291636367849365
796.375,0.18490224326588822
796.494,0.17776580245520046
796.613,0.17234844796524773
796.732,0.16413702005919129
796.851,0.1608997795850799
796.97,0.1645065119891675
797.089,0.1599877708032354
797.208,0.16603024759163718
797.327,0.17376836861458217
797.446,0.17955409874469236
797.565,0.19044573850534943
797.684,0.20211766484924926
797.803,0.2193007140278691
797.922,0.22864405981004593
798.041,0.21088723766463535
798.16,0.20211654855943054
798.279,0.19206435874240513
798.398,0.1713281590709932
798.517,0.15316947259086533
798.636,0.14848217164231575
798.755,0.14839286845682295
798.874,0.15048144670753416
798.993,0.15223848688210362
799.112,0.1650758197966834
799.231,0.17956414535306003
799.35,0.17452744569127
799.469,0.17765082460387838
799.588,0.172183237072086
799.707,0.16181067207710548
799.826,0.1665091359238418
799.945,0.16051577588746102
800.064,0.16242016631809353
800.183,0.17453637600981964
800.302,0.17675332758967663
800.421,0.1898552211912788
800.54,0.1947780592915655
800.659,0.19799743912857842
800.778,0.2143321080450173
800.897,0.21701343618943647
801.016,0.22137812938039364
801.135,0.22818079953530235
801.254,0.2246209513035984
801.373,0.22038686402142432
801.492,0.21431424740791866
801.611,0.21285972177420578
801.729,0.22509090931725384
801.848,0.244061138495547
801.967,0.24271042781496943
802.086,0.23961607243764638
802.205,0.22670171552557905
802.324,0.20808535021980085
802.443,0.17910311765795406
802.562,0.16210872145868754
802.681,0.15005047030227306
802.8,0.13752591489914043
802.919,0.11063750768284328
803.038,0.10208499062352488
803.157,0.09270839710102302
803.276,0.08522685260954393
803.394,0.06294989770232334
803.513,0.054607335225758204
803.632,0.04795349115739663
803.751,0.03719884647442791
803.87,0.03571400114675271
803.989,0.051923039161672825
804.108,0.06408600502721298
804.227,0.07702314775770486
804.346,0.06758556691572881
804.465,0.0775920826241636
804.583,0.07868618271751313
804.702,0.07704090499172048
804.821,0.0753683025893577
804.94,0.07221452089894465
805.059,0.07069542616526704
805.178,0.07142687241961274
805.297,0.06603853129209478
805.416,0.08493297304905614
805.535,0.08943336674890885
805.653,0.09272864473199777
805.772,0.0917050485945496
805.891,0.08993403869855182
806.01,0.09693675494297378
806.129,0.12015439402738554
806.248,0.14806652259934405
806.367,0.1850235483993739
806.485,0.2135930858031302
806.604,0.2381624991925562
806.723,0.26174064722301305
806.842,0.2766999215636031
806.961,0.2918411511446348
807.08,0.29619902107741947
807.198,0.2890858968336628
807.317,0.2686945051969558
807.436,0.24767799126179973
807.555,0.2241185691197382
807.674,0.20815884806310797
807.793,0.20417914934032733
807.912,0.22522331948242813
808.03,0.24113590532815282
808.149,0.27890656211304177
808.268,0.3159538630954395
808.387,0.35141045108624763
808.506,0.36819597557016315
808.624,0.37535238407832505
808.743,0.37426164340623325
808.862,0.3643254222110868
808.981,0.33837267469781945
809.1,0.32631327026758383
809.219,0.30460577293467783
809.337,0.2793998233100942
809.456,0.2540576863276344
809.575,0.24655386064734758
809.694,0.2357033980907206
809.812,0.2229518939729173
809.931,0.23184748201855146
810.05,0.24601977203698738
810.169,0.2543393545361935
810.288,0.26380425038934396
810.406,0.27752444303122303
810.525,0.2891694529002148
810.644,0.2873040070939753
810.763,0.2900108843849637
810.882,0.2964327741924497
811.0,0.3025074978663326
811.119,0.3030387263007542
811.238,0.3094260111238615
811.357,0.3188763952093692
811.475,0.32484507135047924
811.594,0.33147235848459833
811.713,0.3413268394844609
811.832,0.3456422904041369
811.95,0.3539161050207781
812.069,0.3456319927572484
812.188,0.3551415402031449
812.307,0.3642257812281321
812.425,0.37203075412093584
812.544,0.3701295870404985
812.663,0.37812544549229277
812.782,0.3820736370616291
812.9,0.3815153666330386
813.019,0.38938061917604994
813.138,0.40696987232940096
813.257,0.4207302514047514
813.375,0.4276444250222656
813.494,0.42347830589976954
813.613,0.43881823506852313
813.731,0.43439983444701036
813.85,0.4266727508029917
813.969,0.428943158774884
814.088,0.42937726999508163
814.206,0.432009355868219
814.325,0.43571196367745063
814.444,0.4300198763728472
814.562,0.4347450056559712
814.681,0.4299247406997412
814.8,0.42750114998417255
814.918,0.4266135740590789
815.037,0.4274629450918189
815.156,0.42789928889165507
815.274,0.4341861076310837
815.393,0.42657511812820637
815.512,0.421515967150784
815.631,0.42360665246187323
815.749,0.42358420114624085
815.868,0.43348110115921346
815.987,0.4474368309528307
816.105,0.45529203688747555
816.224,0.4638772963635235
816.343,0.4683523767272684
816.461,0.4469440450657641
816.58,0.4221276805878935
816.698,0.39091497544910603
816.817,0.38193876349800804
816.936,0.3746090790294321
817.055,0.359165083869023
817.173,0.3387937854490524
817.292,0.33540237146070573
817.41,0.3225950528519694
817.529,0.3178250209375787
817.648,0.31875699741689867
817.766,0.3298371646376487
817.885,0.3258195120610341
818.004,0.3174226545258195
818.122,0.30204898562398536
818.241,0.308314594856858
818.359,0.32065840215232955
818.478,0.331855779804038
818.597,0.34945556985395676
818.715,0.34622745763988133
818.834,0.3565368488996261
818.953,0.36826329423959814
819.071,0.46518657245712713
819.19,0.5879684959281878
819.308,0.7164188201063546
819.427,0.8109597083936352
819.546,0.8459349019082871
819.664,0.794130743895137
819.783,0.7064039303884355
819.901,0.5827207651238506
820.02,0.5154103624749641
820.138,0.4428438059768462
820.257,0.39107218017162915
820.376,0.3482174639475879
820.494,0.30776076282048326
820.613,0.278944731922356
820.731,0.26402762555635356
820.85,0.2606339789883692
820.969,0.26884193250570926
821.087,0.2875843130417354
821.206,0.30912411586332145
821.324,0.3405531301884087
821.443,0.36140753106133816
821.561,0.3663369413812767
821.68,0.3640406077050349
821.798,0.3542461553168601
821.917,0.34399290781321656
822.035,0.3335923100535103
822.154,0.31778217183258206
822.273,0.318322330585554
822.391,0.3027231711403521
822.51,0.2877792738187027
822.628,0.2820894190937373
822.747,0.28343107393650563
822.865,0.2996093367590723
822.984,0.31271110484141446
823.102,0.32186009067588467
823.221,0.3328900248547956
823.339,0.33105695145329717
823.458,0.3399759815851235
823.576,0.33571944298731604
823.695,0.3422328685599319
823.813,0.3437743392802399
823.932,0.3412982829431937
824.05,0.32880687435313793
824.169,0.32177189039668797
824.287,0.3137032220681593
824.406,0.3115307965617882
824.524,0.300666938527337
824.643,0.304774759540742
824.761,0.3007883630790499
824.88,0.30792691095011476
824.998,0.31069964934040417
825.117,0.3177020098535929
825.235,0.31799993371591484
825.354,0.32279427296779556
825.472,0.32291693932858756
825.591,0.3321786704347417
825.709,0.33245203592105266
825.828,0.3374796797450327
825.946,0.33333477012909085
826.064,0.3230167778159639
826.183,0.31589583954347655
826.301,0.3114260895903045
826.42,0.29942696481027636
826.538,0.30255021820362327
826.657,0.29737050792578335
826.775,0.2999389652792564
826.894,0.29799984434498394
827.012,0.29108430339912883
827.13,0.29280549678023937
827.249,0.2936124487998678
827.367,0.28403232405687295
827.486,0.27893633551543157
827.604,0.2666023237898044
827.723,0.2659011682644239
827.841,0.2603430357380574
827.959,0.2513411491211273
828.078,0.2632629988651438
828.196,0.2856668100063694
828.315,0.30374276552065355
828.433,0.31667150868110044
828.552,0.323172655065708
828.67,0.3249753376035792
828.788,0.3039900797833428
828.907,0.2739673395912421
829.025,0.24548731192852818
829.143,0.21838311978520208
829.262,0.1959800330795221
829.38,0.17640715314408095
829.499,0.1622951670299617
829.617,0.1399383233741401
829.735,0.12782164468195495
829.854,0.12518679541943412
829.972,0.1310045437712248
830.091,0.16191465531626492
830.209,0.1936469639519629
830.327,0.22724008597875628
830.446,0.2593510668128652
830.564,0.2851190472150328
830.682,0.32248081367379394
830.801,0.3412675175500674
830.919,0.3450055183809972
831.037,0.3500406479812089
831.156,0.32524628104721154
831.274,0.288515427082292
831.392,0.24682489745306996
831.511,0.23212960450848158
831.629,0.23004727022492266
831.747,0.2316699018494935
831.866,0.23617032862656756
831.984,0.2523906822097438
832.102,0.24349577327166572
832.221,0.22416197140352861
832.339,0.20480669611257418
832.457,0.21313615919166679
832.576,0.2155150261827639
832.694,0.22643984260299738
832.812,0.2326357914351278
832.93,0.2294898267037095
833.049,0.2087715921058707
833.167,0.19098997860508105
833.285,0.17685661998808297
833.404,0.18740297425910596
833.522,0.19501370606346918
833.64,0.20253368097667823
833.759,0.2091206599516428
833.877,0.20992604043054025
833.995,0.2227136758229249
834.113,0.24258751898415765
834.232,0.2649216649057152
834.35,0.29931062457897245
834.468,0.3182813892769099
834.586,0.32275043294064676
834.705,0.3260830935689884
834.823,0.3196716603702547
834.941,0.2995276298223766
835.059,0.2808749624722272
835.178,0.26235513361049845
835.296,0.2521751059839719
835.414,0.2437677465894761
835.532,0.240462947956071
835.651,0.24408584393726426
835.769,0.25235585443353536
835.887,0.2554150240563058
836.005,0.2809060375850313
836.124,0.307847111588195
836.242,0.33005176789078794
836.36,0.34795424323226853
836.478,0.36373800049793387
836.596,0.372337316490709
836.715,0.38082388721179955
836.833,0.38310723541060143
836.951,0.39605784911650976
837.069,0.4014880183141116
837.188,0.40879690327651685
837.306,0.41761054691447463
837.424,0.44137019493445906
837.542,0.446294684844208
837.66,0.4583611970137379
837.779,0.47380895104398624
837.897,0.4689491606931876
838.015,0.46614669247817764
838.133,0.47033108223815534
838.251,0.4686929043040068
838.369,0.46924153812461133
838.487,0.45616808728811864
838.606,0.46105462334403263
838.724,0.4613253009997913
838.842,0.4464456932367085
838.96,0.4415133440476974
839.078,0.4466778362684581
839.196,0.45115022880164996
839.315,0.45354408969249865
839.433,0.4600269201890957
839.551,0.46566695187260515
839.669,0.4571390331776931
839.787,0.4425708702740168
839.905,0.4347238883684872
840.023,0.4253888921346849
840.142,0.41853652445758016
840.26,0.4045856698236221
840.378,0.40702418230721693
840.496,0.4000758137057072
840.614,0.40432829714462315
840.732,0.4010525220465022
840.85,0.40775079647810064
840.968,0.4045777200432964
841.087,0.40551147385133907
841.205,0.40263644679811667
841.323,0.4044007202312415
841.441,0.4028808690178713
841.559,0.41476319336732237
841.677,0.4228914350566227
841.795,0.43764150795020895
841.913,0.4556321701873626
842.031,0.47005628645390035
842.149,0.48793531970918835
842.267,0.4941368451714836
842.385,0.5010237725824356
842.504,0.5115609677004029
842.622,0.5157766135753037
842.74,0.5142109944793688
842.858,0.5154841003922839
842.976,0.5171490240315482
843.094,0.5320140747764566
843.212,0.5300108700716067
843.33,0.5268813289397298
843.448,0.5370054968247928
843.566,0.5277821295728558
843.684,0.5194049100034621
843.802,0.5181172470723723
843.92,0.520643946451641
844.038,0.5330531595954987
844.156,0.5336977943405079
844.274,0.5424645538060808
844.392,0.559747488298204
844.51,0.5681123834290596
844.628,0.5734655286291725
844.746,0.5686090871478291
844.864,0.5622947711633168
844.982,0.5452093747185629
845.1,0.5113227002131706
845.218,0.4810248974747674
845.336,0.4409149072303507
845.454,0.3954947263185726
845.572,0.3530248993975107
845.69,0.3207479148106252
845.808,0.3066653379780645
845.926,0.28849602411939257
846.044,0.28367865278170223
846.162,0.2823530359967776
846.28,0.2642105130937533
846.398,0.24114068693116775
846.516,0.2220013172200812
846.634,0.20175570429870354
846.752,0.18990124194418617
846.87,0.158574421419909
846.988,0.15180026117241918
847.106,0.13779621635788175
847.224,0.12687626270447205
847.342,0.11308431382661358
847.46,0.10265740079057634
847.578,0.09644783447180977
847.696,0.1037449836467158
847.814,0.09281162994715057
847.932,0.1052764799599225
848.05,0.10378683224889335
848.168,0.1139957534061905
848.285,0.11661030304765452
848.403,0.11808165645979009
848.521,0.13209223572688528
848.639,0.15075509653793331
848.757,0.16158523192148283
848.875,0.18542011108693318
848.993,0.2099298363559795
849.111,0.2389839774767872
849.229,0.25644879770027584
849.347,0.258407236052771
849.465,0.269863068182418
849.582,0.2691424109701315
849.7,0.2566739197062763
849.818,0.25993395198732805
849.936,0.2718273697258896
850.054,0.28178067575962157
850.172,0.2886764639800462
850.29,0.29074429873477037
850.408,0.31321456250512736
850.525,0.3145445296897178
850.643,0.3190190852934712
850.761,0.3301701703026252
850.879,0.33294461651256146
850.997,0.3386225325408303
851.115,0.33330499385530693
851.233,0.32925667669359904
851.35,0.3464323778540568
851.468,0.34323913869344136
851.586,0.35808960816163193
851.704,0.38258258908340015
851.822,0.41052490554482496
851.94,0.4515992554329558
852.057,0.4939618037718193
852.175,0.550955562763848
852.293,0.6137294704368939
852.411,0.6671153807350163
852.529,0.7198382148808555
852.647,0.7569017354505447
852.764,0.7869248161339506
852.882,0.8128723226894321
853.0,0.8340119689959488
853.118,0.8582805756641669
853.236,0.8747496653694138
853.353,0.8882125865930116
853.471,0.8937878039579644
853.589,0.8756474441255043
853.707,0.8572536865042085
853.824,0.8296070025760471
853.942,0.7980086526898327
854.06,0.7654848985439494
854.178,0.7222146223138348
854.296,0.6863274869443314
854.413,0.6499983008066392
854.531,0.6012861117105613
854.649,0.5579667187284257
854.767,0.5096976966903555
854.884,0.46511019847422297
855.002,0.4131618851938521
855.12,0.3571525095531992
855.238,0.31504094215485223
855.355,0.27530372320079294
855.473,0.23289745529031977
855.591,0.19767451236291805
855.708,0.16112057112665046
855.826,0.13043712244096398
855.944,0.10373856830058667
856.062,0.0860120463379544
856.179,0.08231808077314744
856.297,0.0779607955771979
856.415,0.07119731225681837
856.532,0.05810130099292797
856.65,0.039245871974798716
856.768,0.02557428723516363
856.886,0.014790794087092232
857.003,0.017076981266119978
857.121,0.029506874048624315
857.239,0.03568694750334535
857.356,0.03957554429643681
857.474,0.0365724771484965
857.592,0.034868573775371225
857.709,0.039850527280775434
857.827,0.04403713038917095
857.945,0.05965703824746646
858.062,0.06825224787646061
858.18,0.08381944539160226
858.298,0.09696002242613616
858.415,0.11552638922546235
858.533,0.1291920695637355
858.651,0.14920225587829544
858.768,0.1609055227922867
858.886,0.1669379168916306
859.003,0.16189857122839216
859.121,0.1654468431400984
859.239,0.15994312091229776
859.356,0.14930774466873922
859.474,0.13064591901200356
859.592,0.1188068267357905
859.709,0.10331400230710662
859.827,0.08694614629190928
859.944,0.07743995770687132
860.062,0.08093601695443887
860.18,0.08238916255789336
860.297,0.07742010187163537
860.415,0.07549466767825476
860.532,0.06807088234555134
860.65,0.06825944691776423
860.768,0.07321503993222599
860.885,0.07292965170312993
861.003,0.09046395122868453
861.12,0.10875441702134703
861.238,0.11804309417329052
861.356,0.1221181662970176
861.473,0.12748616847174069
861.591,0.1304844949238141
861.708,0.125354482943012
861.826,0.11566069559121167
861.943,0.11396113617712501
862.061,0.11315767194906098
862.178,0.10823557483644064
862.296,0.10604306616114485
862.414,0.10546033498828156
862.531,0.09392161243208942
862.649,0.08069142125271131
862.766,0.08318891439062932
862.884,0.07558076448086873
863.001,0.07872829778206697
863.119,0.08724015688450032
863.236,0.09768987474614954
863.354,0.10046238683427612
863.471,0.09923235643477521
863.589,0.10634327087340618
863.706,0.11946964076681893
863.824,0.12730625877656376
863.941,0.1391470083658386
864.059,0.15124562090322358
864.176,0.14931116725775934
864.294,0.1376837216019286
864.411,0.12582874040201908
864.529,0.11121764175916626
864.646,0.10185899910916978
864.764,0.11345646734418724
864.881,0.13300322295680395
864.999,0.15444184229709873
865.116,0.16112292336223444
865.233,0.18109343471850686
865.351,0.18922792512753675
865.468,0.1930423739383556
865.586,0.2012940747783446
865.703,0.23461429607596165
865.821,0.2536359610863743
865.938,0.26534704407438836
866.056,0.25740584480490847
866.173,0.2544488795757414
866.29,0.23723689336229747
866.408,0.228517640089212
866.525,0.2273980879015579
866.643,0.23843828070855766
866.76,0.23879446366117119
866.878,0.2465873693856917
866.995,0.24040879173987467
867.112,0.23421570232641514
867.23,0.2263403641562362
867.347,0.2233231192768618
867.465,0.22783190035488726
867.582,0.23859078812758522
867.699,0.23717207026853077
867.817,0.24005330079095122
867.934,0.24311313768435727
868.051,0.24170446643367108
868.169,0.24716655901683182
868.286,0.2581375418550752
868.404,0.26199999112809735
868.521,0.2788493561513994
868.638,0.2903818327684278
868.756,0.2949575912355722
868.873,0.3110724375581961
868.99,0.32966991243751786
869.108,0.3676059921352906
869.225,0.3995096416530294
869.342,0.4237064262627456
869.46,0.4677106574147494
869.577,0.505053987218814
869.694,0.5305959010600145
869.812,0.5632820697406338
869.929,0.5860801432075706
870.046,0.6012550735028845
870.164,0.5959204109599743
870.281,0.5870727843577437
870.398,0.584657219690627
870.516,0.5755617767486539
870.633,0.5749534852979461
870.75,0.5739165385568734
870.867,0.558829968158157
870.985,0.5493628007065707
871.102,0.5219936934331482
871.219,0.49863318289853054
871.337,0.4732879090663369
871.454,0.45175811383431996
871.571,0.42790643577949206
871.688,0.4018791088680975
871.806,0.3828442213807837
871.923,0.3790109686439699
872.04,0.35792434046996047
872.157,0.33887494121500394
872.275,0.321931980847857
872.392,0.3082619822290185
872.509,0.29824671647647005
872.626,0.2822403232671781
872.744,0.27228310458519983
872.861,0.2552631202205653
872.978,0.23457277493217937
873.095,0.2132762842722617
873.213,0.19191058364358723
873.33,0.1775328572797191
873.447,0.16305243225253452
873.564,0.15071751625681293
873.681,0.12926053851789043
873.799,0.10929512363671484
873.916,0.1025183520739052
874.033,0.10140656463816032
874.15,0.09590724288119751
874.267,0.09679487558574434
874.385,0.08910219874543865
874.502,0.08766509669775269
874.619,0.06952451310847596
874.736,0.06247420048671876
874.853,0.058988453541257604
874.97,0.06106444252762113
875.088,0.06829152915197113
875.205,0.07277933923919516
875.322,0.07990863914342067
875.439,0.07929412274470546
875.556,0.07669762967427815
875.673,0.08453742062646619
875.791,0.08656787254834575
875.908,0.08266326442758756
876.025,0.08369850638128253
876.142,0.07537980434133248
876.259,0.07715452434862839
876.376,0.06100460947559635
876.493,0.05375972274770078
876.61,0.05980351357949383
876.728,0.0652786707376515
876.845,0.06757119858797177
876.962,0.0722180629129265
877.079,0.07171416887564076
877.196,0.07815410749183713
877.313,0.07241579892560207
877.43,0.0650441862953183
877.547,0.062444586368688396
877.664,0.054839760504344706
877.781,0.05895130864905353
877.898,0.06407153403264548
878.016,0.061113792893564015
878.133,0.06436260692738718
878.25,0.06337292457158748
878.367,0.06488090293562909
878.484,0.0750164151415639
878.601,0.07142918460165776
878.718,0.079705909510454
878.835,0.08135997640038009
878.952,0.07271444124791968
879.069,0.0674933994093355
879.186,0.06506018033702793
879.303,0.06672561283904663
879.42,0.07261978704374342
879.537,0.0679723251843928
879.654,0.07885814066035732
879.771,0.06866401940851345
879.888,0.06508030810965085
880.005,0.06037479050107488
880.122,0.054745354655061994
880.239,0.04819200057161223
880.356,0.040714728250725585
