wavelength_nm,intensity
792.446,81.8793297124465
792.565,88.8326630457799
792.684,95.09075828387518
792.803,100.65361542673237
792.922,105.52123447435135
793.041,112.50997906309598
793.16,113.04590979902675
793.279,110.41993577305277
793.398,111.31517386829091
793.518,98.84764140075843
793.637,92.06062841374536
793.756,85.01733837045526
793.875,83.93855049166737
793.994,86.5558665089834
794.113,84.1428794959964
794.232,85.33768469080158
794.351,85.68487083798772
794.47,83.4658232189401
794.589,78.73595308906995
794.708,71.85543360855044
794.827,68.07967603279292
794.946,60.2130093661263
795.066,51.893528846645765
795.185,52.30997906309594
795.304,54.608680361797234
795.423,49.92225094274705
795.542,48.50844835140422
795.661,49.14161393903959
795.78,54.658993209056575
795.899,52.98754250575375
796.018,54.693545470101476
796.137,55.44539570601329
796.256,53.450750404394974
796.375,50.777807447083006
796.494,52.72143670406982
796.613,52.2972389746196
796.732,61.68988016822346
796.851,64.27733372884168
796.97,74.86351415853146
797.089,83.59446142747112
797.208,106.4145861855883
797.327,148.84250315149765
797.446,186.48773613472306
797.565,216.3658695508489
797.684,226.29595101892278
797.803,217.07105413201845
797.922,195.8106594096162
798.041,160.56758070452995
798.16,124.76432883927052
798.279,100.30653151946548
798.398,77.72925368017985
798.517,62.83162952054787
798.636,50.16171098862159
798.755,47.2614894263924
798.874,46.47641937931473
798.993,46.41602465691243
799.112,43.18593296481312
799.231,45.116880233752795
799.35,42.75111023705
799.469,42.54246941758941
799.588,38.90732962437016
799.707,37.179866575969584
799.826,31.05583012541628
799.945,29.2623630655793
800.064,28.311019765983183
800.183,38.2406233156654
800.302,42.83977634568696
800.421,48.885399770007325
800.54,42.437786825929194
800.659,39.106393040014595
800.778,31.221500211806816
800.897,30.817864931566938
801.016,26.018997616956323
801.135,28.35161410855688
801.254,32.54410520197362
801.373,36.4468003948309
801.492,34.57859100204384
801.611,33.79406073135633
801.729,34.71063591536752
801.848,41.246871575760764
801.967,34.402818187416436
802.086,30.811751356105944
802.205,29.137844463843223
802.324,29.72856433330662
802.443,32.787596173890606
802.562,36.15982219803584
802.681,39.4604085235843
802.8,43.403809502783375
802.919,39.81588893440701
803.038,37.544851482913735
803.157,33.154333511939825
803.276,35.960352337502684
803.394,36.67805947475378
803.513,35.620009036247254
803.632,33.53165556743756
803.751,38.1333453886711
803.87,46.58958066444995
803.989,56.38694148135434
804.108,67.17737589133245
804.227,85.2561219896224
804.346,104.71668626973064
804.465,127.30365747624609
804.583,141.05339924553218
804.702,153.4083358200132
804.821,156.04812087934266
804.94,143.56929122005744
805.059,123.87834034865091
805.178,102.64280073265573
805.297,80.45401436341373
805.416,74.15613708508084
805.535,61.995056343544505
805.653,54.04436521239789
805.772,48.10839269596977
805.891,38.77068857780999
806.01,33.23644766311334
806.129,31.96800761421757
806.248,26.4862870210998
806.367,23.270042599757222
806.485,21.301732075902923
806.604,19.936998057036448
806.723,18.68648621426196
806.842,21.66779333423696
806.961,20.14518455201822
807.08,28.173140986468194
807.198,31.689892812195147
807.317,28.40578767373715
807.436,33.12407252363881
807.555,29.883818483125317
807.674,27.630271041773533
807.793,26.587772674727105
807.912,20.974048556981543
808.03,23.020959205730477
808.149,28.033117347123994
808.268,26.63150699872634
808.387,26.82266445481323
808.506,22.984154572319774
808.624,19.34348370876834
808.743,18.289346173063326
808.862,21.561383918044665
808.981,16.680281931502297
809.1,21.773060604767988
809.219,15.449417628089812
809.337,11.101203107573177
809.456,14.610268484395236
809.575,13.8393357734612
809.694,17.29566207170899
809.812,12.799564578716545
809.931,9.51181422212045
810.05,11.728561149384443
810.169,6.246341808991678
810.288,7.848735326284979
810.406,13.67604019753791
810.525,13.842617493341367
810.644,13.93756039719354
810.763,9.509194050951512
810.882,14.011579335986344
811.0,14.524248085143046
811.119,12.888859411670195
811.238,17.608850410690444
811.357,11.910970972125387
811.475,4.911763253856063
811.594,-0.6943490791273526
811.713,-4.024541866926473
811.832,3.491973712498828
811.95,13.648150277529824
812.069,11.430438124729397
812.188,18.996253167951743
812.307,17.905188684127268
812.425,17.826745527530438
812.544,10.343826660260943
812.663,8.35324889899665
812.782,13.981196338263809
812.9,12.543769920031284
813.019,3.9124044434766083
813.138,2.8842112139790532
813.257,-0.3678243091488498
813.375,4.117586717927559
813.494,2.2281589086267015
813.613,5.910360586496546
813.731,6.692423296345737
813.85,4.27093716016665
813.969,0.03586088890584316
814.088,-8.741903403639935
814.206,-9.935091547625227
814.325,-4.643620050595573
814.444,-2.5162900240245216
814.562,-3.906221231393075
814.681,-2.3527967912473753
814.8,3.2694968350315428
814.918,1.3774135941679229
815.037,-0.881993458318032
815.156,5.940697572769109
815.274,6.003484349689199
815.393,2.647465310294408
815.512,-2.3927910659074536
815.631,-3.401354330090875
815.749,-3.845318849662208
815.868,-5.383770682623128
815.987,-2.5990381001728045
816.105,1.1984382723786309
816.224,0.02910045642562656
816.343,0.7903461761589736
816.461,1.9298387328924815
816.58,-3.4451845529680316
816.698,-6.845703381048643
816.817,-7.390814802544192
816.936,-8.239312829887012
817.055,-6.647708638481694
817.173,-6.275185223109045
817.292,-3.5492919398092293
817.41,-0.3485021800008248
817.529,0.6670433406513485
817.648,-2.08877496656018
817.766,3.816430108432928
817.885,1.7445317751179903
818.004,-1.7466885929214957
818.122,-5.437176248666349
818.241,-7.6513958949122625
818.359,-10.545876794250173
818.478,-12.238755938653274
818.597,-13.691971463867379
818.715,-4.689014296056322
818.834,-1.5775477286529087
818.953,3.100576251919434
819.071,8.155711057928206
819.19,5.462891808086331
819.308,-1.2238536402623583
819.427,-3.522786122116142
819.546,-9.212721225895997
819.664,-14.345201911078766
819.783,-6.12095519093538
819.901,-0.32738658988857683
820.02,9.296157830723056
820.138,17.415055915187352
820.257,21.909294719668715
820.376,19.294045280168163
820.494,6.779491762272994
820.613,4.112137309156675
820.731,0.9958338182724968
820.85,-4.928626510698592
820.969,-2.5627951052730857
821.087,1.7791564778124984
821.206,-1.0202959664887628
821.324,-9.634864708379833
821.443,-11.823657279519477
821.561,-7.167387917352688
821.68,-7.533031539452778
821.798,-4.674551987316704
821.917,-3.528648046033787
822.035,-1.0559896204369568
822.154,-2.7947323990855315
822.273,0.6564701425056622
822.391,6.496598149680844
822.51,9.96570010839652
822.628,10.789395239479092
822.747,13.596923689505804
822.865,15.0768629343113
822.984,19.503914464766254
823.102,21.474151918755993
823.221,25.179681852764368
823.339,26.94401008342855
823.458,33.394336059834224
823.576,35.929085331047574
823.695,54.561670100096364
823.813,70.7752072500977
823.932,88.4718612832159
824.05,94.82132916914796
824.169,96.7153857996689
824.287,83.55229957304678
824.406,68.23856399577517
824.524,52.693659587334494
824.643,45.53230496244347
824.761,40.12246548906759
824.88,37.53080783387348
824.998,33.80062204015114
825.117,35.64965702564952
825.235,31.981808894264766
825.354,29.686255135174406
825.472,28.259099644482262
825.591,31.83627315811915
825.709,32.01806020565504
825.828,28.538185705339007
825.946,17.115936815802186
826.064,10.584922860976949
826.183,5.184564967736061
826.301,8.260528966324834
826.42,5.636603782013492
826.538,18.348982830208598
826.657,19.081542448298038
826.775,19.395586772732734
826.894,12.754078131233253
827.012,9.87488652430902
827.13,3.3686242260970944
827.249,4.612909408063037
827.367,-2.9508513836497454
827.486,1.6486566272459462
827.604,-0.5091802122326268
827.723,-0.690713902005287
827.841,-0.14608731120322815
827.959,1.7137764156735442
828.078,-1.9419788605984933
828.196,2.827816906247468
828.315,6.170103006994744
828.433,7.910181664329637
828.552,5.879663179540833
828.67,5.540864663066925
828.788,2.887364245192042
828.907,3.914497690588707
829.025,-3.473733614564173
829.143,1.2835722282885937
829.262,4.781452050648962
829.38,7.265389271464068
829.499,11.951546145508493
829.617,19.406845858979857
829.735,29.01565398937229
829.854,38.34892669892726
829.972,38.75307829731435
830.091,47.43082296929454
830.209,57.93107846378541
830.327,68.47007854702069
830.446,87.75453317571043
830.564,118.92080598621837
830.682,160.9680311776785
830.801,218.94815680203908
830.919,284.6187586168759
831.037,339.7902262325785
831.156,366.6149406015279
831.274,359.5067545375769
831.392,320.2165338415914
831.511,264.7018542711471
831.629,191.10535651888475
831.747,135.85388041164407
831.866,92.4149584169577
831.984,63.24573339196834
832.102,49.071746462217
832.221,34.82618393746784
832.339,28.905250452962488
832.457,33.110254823607484
832.576,29.931376277740874
832.694,31.91930947877666
832.812,28.766984754882444
832.93,28.274604141113812
833.049,25.30436943587702
833.167,9.418002657357736
833.285,11.38567212389441
833.404,11.44932383584468
833.522,14.936352029818192
833.64,14.509491925849915
833.759,12.21601280698851
833.877,6.452590948407628
833.995,1.2394592867093812
834.113,2.048855932981053
834.232,3.731516151231909
834.35,6.737716131741407
834.468,15.927032224514761
834.586,14.93478770210606
834.705,10.643400311450376
834.823,10.0816318675733
834.941,10.50065090492959
835.059,12.03317669514189
835.178,6.039838838367943
835.296,9.416225699739705
835.414,12.096733383432912
835.532,6.048773749540708
835.651,0.31584887078822543
835.769,6.066105824078625
835.887,2.2259880087029784
836.005,-0.9750104883579704
836.124,2.802060658093505
836.242,9.81165177241347
836.36,10.40051067728985
836.478,4.761824362192664
836.596,6.106455422084331
836.715,14.013613723687534
836.833,12.890083877772303
836.951,15.613654823558218
837.069,19.20919770779784
837.188,24.911112964585797
837.306,22.92591926136819
837.424,23.231381109604833
837.542,18.55764316561767
837.66,22.20279454920254
837.779,23.167511162254176
837.897,21.616512381197694
838.015,14.271029488389914
838.133,10.156790390427343
838.251,6.796495891572721
838.369,7.180828320495117
838.487,3.4403130021311057
838.606,8.400332081455355
838.724,9.943517445214109
838.842,7.998909307200574
838.96,3.445882898723629
839.078,-4.490608959734943
839.196,-3.3601767956958066
839.315,0.2657047069345677
839.433,5.65655397645293
839.551,10.296070440509727
839.669,8.733604204692202
839.787,4.396730583376586
839.905,26.065319174876507
840.023,50.190520072763164
840.142,91.89091827987096
840.26,125.91381599682198
840.378,145.3204906664471
840.496,139.09226147819268
840.614,99.2635111498623
840.732,53.81160000727257
840.85,31.61944522340149
840.968,14.142200310764796
841.087,12.269046534340209
841.205,11.226447132569211
841.323,14.768513667395318
841.441,7.129065641594266
841.559,-5.912792336534023
841.677,-11.27563139167466
841.795,-16.952085091313627
841.913,-12.10359274896491
842.031,-7.6362699407684245
842.149,-4.37711888519142
842.267,7.2851458238912645
842.385,11.460921776982385
842.504,12.553313995597222
842.622,17.012182610403457
842.74,12.937220960642573
842.858,5.668189152735547
842.976,3.5970985270249454
843.094,1.584752118134471
843.212,8.507930802154902
843.33,5.362653097602932
843.448,9.428248823812746
843.566,14.74900885985817
843.684,13.815933747905863
843.802,12.794828481493488
843.92,12.348223084847202
844.038,16.09728816151319
844.156,17.795912223219755
844.274,14.882081714217145
844.392,18.515494479300898
844.51,12.282346555220217
844.628,9.074225315273962
844.746,10.664575055986226
844.864,5.236850171910006
844.982,10.600771314136013
845.1,5.706144691275957
845.218,4.705111818487381
845.336,1.1535175505750668
845.454,2.177665272927821
845.572,3.906443106548005
845.69,7.39657326277336
845.808,7.449984834777311
845.926,13.808616773509922
846.044,16.408142715144457
846.162,19.777520478366082
846.28,14.817497896563193
846.398,14.603234184278694
846.516,14.823333127030013
846.634,6.818952239211808
846.752,3.295371539419256
846.87,0.684341447897924
846.988,9.371100559224901
847.106,9.227663493173024
847.224,11.415271708499352
847.342,13.764574496836568
847.46,14.58306976809516
847.578,6.452757042559746
847.696,4.28660140930978
847.814,-1.620187459316274
847.932,1.152136107629957
848.05,-6.545406265601493
848.168,-3.869613107075055
848.285,4.264467037465841
848.403,4.763843170902453
848.521,2.8640590573171982
848.639,1.9803176694019542
848.757,3.467826290449443
848.875,5.392927289504076
848.993,4.366566710190154
849.111,7.763504549465344
849.229,12.80054476847435
849.347,12.281267684793546
849.465,6.648935209798226
849.582,5.050066020126501
849.7,-1.6414023943518838
849.818,-6.029072665534171
849.936,-2.747543609405394
850.054,4.430230466602736
850.172,7.4919796740259565
850.29,10.898027693367169
850.408,12.217772846165001
850.525,10.360491979760349
850.643,-0.2191126439357951
850.761,1.6606175449214828
850.879,5.86918518102055
850.997,12.890141937589684
851.115,12.340368331242459
851.233,9.379335403084122
851.35,10.898320131343928
851.468,3.9024051642030075
851.586,-3.1262763457480984
851.704,1.797795178751909
851.822,-1.056010739356814
851.94,4.915923719340457
852.057,6.639184518138211
852.175,5.747545983568235
852.293,13.545267910612097
852.411,10.487940101287094
852.529,6.858863413006992
852.647,7.275532105545771
852.764,10.802556080282127
852.882,21.888172360534796
853.0,24.241341535148106
853.118,18.32285524643158
853.236,18.038230057777
853.353,10.853506131606961
853.471,3.991140079629571
853.589,1.8286187986538063
853.707,3.614838287883429
853.824,13.267506246320139
853.942,21.00950570912688
854.06,23.269480999309458
854.178,24.859038352136707
854.296,24.259951625293567
854.413,16.082194473913297
854.531,11.039920760442133
854.649,5.279842371785522
854.767,8.579946109227157
854.884,14.218525748965305
855.002,8.86743160882672
855.12,6.8964633538238935
855.238,8.658626834408679
855.355,8.402075291435223
855.473,11.966177202231968
855.591,17.211727615727995
855.708,21.96029367836467
855.826,22.58901982890054
855.944,18.016638353977562
856.062,17.818282853080582
856.179,20.660619992876335
856.297,19.857069686784698
856.415,21.55395228112606
856.532,25.31317253780513
856.65,24.8148501010823
856.768,22.879276184347567
856.886,22.217914208420517
857.003,21.40049936865026
857.121,23.466294046170276
857.239,23.191620275431138
857.356,26.43185108619236
857.474,26.63743685289758
857.592,20.61696562733736
857.709,16.762468644560585
857.827,16.91658398542731
857.945,28.039623079534287
858.062,34.02368776159845
858.18,38.666881757358944
858.298,48.88428339881524
858.415,49.178941295222344
858.533,46.638506424910545
858.651,45.23690969903804
858.768,37.837300955110635
858.886,45.67696849760018
859.003,40.95205340082939
859.121,31.90979819098007
859.239,37.99968187108482
859.356,35.73503067137767
859.474,34.20951833425204
859.592,30.85874614278069
859.709,23.625448167190896
859.827,31.81041644228896
859.944,30.506450453827025
860.062,31.08980554539465
860.18,33.386697280930356
860.297,31.431067937811008
860.415,22.56931909311328
860.532,18.190648248394883
860.65,19.04933204196619
860.768,23.85517550438941
860.885,30.670048855015633
861.003,45.66979226388946
861.12,50.31651022404367
861.238,55.03829746094393
861.356,49.29250242774657
861.473,53.652335100176636
861.591,60.63121539165437
861.708,62.761610834647186
861.826,66.45997164560526
861.943,63.73341647519
862.061,57.64829158384319
862.178,51.49663774510219
862.296,40.037748687159024
862.414,40.214188408876865
862.531,45.12928035727996
862.649,46.89472647517202
862.766,48.64619161672117
862.884,46.15022995438619
863.001,47.30102153880451
863.119,50.45441052582028
863.236,49.87013717517386
863.354,54.437378976042645
863.471,54.16046493275575
863.589,55.54762015353816
863.706,56.70360654315172
863.824,56.31673578990792
863.941,57.60259230939123
864.059,55.12481246523805
864.176,53.11716249121448
864.294,58.188300395978786
864.411,57.82913527043997
864.529,62.76520824013929
864.646,57.20549534404563
864.764,55.968514150688506
864.881,54.22580936733529
864.999,49.49502643306525
865.116,51.11696779582529
865.233,60.673774730612024
865.351,63.566594726059684
865.468,57.82491679381049
865.586,43.774319810906015
865.703,43.30966148733515
865.821,38.194079975009565
865.938,47.46993124870845
866.056,51.2143729950779
866.173,54.130506514581484
866.29,52.433880941597465
866.408,49.81074577463487
866.525,42.32168429189933
866.643,40.240597190743
866.76,41.44056076421293
866.878,55.52542863265231
866.995,54.045416159285125
867.112,59.69631051583374
867.23,69.13871839095793
867.347,81.53339119216413
867.465,81.56200426658495
867.582,85.28412383451239
867.699,81.59718787781341
867.817,73.58584160708472
867.934,59.037200185121065
868.051,58.19236387843062
868.169,57.99923191004875
868.286,59.930684277719486
868.404,57.182850152164306
868.521,65.35822476019855
868.638,63.99986851893088
868.756,64.85103608718674
868.873,59.70477680035822
868.99,61.959976686760214
869.108,63.148060213123756
869.225,63.66026301186808
869.342,61.18053231400193
869.46,72.3738386374344
869.577,73.67912741551478
869.694,71.00904469960318
869.812,68.71182966138171
869.929,67.2948292975777
870.046,70.0229664836886
870.164,65.37356577421937
870.281,64.51362509152047
870.398,71.21515365978291
870.516,69.0993278491948
870.633,66.08931728834852
870.75,73.20926046037194
870.867,71.29780658088205
870.985,83.87305066292025
871.102,84.39313957755803
871.219,87.16344494241241
871.337,86.66881524233166
871.454,83.73955350761887
871.571,78.95488051749453
871.688,69.65851921568195
871.806,67.9993873510989
871.923,73.41499476103304
872.04,73.41136761854739
872.157,76.5960880076791
872.275,85.93110777625286
872.392,83.67868637245475
872.509,83.39644417422136
872.626,79.68631492304732
872.744,86.40580113524024
872.861,82.26191349586081
872.978,86.34869405408648
873.095,93.54824435675862
873.213,100.57113768901664
873.33,96.65771777559699
873.447,99.87763119551077
873.564,97.22654894442888
873.681,98.02221994010014
873.799,94.91399483187523
873.916,95.08802080590135
874.033,90.17113768901827
874.15,87.6049039227844
874.267,93.78499050287081
874.385,97.02395154183178
874.502,99.16507708295731
874.619,101.06810738598779
874.736,108.46464418252474
874.853,113.30252297040377
874.97,117.52048833836933
875.088,119.61940608728733
875.205,125.87373509161651
875.322,124.9648606327423
875.439,122.204471022353
875.556,113.99602946391185
875.673,113.10144071932362
875.791,109.04191690980043
875.908,109.38239310027728
876.025,98.9598822777671
876.142,100.87416799205326
876.259,107.01615933404507
876.376,109.51312903101513
876.493,109.39884331672978
876.61,114.31918963707658
876.728,116.80144071932827
876.845,117.63520695309532
876.962,115.5988433167324
877.079,126.85685197474183
877.196,130.8568519747426
877.313,130.80057491846617
877.43,125.5373714552632
877.547,123.94949266738485
877.664,121.82914634703894
877.781,117.52784764574068
877.898,121.92438444227781
878.016,126.88975240764626
878.133,126.00057491846925
878.25,128.68282600072075
878.367,120.08715500505001
878.484,117.94516366305876
878.601,122.9269818448769
878.718,121.66550998340486
878.835,124.88282600072071
878.952,118.70966582756049
879.069,127.17373509162965
879.186,129.73737145526613
879.303,126.2291463470412
879.42,128.0274147453097
879.537,128.7884537063488
879.654,125.24126755916289
879.771,119.47157058946621
879.888,110.67503379292963
880.005,106.83373509163121
880.122,105.15650565440188
880.239,105.64334548124178
880.356,108.29425457215089
