wavelength_nm,intensity
792.446,0.3224604765771377
792.565,0.3070370291412524
792.684,0.2917505572598599
792.803,0.2766010609329601
792.922,0.261588540160553
793.041,0.2377094316445318
793.16,0.21067632756856683
793.279,0.20568650379775896
793.398,0.20708827960217846
793.518,0.21632612446556715
793.637,0.23521007250086512
793.756,0.2576598322112378
793.875,0.2898793288732242
793.994,0.31790595044508796
794.113,0.32503134763366953
794.232,0.3212387257871946
794.351,0.2930608974343972
794.47,0.2597162444319345
794.589,0.2302166909234472
794.708,0.2111761993973003
794.827,0.2054410151416551
794.946,0.20273263485963908
795.066,0.21214214389197003
795.185,0.2203953657759854
795.304,0.21844390885028986
795.423,0.21913412333266896
795.542,0.22332966677774924
795.661,0.21629766201268552
795.78,0.21018268190140135
795.899,0.213386486753888
796.018,0.21067454866526186
796.137,0.20444838709740892
796.256,0.19534307053025024
796.375,0.19252439824331796
796.494,0.18740738288619538
796.613,0.1805079064173617
796.732,0.17536687586562022
796.851,0.17457170608824024
796.97,0.1639249698072117
797.089,0.1608012156034546
797.208,0.1661957398761729
797.327,0.17295112517729333
797.446,0.18094551663041653
797.565,0.18536164408532937
797.684,0.1876911179633589
797.803,0.1972553915832336
797.922,0.1944376087479539
798.041,0.19045998095774835
798.16,0.1880086522033194
798.279,0.18140981039304782
798.398,0.1708280040826555
798.517,0.16152878705524093
798.636,0.16897794464535076
798.755,0.18243445869678607
798.874,0.18628845270728706
798.993,0.18432276455515056
799.112,0.19273697718827745
799.231,0.19623430108610568
799.35,0.181872325252374
799.469,0.18362187665294072
799.588,0.19877546445744224
799.707,0.1996747000781707
799.826,0.1960519634973329
799.945,0.18620217589698956
800.064,0.18400967757345277
800.183,0.18720814571602407
800.302,0.17875479721018486
800.421,0.18933037735900932
800.54,0.2029549977727766
800.659,0.2127140613045598
800.778,0.22726815869524233
800.897,0.23891197027877997
801.016,0.24239684185347254
801.135,0.25534458955964906
801.254,0.24868882284361432
801.373,0.2460195784343105
801.492,0.24133928383859016
801.611,0.24616544850532876
801.729,0.2608707526769448
801.848,0.2717007159983988
801.967,0.2666459622569546
802.086,0.2622903175144152
802.205,0.24160345097939762
802.324,0.21813082186859206
802.443,0.18790211612654642
802.562,0.15959163789773387
802.681,0.14250598020195787
802.8,0.12437336498418833
802.919,0.10170922706008231
803.038,0.10105511930766392
803.157,0.09537861014347365
803.276,0.08807112444312938
803.394,0.07754644365990053
803.513,0.06405821835120819
803.632,0.054451767464154414
803.751,0.040366486777344
803.87,0.03719002664457954
803.989,0.056275367604723306
804.108,0.06797623135657657
804.227,0.0701023274992455
804.346,0.07386807369616785
804.465,0.07503340512911304
804.583,0.07610237681856093
804.702,0.07508908219275548
804.821,0.08375906673824074
804.94,0.08797661857568734
805.059,0.08825097244330815
805.178,0.08211314524340238
805.297,0.08118061731907245
805.416,0.08474980220593978
805.535,0.08746973382775594
805.653,0.0891855958541515
805.772,0.09956140009200158
805.891,0.10196209925817237
806.01,0.10994907205526516
806.129,0.13591572266284413
806.248,0.1611780998840452
806.367,0.1831573325741639
806.485,0.21218626786195446
806.604,0.2369695483339071
806.723,0.2607232885180325
806.842,0.271331378003289
806.961,0.2835066813003394
807.08,0.2941203298584243
807.198,0.2838736688092443
807.317,0.2693905495389669
807.436,0.2606586246540807
807.555,0.24741362208415357
807.674,0.24515156851991884
807.793,0.23701646569389362
807.912,0.24516633317441383
808.03,0.2568170823593723
808.149,0.27265359102123277
808.268,0.30203911670639366
808.387,0.33388931292077184
808.506,0.36275273048588585
808.624,0.3808528936034873
808.743,0.3783106627686988
808.862,0.3622185254589575
808.981,0.34255346086092137
809.1,0.31963745047281367
809.219,0.3018989381542022
809.337,0.2865904077503586
809.456,0.27769660266470886
809.575,0.26416430721100836
809.694,0.2494383676395855
809.812,0.24274595539399796
809.931,0.24687550140499148
810.05,0.2598835538117433
810.169,0.28330708506986074
810.288,0.29933482583702153
810.406,0.32690498069932905
810.525,0.33525497480167454
810.644,0.32771758348616475
810.763,0.33623390504753753
810.882,0.33947399940598133
811.0,0.3456617365409773
811.119,0.35758999464153374
811.238,0.36571940473404707
811.357,0.3666344724727239
811.475,0.36434128810065125
811.594,0.3580028776127793
811.713,0.3627915072983131
811.832,0.374840730823616
811.95,0.3895716510813585
812.069,0.39759610587887095
812.188,0.4057032796800706
812.307,0.3935647549659178
812.425,0.390003212537309
812.544,0.37614448832712394
812.663,0.3700978179812893
812.782,0.3715954765523872
812.9,0.3741284568470538
813.019,0.3722275206537565
813.138,0.37788514460383277
813.257,0.3807872473343079
813.375,0.3951828443190396
813.494,0.40006041916982926
813.613,0.4080715321925541
813.731,0.4092116311993268
813.85,0.4078630444822634
813.969,0.4043735476375112
814.088,0.40798276443176396
814.206,0.42217556643971405
814.325,0.4469857528241586
814.444,0.4629894783967014
814.562,0.48158506608477614
814.681,0.48175922059687915
814.8,0.484786736010364
814.918,0.47957792912123176
815.037,0.4763819513218212
815.156,0.4788909164218691
815.274,0.4804686256416966
815.393,0.47479374608662805
815.512,0.4771586200189628
815.631,0.4641208596840818
815.749,0.4664901808746791
815.868,0.4687171898008683
815.987,0.47669361420914336
816.105,0.493977260709706
816.224,0.5041114948270683
816.343,0.4941868152761135
816.461,0.4820660795950118
816.58,0.45539302542653254
816.698,0.4352014054501879
816.817,0.4094044611594703
816.936,0.39606250835941625
817.055,0.3856406253346851
817.173,0.3716618251514048
817.292,0.3546980252221652
817.41,0.34060270687240074
817.529,0.33479352011779584
817.648,0.3326657737530968
817.766,0.33754068024892714
817.885,0.3414789941546219
818.004,0.3415962237609601
818.122,0.340920951944876
818.241,0.3448121249129858
818.359,0.34360496100867677
818.478,0.3520510158894974
818.597,0.35354808417157
818.715,0.3455121686997494
818.834,0.35020404429000657
818.953,0.3601624643690703
819.071,0.45809254054678905
819.19,0.5702450286905072
819.308,0.707877573939399
819.427,0.8253346332649034
819.546,0.8875605097342127
819.664,0.8587088412259907
819.783,0.7807795305063712
819.901,0.6509469239601635
820.02,0.5627010658187519
820.138,0.46537312758879334
820.257,0.41085043947484123
820.376,0.3583914904780528
820.494,0.32962580297977295
820.613,0.3079069945159972
820.731,0.3015774785446487
820.85,0.2927984127221762
820.969,0.29714409548473764
821.087,0.321905362028289
821.206,0.349899785328861
821.324,0.3742367834341458
821.443,0.4046505152296552
821.561,0.4217705026261461
821.68,0.4267361331905357
821.798,0.4103068937044776
821.917,0.3869079110690344
822.035,0.36023485690055324
822.154,0.33672736116349916
822.273,0.3234298809460715
822.391,0.3161628829329358
822.51,0.3112022330548633
822.628,0.3096873188787712
822.747,0.31688013638114787
822.865,0.3202011708399725
822.984,0.32334520441993964
823.102,0.32589419484435056
823.221,0.3311497866474725
823.339,0.32762471173661645
823.458,0.33189923836697477
823.576,0.329556244702358
823.695,0.3365702824225716
823.813,0.34030758025478935
823.932,0.34508375761718585
824.05,0.3386919800301593
824.169,0.3354195093886272
824.287,0.32444082962939824
824.406,0.32180787472605
824.524,0.32183882752209025
824.643,0.32619429425283053
824.761,0.333912777681864
824.88,0.34788855348658965
824.998,0.3491104820453947
825.117,0.35209886158616505
825.235,0.3554919416288459
825.354,0.34925492862936336
825.472,0.344469500726843
825.591,0.34457605691335
825.709,0.3476249191664938
825.828,0.34606108514951095
825.946,0.34066015670342564
826.064,0.33563813466132686
826.183,0.3377326152912839
826.301,0.3364872049659141
826.42,0.33267305826797866
826.538,0.3450478210981135
826.657,0.3504910871999229
826.775,0.34280337855513027
826.894,0.33102152395364814
827.012,0.318408921508684
827.13,0.3070495564421633
827.249,0.29935028492588767
827.367,0.28323146406656985
827.486,0.27141936810890144
827.604,0.26107842518455154
827.723,0.2599495330256666
827.841,0.25369384154148117
827.959,0.2617334170170863
828.078,0.2663850711481269
828.196,0.291705802781134
828.315,0.31392501650169785
828.433,0.32992251591267147
828.552,0.3437444165815067
828.67,0.3435992579503425
828.788,0.3234956936875996
828.907,0.29553916078448905
829.025,0.2558231875830096
829.143,0.23094733031606474
829.262,0.19938274111035115
829.38,0.16947872314880907
829.499,0.14212635204891128
829.617,0.12198164335273176
829.735,0.11848889034376614
829.854,0.12839767197727672
829.972,0.13676060219863373
830.091,0.16198976808851479
830.209,0.18761799764762582
830.327,0.21808636185949742
830.446,0.242282296225524
830.564,0.2787235144796697
830.682,0.31132216530383106
830.801,0.3291981145845818
830.919,0.3215586662683865
831.037,0.3098446399318577
831.156,0.2916162696920495
831.274,0.269871007618057
831.392,0.24476628665238137
831.511,0.2365620365368162
831.629,0.23313592069875178
831.747,0.23775667396131087
831.866,0.24090716364220405
831.984,0.24553592196963597
832.102,0.2552968163322837
832.221,0.25212775202180593
832.339,0.24946033844336665
832.457,0.24682850293102954
832.576,0.24317913472817465
832.694,0.24932885538146782
832.812,0.24340426985138897
832.93,0.2417641729316456
833.049,0.23597745240771206
833.167,0.2237075187883386
833.285,0.21422156884144802
833.404,0.21007143935820757
833.522,0.2169024799773546
833.64,0.228326648930272
833.759,0.23611207117260566
833.877,0.25024639931084436
833.995,0.2685655974743326
834.113,0.2852366417256449
834.232,0.30237109028793585
834.35,0.3171582759391465
834.468,0.33961520319029936
834.586,0.35054572647605153
834.705,0.3482287568487179
834.823,0.34264661020487186
834.941,0.3330085640253958
835.059,0.30987753627672987
835.178,0.2923722902304453
835.296,0.2714204190305277
835.414,0.2633175664033534
835.532,0.25917633143663865
835.651,0.26091615079658714
835.769,0.26977780953850683
835.887,0.2886769301794577
836.005,0.3084290349552047
836.124,0.333637036167696
836.242,0.35908785768133367
836.36,0.38094885232527775
836.478,0.39347594132735775
836.596,0.4116065757405053
836.715,0.41397879522541703
836.833,0.42259674421453775
836.951,0.4335094784672387
837.069,0.4393727956884109
837.188,0.45650457589574467
837.306,0.46620854535262995
837.424,0.4725548348211374
837.542,0.4810429238689864
837.66,0.48755998805478395
837.779,0.5012184595589089
837.897,0.5047300666107385
838.015,0.4953063782795272
838.133,0.4883037773465581
838.251,0.484327980387218
838.369,0.486194101881829
838.487,0.4818429563251124
838.606,0.49337030166972595
838.724,0.5002858401958654
838.842,0.4863392902114348
838.96,0.4792939955991429
839.078,0.4700046144674664
839.196,0.47276196651793284
839.315,0.47571144012535016
839.433,0.47260997414046696
839.551,0.47004484750207176
839.669,0.4611459356458648
839.787,0.45213317397813163
839.905,0.4428855970741251
840.023,0.43474805583250165
840.142,0.43375014300590076
840.26,0.42754626965692244
840.378,0.4230901688052058
840.496,0.4225369818048805
840.614,0.4153618272513172
840.732,0.41836022069962575
840.85,0.40950311307108955
840.968,0.40410241456436435
841.087,0.41312506405539706
841.205,0.41411685457555214
841.323,0.41960126539273945
841.441,0.4293950694665336
841.559,0.4279017320694629
841.677,0.43868371692924046
841.795,0.44917040384037116
841.913,0.4587000407733576
842.031,0.47565215174687736
842.149,0.4921755470238677
842.267,0.5088368073070033
842.385,0.5213185342748047
842.504,0.5193920339229415
842.622,0.5316629608490884
842.74,0.5452636179957979
842.858,0.5507738229109089
842.976,0.5462945963162259
843.094,0.5444152369019477
843.212,0.5434164346236943
843.33,0.5405604572949154
843.448,0.5288437626034292
843.566,0.5356587930928314
843.684,0.5365545228345105
843.802,0.5338461944800553
843.92,0.5245550344450747
844.038,0.519048491191696
844.156,0.5300813014174923
844.274,0.5378258088838097
844.392,0.5456361357724158
844.51,0.5643867179873919
844.628,0.5704216993775073
844.746,0.5712382679221093
844.864,0.560212677164655
844.982,0.5484879774082957
845.1,0.5268112031115498
845.218,0.490933443730184
845.336,0.4523570880349803
845.454,0.4267622792087501
845.572,0.38846699023575254
845.69,0.35502810728568013
845.808,0.3331805582716449
845.926,0.3193336268723006
846.044,0.29506587991167565
846.162,0.2810962041842794
846.28,0.2625805410606979
846.398,0.25574337813510345
846.516,0.2290296391299647
846.634,0.20929720614569441
846.752,0.19762765239179372
846.87,0.18743992509104207
846.988,0.17067057545544212
847.106,0.15902752680998833
847.224,0.1464044746520687
847.342,0.13534421812807684
847.46,0.11888187096722196
847.578,0.10587864253649414
847.696,0.09992777984850627
847.814,0.1046226286403166
847.932,0.11036931180591139
848.05,0.11076275291125659
848.168,0.1171954568785804
848.285,0.1192107740858165
848.403,0.12997156633411047
848.521,0.14242181332261922
848.639,0.16054228397032722
848.757,0.17783192939560194
848.875,0.19142543883663074
848.993,0.20039634172657125
849.111,0.20543053160232355
849.229,0.2114635756838899
849.347,0.22083828962408822
849.465,0.23811222369058688
849.582,0.24516013210771337
849.7,0.24232445376169962
849.818,0.2445995646112406
849.936,0.25099372606374254
850.054,0.2626765670423092
850.172,0.2777491082687453
850.29,0.28412014397828084
850.408,0.2922496256049086
850.525,0.2958953814510297
850.643,0.30021712055308925
850.761,0.30453974910680115
850.879,0.31322691691957794
850.997,0.329217372251446
851.115,0.34147657790086494
851.233,0.3463088622514879
851.35,0.35232500675165546
851.468,0.3570959189382522
851.586,0.3708600767837862
851.704,0.38680428062972116
851.822,0.4126374079487115
851.94,0.4466125756951482
852.057,0.4978493316626308
852.175,0.5439993136291776
852.293,0.5982228482459245
852.411,0.6409831299646014
852.529,0.6943261074453233
852.647,0.7363899485200532
852.764,0.7820453953677817
852.882,0.8181276740791099
853.0,0.8586456481817071
853.118,0.8756509678491342
853.236,0.8963252755833317
853.353,0.9045161293739841
853.471,0.8944750031906579
853.589,0.8709729156976336
853.707,0.840477069860605
853.824,0.8051061395159476
853.942,0.7707305055704938
854.06,0.7331635190956892
854.178,0.7008941066634751
854.296,0.6725231608243893
854.413,0.631721238689259
854.531,0.5953923689148047
854.649,0.5498541167298432
854.767,0.5093821811578089
854.884,0.4629331304806357
855.002,0.4112843454426529
855.12,0.35188043144608316
855.238,0.3041247762913138
855.355,0.2589938929632209
855.473,0.22481304892967624
855.591,0.1933868366640804
855.708,0.16567513553680058
855.826,0.1430794093460645
855.944,0.11493518668963659
856.062,0.09633808266247994
856.179,0.08847612152646431
856.297,0.07734924654967583
856.415,0.07145252750230056
856.532,0.06774915483627712
856.65,0.05174320768155723
856.768,0.04697432552852239
856.886,0.030885064937890075
857.003,0.030495437198824176
857.121,0.03267272584623477
857.239,0.03643974835459885
857.356,0.036736220147075595
857.474,0.0432278715949597
857.592,0.04080058828331695
857.709,0.05459197730080721
857.827,0.06007208333088004
857.945,0.0672608914848795
858.062,0.08260253101548871
858.18,0.10055029924277385
858.298,0.11047445844763043
858.415,0.1264842436049408
858.533,0.1375765165930102
858.651,0.15468564471774413
858.768,0.16269033566027602
858.886,0.1584678493375889
859.003,0.1634947707497736
859.121,0.15982374445166783
859.239,0.1470545171996239
859.356,0.13972072899631569
859.474,0.12999520529929948
859.592,0.12336001691406859
859.709,0.1068999040981601
859.827,0.09510247752091572
859.944,0.08863248139409904
860.062,0.07823180956908636
860.18,0.06925345677507465
860.297,0.06987765334193008
860.415,0.07301763707857707
860.532,0.07689151016017434
860.65,0.07779280611903397
860.768,0.08241063945429719
860.885,0.09474043557741946
861.003,0.10284796953724198
861.12,0.12044719119762709
861.238,0.1291081991903219
861.356,0.12819172009850519
861.473,0.1336803870630776
861.591,0.1312947385476212
861.708,0.1252143078674704
861.826,0.12212332419154136
861.943,0.11526462331540867
862.061,0.1155340243326609
862.178,0.09967577422143413
862.296,0.08087082919463776
862.414,0.07789257551128598
862.531,0.08141452431560359
862.649,0.0858770641729292
862.766,0.09362146829304907
862.884,0.10150810797395758
863.001,0.11200880416081345
863.119,0.11211514616663851
863.236,0.10753006318551805
863.354,0.10428978266284436
863.471,0.11309450744957325
863.589,0.11714548133339928
863.706,0.12301627329834347
863.824,0.1317840092956444
863.941,0.14511996898044405
864.059,0.15545758714449626
864.176,0.15138075182731625
864.294,0.14772729549675023
864.411,0.14463864096555398
864.529,0.1384662575549655
864.646,0.1301387327902474
864.764,0.1362808075092197
864.881,0.145133041413513
864.999,0.14846267000712055
865.116,0.15172558972678668
865.233,0.1652812439697663
865.351,0.175414288253732
865.468,0.19002394270498396
865.586,0.20744960108821056
865.703,0.23030447235860504
865.821,0.24599925782596865
865.938,0.24718619738858244
866.056,0.24416869898959057
866.173,0.23466265078524345
866.29,0.23022380864547604
866.408,0.2290519224255262
866.525,0.23433389739648214
866.643,0.24063073670299787
866.76,0.2400245417340697
866.878,0.240424316584176
866.995,0.22929857692053374
867.112,0.22326761632270026
867.23,0.22579140171909673
867.347,0.22383857694820686
867.465,0.2309964054543911
867.582,0.24128510377755288
867.699,0.2473996054952955
867.817,0.24851183111909445
867.934,0.24449992577255042
868.051,0.24596081644414908
868.169,0.25206019748379815
868.286,0.25549033411414335
868.404,0.26647992033951473
868.521,0.2913636308293762
868.638,0.31475839925286825
868.756,0.3334435211761059
868.873,0.3484605444842257
868.99,0.3728132523375147
869.108,0.3959189489739281
869.225,0.42556033635328183
869.342,0.4511298140672598
869.46,0.4999637892053465
869.577,0.5307116544404731
869.694,0.5579470750996779
869.812,0.5723548240258005
869.929,0.5840257302170255
870.046,0.5921326036364809
870.164,0.5988875105440596
870.281,0.5961555261255357
870.398,0.6060573129798377
870.516,0.59911466443814
870.633,0.5963995796010146
870.75,0.58187969243124
870.867,0.5709024911935741
870.985,0.5614844987028289
871.102,0.540370216981046
871.219,0.5069308037098721
871.337,0.48419416217383726
871.454,0.4632755598156155
871.571,0.4468522461093835
871.688,0.42370023065160767
871.806,0.4087703062700079
871.923,0.38366683388653644
872.04,0.35743197900102075
872.157,0.32414199360747536
872.275,0.30934993423202095
872.392,0.29358481474867626
872.509,0.2879861276539829
872.626,0.28210548438543104
872.744,0.26846793325498686
872.861,0.25126634935277314
872.978,0.2329075888505913
873.095,0.21406140884281194
873.213,0.201626396346616
873.33,0.18171287435577613
873.447,0.17337289726792232
873.564,0.15722798192893844
873.681,0.13698091556839215
873.799,0.11899137970164186
873.916,0.102250269338106
874.033,0.0951531663793527
874.15,0.09469854895084814
874.267,0.08578523287147356
874.385,0.08681576884245634
874.502,0.08577496788316963
874.619,0.07633633574336715
874.736,0.06812290986557372
874.853,0.060455422241213946
874.97,0.05767187164749314
875.088,0.05943361142441947
875.205,0.05602374705465759
875.322,0.06433341311648927
875.439,0.07358751811079317
875.556,0.0707675867555349
875.673,0.07517388547429504
875.791,0.0724369065698201
875.908,0.07044902828698743
876.025,0.07079409662523757
876.142,0.07116897103337484
876.259,0.07476175700310413
876.376,0.0722188269246368
876.493,0.0644276223658278
876.61,0.062486068694431865
876.728,0.062242270530611744
876.845,0.06641938325901109
876.962,0.0670169967634712
877.079,0.07096762253991709
877.196,0.0713214310850036
877.313,0.06526736914809655
877.43,0.05581718856558583
877.547,0.05614700813829708
877.664,0.055837802245836426
877.781,0.060997006416441464
877.898,0.06427357866304337
878.016,0.0659643134525281
878.133,0.07181966214877904
878.25,0.07646001427416062
878.367,0.08007283130924678
878.484,0.08086963302034955
878.601,0.07357942646948652
878.718,0.07231572321217848
878.835,0.06588326877067086
878.952,0.05881808389436795
879.069,0.05655584252884456
879.186,0.05037176440878372
879.303,0.04498947789629508
879.42,0.04526659426480797
879.537,0.046648716366803136
879.654,0.05513357369902373
879.771,0.060321164080761255
879.888,0.06695253674525184
880.005,0.06597311030804663
880.122,0.06092620172046291
880.239,0.05181181098250072
880.356,0.03862993809416006
