wavelength_nm,intensity
792.446,274.5755410552783
792.565,242.31796529770259
792.684,213.729220708958
792.803,188.80930728904457
792.922,167.55822503796207
793.041,135.7253246050616
793.16,124.97727265700966
793.279,125.85519473493171
793.398,124.39978347952041
793.518,132.45865793839482
793.637,151.75735923709604
793.756,177.84826832800513
793.875,207.57640685614365
793.994,231.45259733233405
794.113,239.3798700596069
794.232,235.48636356610047
794.351,211.22835490809183
794.47,183.20324668298366
794.589,161.41277049250743
794.708,145.66125534099234
794.827,139.35216443190146
794.946,137.7720778518149
795.066,131.5313852111223
795.185,133.9582250379621
795.304,133.50800858774565
795.423,134.1781384578755
795.542,133.6041124838495
795.661,122.27077915051613
795.78,118.48636356610055
795.899,115.51666659640358
796.018,104.14956702930402
796.137,93.70800858774564
796.256,90.99891767865478
796.375,95.41883109856823
796.494,98.1365800163172
796.613,93.40584408558121
796.732,91.23701291675002
796.851,82.33051941025649
796.97,76.89935057908764
797.089,65.17554105527815
797.208,66.96515144488853
797.327,73.98160166133877
797.446,79.52619040592754
797.565,88.71839819813522
797.684,95.48809516783217
797.803,107.20584408558108
797.922,120.30627698601393
798.041,114.22662330636028
798.16,113.21103889077592
798.279,102.76861464835173
798.398,88.7495670293041
798.517,83.55562763536469
798.636,87.38419906393611
798.755,102.25346313320013
798.874,112.93917741891441
798.993,113.5002163799534
799.112,123.41450209423914
799.231,125.97987005960707
799.35,120.44826832800527
799.469,118.57380945354637
799.588,116.64567092540784
799.707,109.02662330636025
799.826,109.06818174791879
799.945,96.69502157475863
800.064,104.18506486480192
800.183,120.34004321978023
800.302,124.82835490809195
800.421,141.15649343623042
800.54,149.9478354275724
800.659,159.16168824142517
800.778,164.27683975657663
800.897,159.49328997302683
801.016,157.66731594705283
801.135,163.22835490809175
801.254,157.1036795834165
801.373,158.83354971328663
801.492,162.37467525441215
801.611,178.42662330636014
801.729,188.06125534099212
801.848,200.60757568731248
801.967,198.9391774189142
802.086,195.37207785181465
802.205,183.34264062237747
802.324,161.42402590376275
802.443,133.2370129167498
802.562,104.50442467670868
802.681,86.26080579727224
802.8,62.17887864027182
802.919,45.96525216296024
803.038,36.647032092063455
803.157,25.314632690787
803.276,12.628040664231204
803.394,-4.211972734772478
803.513,-18.963521548369272
803.632,-20.438184423578182
803.751,-27.61331993248722
803.87,-26.30044506785591
803.989,-21.312894660320737
804.108,-22.303154118581265
804.227,-16.322350701321227
804.346,-12.815078878270468
804.465,-3.756312974406132
804.583,1.1414194118961378
804.702,9.27668990957321
804.821,8.297115739398851
804.94,11.519587095282755
805.059,8.855491696813356
805.178,12.00005022395133
805.297,7.863739700975287
805.416,15.989910475076732
805.535,16.10394645836903
805.653,26.07308581579514
805.772,27.539662362659847
805.891,35.08995398197375
806.01,41.9166650355006
806.129,62.43291333735413
806.248,83.87957807699385
806.367,119.77771156624412
806.485,145.5316928801082
806.604,173.8981015665973
806.723,194.97573932401912
806.842,216.55380998187388
806.961,227.44703215488005
807.08,229.1419859296178
807.198,224.72351979093582
807.317,210.41068135788146
807.436,191.45282127980556
807.555,172.82396553073409
807.674,165.2557158422687
807.793,170.8805397468767
807.912,180.46380520992614
808.03,192.61590184180687
808.149,212.9047950104841
808.268,239.4534284389016
808.387,263.17002723528464
808.506,284.0658468108887
808.624,291.5088525336789
808.743,300.97523487984597
808.862,300.51434449874046
808.981,286.14090000508116
809.1,265.02200096596744
809.219,249.71089413464608
809.337,223.14783925137687
809.456,201.3362995196229
809.575,179.25809312120225
809.694,179.46386940676445
809.812,180.73890976159072
809.931,187.8468505493176
810.05,208.35132813358138
810.169,249.73026459230388
810.288,272.71872486055014
810.406,291.35999898161
810.525,294.0930479944446
810.644,298.89536107654317
810.763,289.96520662617417
810.882,292.77271451346746
811.0,290.8434258639644
811.119,303.60504630537014
811.238,309.79090917101826
811.357,313.6798023396966
811.475,310.19207213175173
811.594,317.10953672900155
811.713,323.06509656434656
811.832,341.94792912696437
811.95,341.3978612566818
812.069,337.41575875436456
812.188,337.4180718364628
812.307,325.1190862172625
812.425,315.25300103096276
812.544,300.82847428622154
812.663,281.53295187048457
812.782,275.32487534219354
812.9,268.8795693766731
813.019,261.0299344068235
813.138,264.8357106923851
813.257,274.67698481344445
813.375,281.03947105571586
813.494,288.0772819733118
813.613,296.55838293419777
813.731,307.5754146310146
813.85,316.2790264144117
813.969,320.538482353653
814.088,332.8109253058814
814.206,348.54137691611834
814.325,361.51425276877933
814.444,370.51310264741437
814.562,385.8903075044042
814.681,394.703010196892
814.8,409.23259600626307
814.918,406.541402594855
815.037,406.876183209421
815.156,409.67416728719047
815.274,417.3483418411503
815.393,406.4710012435951
815.512,408.68283813521714
815.631,410.00203433419836
815.749,421.85802706997606
815.868,422.2464873382213
815.987,425.1812679527867
816.105,435.0909403422439
816.224,438.0144655455537
816.343,425.4756530865259
816.461,416.1506934413507
816.58,398.4240021944438
816.698,381.031510081736
816.817,363.47451580452594
816.936,343.8976081074025
817.055,335.30944499902375
817.173,316.7420611114244
817.292,300.56601921516716
817.41,283.49647082540326
817.529,270.0130696217865
817.648,260.34611863462004
817.766,256.26791223619796
817.885,248.93429458236454
818.004,256.92015744801165
818.122,264.1787475863861
818.241,276.4373377247606
818.359,280.0032871704943
818.478,279.04456129155267
818.597,288.933179561744
818.715,296.2355384602556
818.834,297.9341968158833
818.953,305.71092252885614
819.071,314.70993111468556
819.19,320.75410193007644
819.308,317.64227894309295
819.427,313.10802307312855
819.546,317.84410822435484
819.664,344.49099802121293
819.783,371.3616582509852
819.901,395.4781934454621
820.02,408.47487449196865
820.138,399.01285859408495
820.257,369.94339206184895
820.376,325.06406423884243
820.494,283.0734940768204
820.613,259.9433396264502
820.731,243.1136180765131
820.85,240.3652818079612
820.969,246.1987637212274
821.087,266.0703408725889
821.206,296.6025240845561
821.324,331.35548651730255
821.443,367.35000739160733
821.561,380.89777501915887
821.68,382.09922230039024
821.798,366.9024011833533
821.917,338.9211644819007
822.035,314.5875468280671
822.154,293.80890752921187
822.273,286.44758424767264
822.391,276.3970834769559
822.51,263.60892036857706
822.628,255.00170964115074
822.747,257.09752921675494
822.865,260.9076345066449
822.984,272.0095146883099
823.102,280.76334292192297
823.221,286.6167382551034
823.339,286.0995708177211
823.458,285.04214364007913
823.576,277.4080930858138
823.695,276.50044945795526
823.813,270.31748115477194
823.932,274.8574565745322
824.05,275.4537090505696
824.169,274.31489659154215
824.287,262.5864737429045
824.406,263.5030725392886
824.524,260.67161938762104
824.643,260.8020709978582
824.761,257.84247931805197
824.88,266.14609110144914
824.998,282.26875050389395
825.117,289.1481198630487
825.235,280.93398272869706
825.354,281.03586291036277
825.472,282.08839244267784
825.591,278.95304318711425
825.709,278.02202293587965
825.828,282.60788580152825
825.946,292.89851057193874
826.064,289.49476304797713
826.183,285.071102104102
826.301,278.6647571775429
826.42,275.0185854111571
826.538,270.1421106144683
826.657,277.259575211719
826.775,277.1753082072382
826.894,271.4240248472497
827.012,258.3337597288001
827.13,245.92779127340737
827.249,230.45136111392708
827.367,211.214425960316
827.486,201.55811135369967
827.604,195.27375928542014
827.723,191.62803642214413
827.841,192.44864839157714
827.959,196.4420745497427
828.078,202.6492369588139
828.196,212.22752406688687
828.315,227.68892805807673
828.433,259.9447043436389
828.552,311.80749024771944
828.67,365.7163593284041
828.788,398.49956836218905
828.907,386.20798668755776
829.025,334.7936405036054
829.143,254.18510397769765
829.262,160.26765452958904
829.38,84.98328001840427
829.499,53.21839386738286
829.617,42.22499592021069
829.735,49.707972574249894
829.854,55.810490002250965
829.972,67.45530085524845
830.091,84.71621213413013
830.209,105.86668065732965
830.327,139.13595302636642
830.446,186.27982737996842
830.564,225.4806264234886
830.682,276.5407181501991
830.801,313.15449543729807
830.919,329.196955566735
831.037,322.8594138484981
831.156,286.43364517436225
831.274,242.6573118819897
831.392,199.28798972895635
831.511,161.45381724340058
831.629,155.1660498365777
831.747,154.47847388758254
831.866,163.11797569176878
831.984,180.30213646019186
832.102,189.37893792125584
832.221,189.60725453383526
832.339,191.95938067022445
832.457,196.27947217457904
832.576,198.1406892200592
832.694,195.9828586464914
832.812,182.62069906859432
832.93,185.1762884084458
833.049,174.48079549721493
833.167,149.90651470719615
833.285,141.2153508002943
833.404,141.02808299728855
833.522,145.2269623804301
833.64,154.6665344042642
833.759,166.75805448004627
833.877,186.72489923115285
833.995,199.6908781813936
834.113,214.9849956597728
834.232,240.1717538307928
834.35,257.3931440364447
834.468,270.11929614685846
834.586,282.8229374347613
834.705,292.07463067071603
834.823,287.2198304001772
834.941,277.1182768828854
835.059,263.97170172057224
835.178,250.22858976172242
835.296,235.58504490243968
835.414,232.72678142843836
835.532,238.43734912326812
835.651,246.8223756925567
835.769,252.78835464279766
835.887,266.16818640689155
836.005,282.9696631926304
836.124,301.1616161688454
836.242,323.1648245563156
836.36,349.53080350655637
836.478,368.492453452468
836.596,377.71297785725415
836.715,376.48328581182386
836.833,382.07783619063594
836.951,390.08450778156924
837.069,391.42970751103064
837.188,401.31603278161765
837.306,418.59802904787557
837.424,430.54322877733694
837.542,437.4563938747639
837.66,449.7262689289007
837.779,459.41865480554844
837.897,461.3041142752698
838.015,454.6908724462898
838.133,453.6758990155783
838.251,453.6133065372477
838.369,448.7784196866227
838.487,438.2716713641365
838.606,442.17531265203985
838.724,432.0512483122377
838.842,423.473504318756
838.96,411.03688586639976
839.078,408.63230204607817
839.196,416.3212247192631
839.315,419.984173366474
839.433,427.4973384639013
839.551,437.89535204617704
839.669,433.88557342066053
839.787,435.9078294271786
839.905,419.1404750440863
840.023,416.0311293190029
840.142,409.2326061047421
840.26,388.983866440265
840.378,382.42776746842844
840.496,371.1097637346872
840.614,363.4246604338465
840.732,358.3525441459926
840.85,352.06570924342043
840.968,356.6550648170388
841.087,355.29983164606875
841.205,356.4199231504234
841.323,365.69585881062227
841.441,376.84279014181686
841.559,389.3853924686824
841.677,400.80418527173833
841.795,419.5718958237121
841.913,429.8201258562054
842.031,444.0571004774433
842.149,451.86983267443884
842.267,456.6245562134255
842.385,469.6485438216761
842.504,475.83789939529464
842.622,481.44283938449763
842.74,494.6347923607134
842.858,498.53670204688603
842.976,503.4282221226693
843.094,489.8903049690151
843.212,486.3636432266163
843.33,487.2664187136546
843.448,480.1674625989614
843.566,463.4226190383807
843.684,459.6751780752023
843.802,460.12860291288973
843.92,449.91969008823946
844.038,453.3402144930262
844.156,465.6447215817957
844.274,487.14403386537055
844.392,504.1082812138807
844.51,513.8604073502694
844.628,521.125953400078
844.746,522.0269972853844
844.864,500.49687233952216
844.982,493.3857950127074
845.1,466.62969604087084
845.218,442.7636403590776
845.336,406.8058097855095
845.454,372.00555496951705
845.572,333.18798413620857
845.69,297.09941763190443
845.808,270.1744874912368
845.926,252.59068289169477
846.044,235.38177006704464
846.162,230.17025983979715
846.28,212.70506995887
846.398,197.79659003465287
846.516,175.14178976411534
846.634,155.00993321652155
846.752,137.8399814308324
846.87,112.31113911098487
846.988,95.48556840839021
847.106,79.43891913822586
847.224,65.3703228434506
847.342,57.4196976940199
847.46,51.464863497065565
847.578,44.59031728184461
847.696,41.189818343941376
847.814,37.78435130162265
847.932,33.877767408856016
848.05,27.370271620677805
848.168,28.896638835602243
848.285,38.00947850516603
848.403,50.788922235107165
848.521,64.55277143891365
848.639,78.9874982031975
848.757,104.78953493881801
848.875,113.23805625936049
848.993,127.98732536724441
849.111,134.24914858768227
849.229,140.2131363102845
849.347,142.94335779912032
849.465,146.6458736602504
849.582,141.9076968806878
849.7,151.6405157721209
849.818,149.88675457697383
849.936,152.29056913940266
850.054,148.71949192693972
850.172,153.9527437188059
850.29,158.74876607344257
850.408,162.53959362288447
850.525,165.84384108574636
850.643,180.49007989059965
850.761,192.15103731017135
850.879,201.20247092021924
850.997,216.84005171641425
851.115,231.07763251260923
851.233,245.43729123088212
851.35,254.37876813097324
851.468,256.5947039055235
851.586,265.28856175799586
851.704,279.9425927706412
851.822,309.4572298438926
851.94,356.4255465708237
852.057,402.4579325618241
852.175,466.12927959178523
852.293,535.2032240243439
852.411,586.810501790236
852.529,637.373623711972
852.647,678.3462694432318
852.764,729.4332008887773
852.882,773.2543314685219
853.0,805.5508346361776
853.118,837.0619552697585
853.236,858.0841059452655
853.353,855.4095613277696
853.471,834.7773410160595
853.589,803.222077044767
853.707,777.6701763402992
853.824,735.6497774307946
853.942,700.0431313985046
854.06,669.8095187061599
854.178,635.0268297684315
854.296,608.867205784768
854.413,575.8112800874567
854.531,541.5596833944743
854.649,497.0015931949983
854.767,447.45129520331466
854.884,394.4161487267824
855.002,337.0623875316355
855.12,272.3796220074844
855.238,232.03798202445864
855.355,185.700671045762
855.473,146.30015660386192
855.591,111.67886294118264
855.708,87.0889203154983
855.826,61.661207611097474
855.944,37.859726969798245
856.062,12.72200962231772
856.179,-1.652578961613008
856.297,-24.674374063250998
856.415,-32.33428563463438
856.532,-32.782775602427115
856.65,-34.03822142998214
856.768,-24.607359243203014
856.886,-26.124714385288613
857.003,-25.765554545688722
857.121,-35.513026012449075
857.239,-40.904286126896544
857.356,-39.39366443664692
857.474,-30.986718553233068
857.592,-25.247034581124296
857.709,-5.590389122879028
857.827,4.3282281507099825
857.945,26.064698513344226
858.062,35.808526602213796
858.18,46.758135723094355
858.298,57.051410989506735
858.415,71.72554674938763
858.533,81.72504348323834
858.651,92.38341467596362
858.768,99.74741357431675
858.886,105.50188866314588
859.003,98.95073604634717
859.121,90.3086743386394
859.239,79.4596862240052
859.356,69.45139075006361
859.474,58.45954549257232
859.592,47.466159143374185
859.709,38.17529130187904
859.827,24.44506779463274
859.944,14.621551175691613
860.062,12.263075315859005
860.18,2.5542394949581126
860.297,0.39305935217494004
860.415,-3.3769398617274957
860.532,-1.7104763354550743
860.65,3.3738282511295035
860.768,17.15787979059696
860.885,30.635077227783235
861.003,41.11073495646282
861.12,50.59844987594024
861.238,57.65500565544162
861.356,53.25052166091004
861.473,55.03564805598857
861.591,57.117744148036806
861.708,58.92170485670076
861.826,49.847284605340334
861.943,37.94899659391038
862.061,23.395744859042754
862.178,8.819247333272566
862.296,0.24870317776594275
862.414,0.6302857829624537
862.531,2.027675184279836
862.649,8.069183389059695
862.766,12.673524283009078
862.884,16.88247521464917
863.001,19.198546192839487
863.119,18.29736168031911
863.236,22.945167726670064
863.354,28.109549860566176
863.471,28.08116522688308
863.589,31.8461508383213
863.706,32.41278492495273
863.824,39.21537131417294
863.941,49.807731235036194
864.059,51.43621007921409
864.176,60.367719226422224
864.294,59.189671612689196
864.411,50.17701393193572
864.529,39.32440507808765
864.646,36.53063172949186
864.764,40.06873821904609
864.881,50.9704421186145
864.999,58.046047658941006
865.116,74.38314702835072
865.233,83.12151214764191
865.351,99.39753960459558
865.468,112.83287442085657
865.586,135.3435339124423
865.703,149.17367392350852
865.821,158.9111732419343
865.938,154.2348197465072
866.056,153.49872599133982
866.173,154.86219933573946
866.29,158.59623545070178
866.408,161.31035814575068
866.525,167.95261936893814
866.643,176.03990223714715
866.76,179.58952276769395
866.878,175.48979264889005
866.995,172.08097162099534
867.112,170.08254020349028
867.23,160.7802126820893
867.347,159.73243061523408
867.465,167.99373945746984
867.582,175.07063271529006
867.699,170.022850648435
867.817,166.6806962872077
867.934,168.98183196927044
868.051,173.00764297600844
868.169,177.41786956716214
868.286,186.80558533580495
868.404,210.3517426628891
868.521,226.58015107222428
868.638,243.92457679757666
868.756,266.91402416795063
868.873,293.3225191573722
868.99,318.08772410350383
869.108,348.30227969898624
869.225,368.297787675421
869.342,399.543512102072
869.46,440.893132632619
869.577,481.8107185311311
869.694,511.7412914426303
869.812,532.1627734450387
869.929,545.2959437591355
870.046,563.4836595277777
870.164,563.713799538844
870.281,564.6634200693909
870.398,571.8823046692019
870.516,571.4509728187963
870.633,564.2568704056206
870.75,552.8861446158214
870.867,538.5353322459355
870.985,528.8286757202052
871.102,508.1124953849507
871.219,482.95562240900347
871.337,453.8550264893331
871.454,432.1639543791863
871.571,405.4633584595156
871.688,383.03462401170634
871.806,352.35394151194885
871.923,328.3113542502865
872.04,297.87655919641634
872.157,271.80280310358523
872.275,253.09095177265894
872.392,242.99381905645117
872.509,228.83954348310073
872.626,222.04890427338665
872.744,204.0487412541487
872.861,184.6035565898889
872.978,159.27006023731747
873.095,139.218814966997
873.213,126.27925800836492
873.33,106.6236837337155
873.447,88.4278497188065
873.564,66.29423704834643
873.681,48.33299629543994
873.799,27.418326610576408
873.916,16.67132106105285
874.033,12.032741126681737
874.15,16.69072232749689
874.267,13.074421670474452
874.385,11.892894760473169
874.502,9.970971514966214
874.619,6.256685508068123
874.736,-5.78846260132492
874.853,-8.454092242610544
874.97,-15.283766941414797
875.088,-16.443665385765645
875.205,-17.11601411160389
875.322,-5.234348061989998
875.439,5.374640904908873
875.556,5.0366874255860425
875.673,3.391696795744366
875.791,2.4360696979756122
875.908,-5.033859922081328
876.025,-12.081646145437354
876.142,-10.199577624594369
876.259,-2.3810573899918257
876.376,-6.241723764237516
876.493,-16.233445534996044
876.61,-12.999493361625817
876.728,-13.415320371829605
876.845,-7.492750463021668
876.962,-9.062842679986733
877.079,-7.068584581120774
877.196,-2.80595150136722
877.313,-8.8305927911606
877.43,-15.183680960873298
877.547,-15.224804801867904
877.664,-19.60349294011067
877.781,-13.215156852415523
877.898,-10.038067655206234
878.016,-16.0215449112646
878.133,-13.839300941672088
878.25,-11.739964389051462
878.367,-12.968669847459058
878.484,-16.82643783970017
878.601,-17.9058763668842
878.718,-13.761277815289915
878.835,-11.854214837635691
878.952,-16.630988823880656
879.069,-15.565685348326145
879.186,-18.345108981312816
879.303,-23.132985000089192
879.42,-18.26206436149245
879.537,-19.075715741202565
879.654,-18.836924804224886
879.771,-25.496945187678563
879.888,-27.352990420191453
880.005,-29.379146237401216
880.122,-31.786933871014234
880.239,-34.57635332103055
880.356,-37.74740458745018
