wavelength_nm,intensity
792.446,190.74614663555596
792.565,178.43584360525293
792.684,165.98657953598888
792.803,153.3983544277638
792.922,140.67116828057755
793.041,116.14995615936547
793.16,98.40709901650837
793.279,93.4425968520062
793.398,96.98285659226593
793.518,107.13350594291528
793.637,122.31618992559929
793.756,150.27203408144345
793.875,180.22874403815342
793.994,196.29973970914915
794.113,195.65904706845652
794.232,184.4226834320928
794.351,164.80883061824
794.47,132.19497780438718
794.589,114.96640637581572
794.708,105.24173105114039
794.827,103.76467477408407
794.946,97.6001726095819
795.066,101.08761849702776
795.185,110.99151460092389
795.304,112.53610334551266
795.423,103.82701243642175
795.542,108.72051892992828
795.661,100.78199079140012
795.78,100.70753191694124
795.899,97.75515096456029
796.018,99.56813797754734
796.137,100.66077867018807
796.256,98.66597347538284
796.375,97.34562715503651
796.494,92.44086525027461
796.613,86.41229382170314
796.732,82.77419858360793
796.851,85.75082196023136
796.97,81.75947996888945
797.089,74.08848429789384
797.208,76.98805139746092
797.327,77.39411200352154
797.446,76.44865745806693
797.565,79.74822455763395
797.684,86.35255356196296
797.803,102.29714230655169
797.922,109.1032029126123
798.041,104.67030247971185
798.16,103.01489122430056
798.279,93.20017260958197
798.398,85.20190421131352
798.517,80.2287440381534
798.636,82.40883061824005
798.755,86.02441503382443
798.874,83.69627650568587
798.993,80.75082196023132
799.112,86.76554057494994
799.231,84.01402542343479
799.35,83.00017260958194
799.469,83.33523754464694
799.588,90.66770507711448
799.707,90.62008602949547
799.826,87.3620773714868
799.945,83.20536741477687
800.064,90.52311633252577
800.183,89.24779165720099
800.302,91.39411200352133
800.421,103.39497780438711
800.54,116.76900377841307
800.659,116.9698695792789
800.778,116.00277001217934
800.897,117.91792152733086
801.016,119.75515096456029
801.135,111.09454490395419
801.254,108.75861416802343
801.373,113.60623321564245
801.492,114.23047563988487
801.611,107.85385226326156
801.729,115.97506438447373
801.848,130.63999944940883
801.967,133.24173105114048
802.086,134.7118609212703
802.205,129.12138473079406
802.324,115.53870074811005
802.443,92.78253224923597
802.562,65.01813313049642
802.681,48.34158650565656
802.8,36.46708955725198
802.919,29.220755939559957
803.038,22.9411354639072
803.157,10.281240450842365
803.276,1.5208049621911002
803.394,-7.8228399733441885
803.513,-8.423653201570778
803.632,-9.1428912564542
803.751,-6.914747933265781
803.87,-9.045210312518664
803.989,-21.221974732254505
804.108,-26.799341911806376
804.227,-23.39643134324791
804.346,-24.829063177738128
804.465,-6.959670797837325
804.583,5.430659117003471
804.702,10.821506197904835
804.821,14.70784116435183
804.94,8.717445047741238
805.059,12.533714767459013
805.178,10.608134243150912
805.297,6.577548139198116
805.416,18.692529257869044
805.535,24.119558422907755
805.653,15.747538527933292
805.772,16.727675037137388
805.891,6.486576157523789
806.01,1.8536383332019888
806.129,12.732730880949028
806.248,33.61990590958636
806.367,59.94158865793584
806.485,94.55639086889218
806.604,123.62744493295702
806.723,151.1733899644202
806.842,162.40677331476553
806.961,158.83223102296432
807.08,158.68872412797742
807.198,149.60136085491314
807.317,137.53464336827346
807.436,127.66259764208462
807.555,118.4071576469675
807.674,109.3247684697375
807.793,109.17281675657229
807.912,115.13341915596125
808.03,129.3148007761294
808.149,148.83990534002038
808.268,173.08708782598933
808.387,192.8658720435601
808.506,214.85677747325212
808.624,233.26932792458913
808.743,244.21434590839385
808.862,245.14204787488273
808.981,227.12862430024614
809.1,194.96888037928932
809.219,169.589223038419
809.337,147.84160032958334
809.456,133.81605554282555
809.575,128.0580432236001
809.694,125.17535557969939
809.812,125.25543849856913
809.931,122.81604089795817
810.05,124.36192468262865
810.169,138.14330630279687
810.288,153.40780480608197
810.406,163.18399162105553
810.525,165.6138580897088
810.644,171.16060767524522
810.763,176.15378244171555
810.882,180.9911122272781
811.0,190.92939091674032
811.119,196.66897917329098
811.238,208.64624063329381
811.357,213.5979718335454
811.475,212.42547147534435
811.594,214.97289540284655
811.713,211.36578474159302
811.832,214.324774760906
811.95,219.92203926332957
812.069,211.3415161215926
812.188,218.6813393002019
812.307,225.22635728400593
812.425,229.55232764876234
812.544,229.8436659788867
812.663,227.01985279385957
812.782,235.61855043134324
812.9,236.7202783718572
813.019,239.41767730804227
813.138,248.6380199671708
813.257,257.69126305919974
813.375,267.1289217356442
813.494,271.147532793041
813.613,268.3263170106109
813.731,265.5795601026397
813.85,263.86743522930044
813.969,264.8150506157015
814.088,257.2752201146567
814.206,260.76396104218344
814.325,272.50465002165805
814.444,277.8297545855484
814.562,276.0994478940273
814.681,281.356154189519
814.8,292.6223842945343
814.918,286.1847182956534
815.037,277.59293974265995
815.156,276.90938629789156
815.274,275.1461791734694
815.393,267.74227940835465
815.512,260.724526829387
815.631,263.5344798781249
815.749,271.10806929049926
815.868,279.24616086737575
815.987,282.40416586416563
816.105,292.3448548436396
816.224,297.8076217451915
816.343,301.4539384302931
816.461,290.80674862188823
816.58,271.2141042680289
816.698,252.25695774966758
816.817,239.02015755165255
816.936,215.0266473969275
817.055,205.58292079198606
817.173,196.87339332124367
817.292,198.4798831665187
817.41,193.32706565248654
817.529,182.1534689176753
817.648,176.65519685818867
817.766,183.83224947402664
817.885,186.37034105090342
818.004,184.29457981392727
818.122,191.375528533661
818.241,204.36643396335148
818.359,205.7651316008344
818.478,198.75170802619613
818.597,200.2597518783142
818.715,196.0280552128596
818.834,199.0283858349023
818.953,216.37605142493499
819.071,292.78483203653514
819.19,418.50548185496564
819.308,538.2739702566249
819.427,634.9857635649923
819.546,671.0728241748589
819.664,627.5572315773959
819.783,537.1624335871617
819.901,423.9858175894532
820.02,331.3346845183966
820.138,280.22714095670847
820.257,236.24529403518298
820.376,206.70835940340606
820.494,176.36160249543389
820.613,155.98194515456134
820.731,146.96505837645944
820.85,149.26072571091174
820.969,160.75119824016917
821.087,181.96548029323588
821.206,191.50963247617253
821.324,207.78711799244252
821.443,218.38581562992442
821.561,221.8658985487915
821.68,215.13472605640322
821.798,198.71437607483747
821.917,184.30874470799023
822.035,172.697918535948
822.154,165.25592353273686
822.273,174.39228350788073
822.391,172.8039681583492
822.51,175.52474371790873
822.628,163.87668810863732
822.747,154.35330782404142
822.865,146.680143989662
822.984,151.8026511509537
823.102,164.54074272782964
823.221,180.98186460773584
823.339,185.80220726686264
823.458,198.41129451473404
823.576,195.6896458318696
823.695,198.5558759368841
823.813,192.43855625834902
823.932,190.89353095210836
824.05,188.19785629521832
824.169,182.6398439759907
824.287,169.8212255961568
824.406,166.14113535485086
824.524,167.24805810055778
824.643,163.86234015362413
824.761,161.8142845443528
824.88,160.406921575774
824.998,163.17358458122118
825.117,156.39046403688485
825.235,155.46015734536235
825.354,164.74024026422927
825.472,175.62378638655943
825.591,176.50819830975556
825.709,188.19780503814644
825.828,188.1817840609095
825.946,180.1016938196032
826.064,173.0285299852233
826.183,171.6809072763844
826.301,172.41034084460188
826.42,173.92159259463762
826.538,171.24063655246567
826.657,176.74236449297783
826.775,171.5852179746156
826.894,160.70166452984662
827.012,153.97741844438508
827.13,147.5908346965859
827.249,136.95576610030196
827.367,129.21853300185347
827.486,116.36528258738765
827.604,117.10164256253213
827.723,122.9453618450359
827.841,129.41159195005048
827.959,138.29340647064924
828.078,148.5639655799925
828.196,156.40595326076428
828.315,171.14664224023753
828.433,181.14707147945103
828.552,192.83234920351305
828.67,195.77909878904694
828.788,181.8626449113773
828.907,156.17620100906421
829.025,116.65144072906497
829.143,84.67513781661057
829.262,54.86863552365641
829.38,36.51684854705715
829.499,32.17572096255259
829.617,30.609263183062108
829.735,32.49764397532556
829.854,38.54981920695067
829.972,42.51915530496899
830.091,54.86600141340014
830.209,71.13829844663076
830.327,96.04202006194268
830.446,130.80516083998066
830.564,157.42924368759748
830.682,176.1770128451803
830.801,186.03300711098814
830.919,170.26302735082214
831.037,154.1320086296172
831.156,133.5299942374167
831.274,111.76261187984832
831.392,104.18397411102461
831.511,95.08066101752566
831.629,96.04834359502227
831.747,96.93983569632846
831.866,94.26639273269964
831.984,104.67346924959031
832.102,110.58444187037725
832.221,106.3049383006881
832.339,106.46352996909434
832.457,103.04636406174308
832.576,95.9149124401061
832.694,90.92978116478939
832.812,91.9481130929358
832.93,93.87640173103892
833.049,98.84798041243212
833.167,92.78087007752987
833.285,86.92289694321775
833.404,84.44069784042438
833.522,77.0208479400685
833.64,83.0724581556565
833.759,88.78604960215675
833.877,98.44091290335885
833.995,115.62675321351875
834.113,129.9016988753674
834.232,135.87369757398443
834.35,144.44309887000406
834.468,150.994318347842
834.586,160.2710789512211
834.705,164.95216855892932
834.823,164.44278197616143
834.941,157.22690188690007
835.059,147.7867793733963
835.178,130.32068283391857
835.296,122.30307114292566
835.414,116.04130360777694
835.532,121.81763131072329
835.651,130.95846117817166
835.769,143.8932304395592
835.887,154.49899537194239
836.005,168.87099407055928
836.124,182.91918324536658
836.242,202.90676635956794
836.36,209.7021416815614
836.478,216.55292825896595
836.596,219.20544643810211
836.715,224.4700858293595
836.833,229.31394599983778
836.951,238.29287110538093
837.069,250.354913094041
837.188,268.77020183594794
837.306,281.3863563787205
837.424,289.5730736920559
837.542,291.7987520443524
837.66,299.34910572132435
837.779,305.6042213030581
837.897,301.40652303197794
838.015,296.54215809423107
838.133,298.01718709587817
838.251,295.80736761267667
838.369,293.7862927182198
838.487,294.8500663086116
838.606,296.7614589466224
838.724,296.9473104590919
838.842,289.74701478541397
838.96,281.11208707710387
839.078,284.08408577572004
839.196,281.78682040507215
839.315,284.9458320907015
839.433,296.6061424776297
839.551,289.584201782307
839.669,284.63152515624836
839.787,280.961965413307
839.905,272.6794186573786
840.023,272.23843034300853
840.142,266.7584809896773
840.26,265.25861821643264
840.378,261.9864610708935
840.496,249.96365457470495
840.614,245.76162729929567
840.732,242.82540088968722
840.85,238.56363335453761
840.968,233.79796971549166
841.087,227.73620218034176
841.205,225.9307117014689
841.323,227.126087023462
841.441,231.07297749697022
841.559,245.93069048130113
841.677,258.96762424485286
841.795,272.98810779195435
841.913,277.973093503558
842.031,278.2671701242524
842.149,290.4789956626957
842.267,299.4544575647755
842.385,312.0429064798425
842.504,325.1049484685028
842.622,335.3133108034838
842.74,337.69223590902754
842.858,337.33090127431154
842.976,333.7695666395954
843.094,337.0774960741431
843.212,328.9464644697297
843.33,328.53664498652824
843.448,319.77271294921434
843.566,308.07631337943303
843.684,306.45004367978163
843.802,311.10169605805226
843.92,322.97672505969956
844.038,342.4915809011736
844.156,347.25751899372995
844.274,355.4632839261129
844.392,360.2318194212669
844.51,360.75360166966743
844.628,367.69183413451833
844.746,365.661235430538
844.864,360.1409860178098
844.982,354.99181739425694
845.1,335.470523551356
845.218,319.14087224649677
845.336,293.8625544604735
845.454,268.3689035266194
845.572,237.09281987783498
845.69,205.9546498344663
845.808,175.37084361296365
845.926,159.62637641546553
846.044,144.33112751358476
846.162,139.00141029013437
846.28,125.27384188918379
846.398,121.70211764407739
846.516,112.51307738165497
846.634,97.4002275954229
846.752,88.33239945421232
846.87,77.13490038814422
846.988,63.44174182320755
847.106,58.08624670128044
847.224,49.8306029532865
847.342,40.99794611009705
847.46,35.21103261095962
847.578,23.06529244164473
847.696,20.558581540901617
847.814,18.23309739143224
847.932,17.035260966081207
848.05,17.302312445582217
848.168,24.897698118499584
848.285,27.84626912977437
848.403,35.049543877104114
848.521,37.554766789395394
848.639,46.285818833352096
848.757,62.91015482765986
848.875,70.3515503054781
848.993,85.3186654068654
849.111,108.6701960926683
849.229,125.17843673518115
849.347,132.2148159058325
849.465,142.7516279769168
849.582,149.25207641163763
849.7,158.73087982471344
849.818,153.95946678757286
849.936,162.50233946471798
850.054,167.3456450422961
850.172,172.59501122593483
850.29,171.91017827537428
850.408,171.7257782252467
850.525,173.57687601061696
850.643,180.19767076568405
850.761,176.09032699261257
850.879,187.8115546481125
850.997,200.63061780144812
851.115,211.11461601971885
851.233,208.34839778777305
851.35,206.0384566121043
851.468,204.66444617236618
851.586,206.69988177445413
851.704,204.78170080324514
851.822,264.31164929891776
851.94,335.1890048977347
852.057,398.3640466325593
852.175,441.1744368410538
852.293,484.59593309897605
852.411,502.1289683067588
852.529,503.3839320747916
852.647,501.8064615183738
852.764,546.8037750967844
852.882,577.0516455708319
853.0,605.3694100228681
853.118,617.9425857303157
853.236,634.9573198793221
853.353,632.1781146343892
853.471,616.7772643678113
853.589,596.8326911575107
853.707,577.1816244407164
853.824,556.7807741741387
853.942,537.4916122192492
854.06,518.7210649829748
854.178,494.3349333311161
854.296,467.908109038565
854.413,440.82154448627375
854.531,410.876105475108
854.649,377.2977660310419
854.767,342.18955645710537
854.884,299.96965857148035
855.002,256.137639473734
855.12,200.6753173456844
855.238,161.66234586698528
855.355,128.4008895398012
855.473,107.59051546369935
855.591,86.7102509217383
855.708,65.62062332722579
855.826,46.249126474806815
855.944,28.536633420921014
856.062,9.727762428147384
856.179,-3.2482603541726407
856.297,-9.414853801204961
856.415,-4.876071288998718
856.532,-6.870922526733542
856.65,-14.882548959842378
856.768,-15.166123176963634
856.886,-16.015524817146254
857.003,-20.316243286912215
857.121,-31.172815153904555
857.239,-35.55385609490277
857.356,-35.12211449044125
857.474,-42.32047663341649
857.592,-42.632804359748384
857.709,-28.365986125000042
857.827,-19.091939684947256
857.945,-9.395925042048917
858.062,-1.917730039943835
858.18,10.538580300474539
858.298,22.382597702718755
858.415,30.58230629119507
858.533,44.95534893187673
858.651,58.16728822606121
858.768,62.14878170078042
858.886,65.22809923416864
859.003,64.1134773736176
859.121,61.412708326919386
859.239,54.601982570264624
859.356,42.99125681360981
859.474,41.02295529937916
859.592,39.65898278947746
859.709,31.384669217503415
859.827,25.232391721423514
859.944,14.071446032444886
860.062,4.18401329275537
860.18,0.9889223696429248
860.297,-7.552566851931454
860.415,-6.424470886460582
860.532,-1.0725245420683716
860.65,4.986098301042211
860.768,7.164466612832059
860.885,13.11574126965664
861.003,19.87232138772834
861.12,25.183331715121156
861.238,26.500260748872403
861.356,26.6295242435802
861.473,34.39962499594377
861.591,46.11931701162828
861.708,44.66668678776882
861.826,48.43273784700884
861.943,41.0171556604226
862.061,25.33682589160191
862.178,14.044410219109755
862.296,7.00511132608141
862.414,5.02774280560638
862.531,7.708239261744327
862.649,5.670940416519336
862.766,11.485159321255605
862.884,11.34703879743414
863.001,9.19925577122432
863.119,9.675599986576763
863.236,16.80213826817067
863.354,24.4089644609409
863.471,30.514174198023852
863.589,33.72654848389986
863.706,40.4741107221773
863.824,46.16602785909772
863.941,52.3029666410397
864.059,54.15245953553585
864.176,56.41061043868999
864.294,56.503393376476296
864.411,52.54076505885133
864.529,43.61536617845578
864.646,34.73931794741081
864.764,39.21478486788102
864.881,44.034840532939896
864.999,47.811606154708755
865.116,52.623003811109726
865.233,67.72704216015154
865.351,80.29514977326266
865.468,92.44420976732626
865.586,108.37855114667127
865.703,128.75358516670883
865.821,136.35459321272015
865.938,133.79975710288724
866.056,127.05098159911475
866.173,122.49614548928156
866.29,102.182002020141
866.408,101.09123517437715
866.525,109.24375837190335
866.643,118.07247204561999
866.76,124.92023333838421
866.878,128.00522406837786
866.995,132.11445722261388
867.112,126.74057349373294
867.23,109.79785859602083
867.347,108.99107443423941
867.465,107.49424698241472
867.582,115.6917918249624
867.699,114.981977360151
867.817,115.28861311178991
867.934,125.21169907987917
868.051,133.24993656311995
868.169,140.8405549987417
868.286,150.27619507938505
868.404,155.67633732453055
868.521,169.45223714543351
868.638,177.29653523473485
868.756,182.71139609459868
868.873,202.02668985489538
868.99,216.52207019527856
869.108,235.2477535659649
869.225,246.70850187171618
869.342,268.00128480950224
869.46,302.6594357126563
869.577,339.3314394296633
869.694,361.03288037610764
869.812,379.4953602835909
869.929,385.1898748231089
870.046,390.9172897955274
870.164,381.30531082855197
870.281,379.7019898702347
870.398,389.8804870937355
870.516,392.20790206615413
870.633,381.19852050177633
870.75,370.3016930499525
870.867,360.3130907063538
870.985,349.4638823021493
871.102,334.37051805378894
871.219,320.86070358897837
871.337,312.55954713282586
871.454,304.17873699701966
871.571,286.84554590883226
871.688,268.9738266821165
871.806,248.5912849445782
871.923,230.51004190833868
872.04,213.6573703006706
872.157,196.83759912590295
872.275,185.59618292949037
872.392,179.72186630017742
872.509,169.3194111427259
872.626,162.38535425367263
872.744,150.49025840358027
872.861,138.19343095175623
872.978,122.28881129213991
873.095,107.99891024724224
873.213,94.95662824996383
873.33,76.9619653003047
873.447,60.146523129866566
873.564,52.883461911809455
873.681,42.887067360419096
873.799,30.85752941264693
873.916,24.81083742321306
874.033,19.993582704566524
874.15,12.599990392212355
874.267,8.083408661407455
874.385,4.232913190188574
874.502,-1.7590366249341023
874.619,-2.5561555882446636
874.736,-5.35699043060473
874.853,-0.6235391568494357
874.97,0.6812005521931068
875.088,7.6800499860506335
875.205,11.593524922679745
875.322,15.643357548080118
875.439,12.292461830715853
875.556,10.43096450924256
875.673,10.726705013579558
875.791,13.089442456208634
875.908,12.681617574543617
876.025,10.870782112303289
876.142,8.764460918993006
876.259,12.130969321566932
876.376,2.9370650824352955
876.493,-9.728689012438684
876.61,-11.326409673292211
876.728,-10.606900767482129
876.845,-4.9460321130612535
876.962,-11.627673986139417
877.079,-1.079477780754297
877.196,0.8426001848672273
877.313,-3.770427325117401
877.43,-3.261188571962826
877.547,-0.8275988945792996
877.664,4.893206843845638
877.781,15.846378438693566
877.898,11.702013867764961
878.016,8.260835262686554
878.133,1.6530771311760206
878.25,3.7280425451126553
878.367,-1.7934054941106587
878.484,-7.578296760327501
878.601,-10.59269531929074
878.718,-6.624214388830588
878.835,-8.06752102229606
878.952,-2.9619744398869896
879.069,9.80739378574369
879.186,15.860269523716
879.303,12.794522158917443
879.42,11.376972380706222
879.537,3.1761304431099804
879.654,-6.032922229563221
879.771,-16.656054775002843
879.888,-7.05736416112113
880.005,-9.070445675141556
880.122,-11.866980963742712
880.239,-15.44697002692461
880.356,-19.81041286468725
