wavelength_nm,intensity
792.446,230.987864950848
792.565,222.06907707206003
792.684,210.02041906340196
792.803,194.84189092487378
792.922,176.5334926564753
793.041,133.7637956867784
793.16,104.84864417162692
793.279,101.97331949630231
793.398,103.74301646599935
793.518,114.20015932314217
793.637,140.9586008815836
793.756,171.46509438807703
793.875,209.64864417162676
793.994,233.94994287292548
794.113,237.6304623534449
794.232,234.67375239673498
794.351,207.78630650928915
794.47,176.40015932314202
794.589,149.56725889024162
794.708,129.51098183396462
794.827,127.96639308937588
794.946,130.20015932314215
795.066,132.1863065092893
795.185,136.24085196383476
795.304,137.68587360885647
795.423,133.07894720193008
795.542,135.048644171627
795.661,134.6928000157828
795.78,131.75860088158362
795.899,126.85124157422428
796.018,116.38544070842337
796.137,107.42959655257924
796.256,99.66076538374809
796.375,98.9672588902416
796.494,97.83479135777407
796.613,100.07721560019841
796.732,95.8824104053933
796.851,86.4564363794193
796.97,74.51444503742795
797.089,65.21141473439764
797.208,62.30405542703822
797.327,69.24344936643213
797.446,73.83565715863995
797.565,90.49106841405123
797.684,107.61834114132401
797.803,120.34128486426773
797.922,118.5118476348305
798.041,115.5040554270382
798.16,108.62267014565289
798.279,95.55600347898623
798.398,84.11790824089097
798.517,77.27808140106411
798.636,82.84691256989528
798.755,86.5577350807178
798.874,84.79409871708151
798.993,88.09626321924598
799.112,94.72916365214648
799.231,101.76639308937592
799.35,104.33435845734127
799.469,110.31444503742784
799.588,114.31963984262256
799.707,114.21228053526323
799.826,110.73435845734123
799.945,100.41747534045811
800.064,103.19842772141055
800.183,108.57072209370494
800.302,110.13262685560969
800.421,118.20535412833694
800.54,126.27634979933246
800.659,140.28414200712464
800.778,152.000159323142
800.897,159.20275672573933
801.016,160.9724536954364
801.135,166.4166095395923
801.254,166.52137144435423
801.373,166.36899049197328
801.492,163.81834114132388
801.611,170.90145802444079
801.729,178.2122805352633
801.848,188.11444503742774
801.967,186.46249698547967
802.086,185.58197750496015
802.205,164.6079515309342
802.324,143.32743205041476
802.443,115.13002945301223
802.562,89.7083844313673
802.681,75.84171776470069
802.8,66.28210971948158
802.919,54.20349112241496
803.038,40.39474682357513
803.157,15.873590281560828
803.276,4.068293667379473
803.394,-5.661707603013774
803.513,-17.710662702279308
803.632,-17.838880570965543
803.751,-16.582199903495738
803.87,-18.82857660035987
803.989,-24.851935589329877
804.108,-28.894305922336912
804.227,-21.705890925292806
804.346,-10.170756849340131
804.465,3.001807259026804
804.583,18.38326705440143
804.702,28.238886437703755
804.821,25.38161457421495
804.94,20.49276027331109
805.059,18.656776939029932
805.178,19.083103282772512
805.297,23.606456335700777
805.416,33.23314243380322
805.535,39.24234934704164
805.653,39.76350887995902
805.772,37.86269465321391
805.891,37.14136119970422
806.01,39.3734607743467
806.129,45.075581512917736
806.248,67.56515824851894
806.367,94.2004225982298
806.485,120.19136067963595
806.604,151.93294811169147
806.723,178.19747926669078
806.842,199.71136107104076
806.961,208.00446365461175
807.08,212.9728909135074
807.198,214.94651297759782
807.317,198.7062822278354
807.436,190.1889952010169
807.555,174.64746574995598
807.674,165.0713042642633
807.793,170.71851940194728
807.912,172.6748254487223
808.03,189.771391235757
808.149,208.18570594054052
808.268,230.61300765831083
808.387,257.04030937608104
808.506,272.09964572588575
808.624,283.0213197380283
808.743,291.7066301138072
808.862,279.52613962378524
808.981,264.7863417744562
809.1,250.03095950954275
809.219,229.35436512341707
809.337,211.1106711701919
809.456,199.79944474943406
809.575,184.30726594772395
809.694,178.98824731917404
809.812,177.2190122404076
809.931,181.37618408804826
810.05,202.71603991837284
810.169,225.283601376403
810.288,246.93774292101318
810.406,259.70443857817736
810.525,259.37329873750616
810.644,252.9296047842808
810.763,252.71275065789519
810.882,254.0759831115961
811.0,268.4478735739549
811.119,287.80850862505827
811.238,302.2314813384993
811.357,309.55402115150747
811.475,309.8427947307496
811.594,308.126373504797
811.713,307.60908647797874
811.832,313.3013232606843
811.95,308.87840852823837
812.069,302.9697795100782
812.188,302.7849600157274
812.307,292.56810588934195
812.425,285.5876153993202
812.544,278.139592441766
812.663,270.08550887815124
812.782,268.4132434963547
812.9,261.07777465135473
813.019,252.64966511371392
813.138,254.55229150680884
813.257,263.10340274838825
813.375,278.45624559169926
813.494,278.3666641925858
813.613,289.9186412350306
813.731,297.91131091816806
813.85,297.77584207316727
813.969,293.1953515831449
814.088,300.05035892862054
814.206,316.9503879191178
814.325,336.55864201784027
814.444,342.0153809650474
814.562,363.8946307347654
814.681,381.2595947901978
814.8,396.63061945169096
814.918,402.78605969759974
815.037,407.66704106904984
815.156,411.97313066560815
815.274,410.5952375781838
815.393,404.006089079504
815.512,404.36758993147356
815.631,410.30138515573753
815.749,424.37544012026115
815.868,426.40447343976336
815.987,430.5252816510405
816.105,436.38894700517466
816.224,431.9002314069279
816.343,425.1587019558673
816.461,413.4587309463648
816.58,395.9345175126199
816.698,377.2787023472731
816.817,354.13457549361476
816.936,333.29347894298655
817.055,315.81948195945785
817.173,290.2190780495222
817.292,279.5139122348245
817.41,272.8546338660143
817.529,270.7321520340007
817.648,268.23304682536394
817.766,260.5486602314459
817.885,254.0253125985671
818.004,255.16430262802618
818.122,248.35524070943325
818.241,257.3167415614031
818.359,267.45140258653316
818.478,274.69861772421723
818.597,287.7318462602515
818.715,277.2595371313706
818.834,295.9744207288427
818.953,318.74439352182594
819.071,421.0654647857515
819.19,544.0954671165684
819.308,669.8046741080891
819.427,758.9990699958411
819.546,797.7025638938172
819.664,750.247549067067
819.783,663.1776014447655
819.901,530.0370995118277
820.02,455.0048232318869
820.138,379.58298798069563
820.257,324.7064238995309
820.376,281.2609863340799
820.494,253.64846121202268
820.613,234.99437764840698
820.731,230.91172265621987
820.85,224.91651355147854
820.969,231.71610964154246
821.087,251.86462348052387
821.206,269.12136242773045
821.324,297.95559055242603
821.443,324.22531651261954
821.561,342.6422286199992
821.68,354.0842489524871
821.798,338.534927293633
821.917,313.450540699714
822.035,296.139314278955
822.154,276.327654957763
822.273,274.37140689198213
822.391,269.4956783067207
822.51,268.7792570807668
822.628,264.2264722184493
822.747,258.24944493188957
822.865,262.01873799165014
822.984,263.0269920903718
823.102,263.185029738877
823.221,277.3586518029666
823.339,275.5452608800432
823.458,279.0037314289814
823.576,278.03363054934806
823.695,282.9466465528318
823.813,286.274381171034
823.932,276.694756481877
824.05,263.6822313598198
824.169,262.7917841598406
824.287,253.0935447520692
824.406,252.40829235728472
824.524,258.24078888024906
824.643,260.78151051143846
824.761,260.3724485928443
824.88,260.77637368723725
824.998,260.87293947427105
825.117,266.19721088901053
825.235,273.7465905288584
825.354,277.72367579641184
825.472,287.01504677825096
825.591,283.6414826951549
825.709,278.0272259713661
825.828,266.0986835332914
825.946,265.25672118179676
826.064,259.3567501722935
826.183,265.1217142277253
826.301,266.0901414866205
826.42,270.8308631178099
826.538,268.9672557446703
826.657,273.563388631271
826.775,263.04090679925696
826.894,257.99807864689683
827.012,242.97516391445004
827.13,235.33060416035846
827.249,227.01071973094218
827.367,213.87525088594137
827.486,204.37787727903583
827.604,203.54457293619961
827.723,198.3519612340561
827.841,191.48748806005116
827.959,189.13643479946617
828.078,193.96979712329676
828.196,214.20229364626147
828.315,224.5776473120834
828.433,242.0092780341825
828.552,251.987229102602
828.67,255.04656545240687
828.788,236.96997106628115
828.907,207.95039810160205
829.025,168.0362126513248
829.143,133.96234059121812
829.262,99.20286167404558
829.38,72.93303310248928
829.499,56.185842623456594
829.617,46.16080483127291
829.735,44.52766557505957
829.854,50.67893436978356
829.972,64.76025843329225
830.091,86.95756683208043
830.209,122.20962251712626
830.327,149.1515603477767
830.446,180.28675552051868
830.564,215.66948980178194
830.682,252.0154861219424
830.801,274.5536902343108
830.919,285.4442752990601
831.037,280.0578040867533
831.156,265.85834586145967
831.274,224.8692772465555
831.392,189.8559662074087
831.511,169.446118371725
831.629,161.0250151247858
831.747,158.83075170468646
831.866,165.24514629324523
831.984,179.68032010258338
832.102,187.64276663919435
832.221,175.45110062169283
832.339,172.57285451761126
832.457,172.86170798062926
832.576,173.11852681161272
832.694,176.67491274216326
832.812,175.2018614432767
832.93,180.9391997547798
833.049,170.7354125251575
833.167,151.824265988176
833.285,147.70272984080486
833.404,144.05565256789254
833.522,145.28303416943905
833.64,157.8411517017214
833.759,165.2676675024021
833.877,174.80587161477132
833.995,184.44883763190248
834.113,207.0909378481678
834.232,232.3719991033941
834.35,249.33444564000547
834.468,265.5748142545389
834.586,279.35544260933193
834.705,273.7923480204022
834.823,266.6249244271436
834.941,253.72589910228334
835.059,246.22600797655727
835.178,228.80057572528997
835.296,220.11540321428225
835.414,212.82070689375075
835.532,216.11215775936623
835.651,222.22438784576087
835.769,236.1885659841037
835.887,250.58651035621273
836.005,273.5896495335166
836.124,284.1451696632014
836.242,303.97341706561355
836.36,317.6925735589349
836.478,328.47233611286237
836.596,336.75512896982013
836.715,338.6491772380333
836.833,351.714654077675
836.951,363.7125984497843
837.069,362.7832700946209
837.188,372.0002620857779
837.306,386.56876922845026
837.424,391.33641057025693
837.542,404.2200692280812
837.66,414.5002646824423
837.779,425.40123935758277
837.897,422.48403221454123
838.015,415.33305883773363
838.133,408.49031056915095
838.251,412.4129302659362
838.369,404.1165023436738
838.487,407.41661121794823
838.606,416.358278533781
838.724,414.39778134744927
838.842,417.1541672780006
838.96,421.6785185765173
839.078,427.8833893555535
839.196,431.6657493120789
839.315,430.44984087033595
839.433,429.2512484459089
839.551,422.3513573201831
839.669,402.50341424640555
839.787,396.06672658388334
839.905,395.9928094841317
840.023,394.9154291809169
840.142,390.52549476514764
840.26,391.824737838556
840.378,384.2538510418343
840.496,371.2197607819089
840.614,364.39432853064164
840.732,358.3420564525345
840.85,358.7763644610076
840.968,347.6903261491345
841.087,340.6164090493827
841.205,346.3165179236571
841.323,349.24260082390566
841.441,359.4769088323794
841.559,380.12939865903496
841.677,398.27972398352597
841.795,410.4274519054196
841.913,418.5994222515558
842.031,424.75753978383904
842.149,443.85505125551623
842.267,451.7136016882323
842.385,465.27777982657597
842.504,475.5830835060451
842.622,486.2667421638693
842.74,482.7408770121697
842.858,484.37518502064336
842.976,481.8423934620175
843.094,477.3225889163789
843.212,466.54564151359733
843.33,465.87345601557763
843.448,464.0739977902851
843.566,464.38276467321765
843.684,458.6716181362366
843.802,457.71458415336815
843.92,452.5540869670365
844.038,450.5996503867656
844.156,457.182876144157
844.274,467.10289843834505
844.392,478.9207562303685
844.51,490.690129173907
844.628,499.63958869753196
844.746,500.49900493111363
844.864,491.44326964954377
844.982,479.3373179177576
845.1,455.34998090458635
845.218,427.4951114238829
845.336,389.1588566617943
845.454,358.86156293866657
845.572,322.81708306835276
845.69,284.8392698647055
845.808,252.27530947491098
845.926,225.71914129290877
846.044,203.79587354380692
846.162,198.44490016699956
846.28,188.46622116248648
846.398,189.82866769909887
846.516,174.14089778549499
846.634,156.49728371604718
846.752,128.85669981814522
846.87,99.62987058254802
846.988,79.67470056981908
847.106,61.97227637599484
847.224,50.94358743423702
847.342,52.90009866865874
847.46,40.914865879307165
847.578,30.41440098233043
847.696,21.134325019928653
847.814,20.503945844358352
847.932,24.946586860060194
848.05,23.6362783701107
848.168,32.310357612788586
848.285,57.72032410841527
848.403,69.01926308987784
848.521,77.09687936745277
848.639,87.08698314394968
848.757,108.92159522919056
848.875,113.97387080096388
848.993,114.94334295242126
849.111,114.20199259305608
849.229,129.58791496096356
849.347,134.0690754241092
849.465,137.72945666647547
849.582,141.0876734066772
849.7,154.55498105596993
849.818,153.76687744985153
849.936,157.6246612896207
850.054,154.18028062722541
850.172,151.8562462851765
850.29,150.365978176894
850.408,153.6358832287846
850.525,162.60622118110814
850.643,178.59993575680818
850.761,194.11832565718342
850.879,212.6029493237922
850.997,224.57068987351772
851.115,231.15141743623005
851.233,230.84816231495972
851.35,233.60378165256384
851.468,238.55334038410749
851.586,250.3254099381621
851.704,272.3165271112643
851.822,302.5734451501672
851.94,344.8165103752172
852.057,401.72451066520216
852.175,452.18489190756793
852.293,513.36561947028
852.411,567.4736197602649
852.529,615.7660356346653
852.647,662.9822610328753
852.764,711.1127721453709
852.882,747.5203395349229
853.0,785.0673008638688
853.118,809.7727037512564
853.236,827.717067677605
853.353,828.9679251104473
853.471,814.1408604653677
853.589,790.1761334826256
853.707,769.2062116946889
853.824,728.2865063569686
853.942,691.9079265603738
854.06,655.6704723049045
854.178,627.1983860148032
854.296,590.4111482095506
854.413,558.2524818328695
854.531,520.6314777938509
854.649,482.5576599020185
854.767,426.6518073781515
854.884,377.2186821270119
855.002,321.590751681067
855.12,274.46498573728655
855.238,227.8145444688308
855.355,197.3580425943145
855.473,163.73270955096714
855.591,132.0831340833773
855.708,101.34524692747587
855.826,78.02856863192811
855.944,49.80240598759278
856.062,28.54082384126232
856.179,9.070014856056485
856.297,-2.2716072240805527
856.415,-12.520995101223125
856.532,-13.301303312894987
856.65,-16.232424472304636
856.768,-20.786004580790674
856.886,-26.038935187212367
857.003,-27.190820009273967
857.121,-38.961432380025755
857.239,-42.66379422125887
857.356,-35.28657733184157
857.474,-27.479078911804812
857.592,-26.80117434465741
857.709,-17.618506266015913
857.827,-3.5882305635924006
857.945,14.505345937311484
858.062,19.16358559264797
858.18,35.3463804308593
858.298,50.83451809815909
858.415,50.93123163180152
858.533,55.03666681757772
858.651,65.18798944924124
858.768,80.59472333631598
858.886,100.53305895499243
859.003,104.38135128362563
859.121,109.28765227026747
859.239,103.47620433916043
859.356,82.96778671108368
859.474,70.75633877997645
859.592,52.2594623821294
859.709,42.42251630458318
859.827,34.029507121207175
859.944,16.934386215973486
860.062,11.62809010834033
860.18,3.732567474817297
860.297,0.1635345182499932
860.415,6.2149468922371405
860.532,6.322601402169995
860.65,12.606649057611502
860.768,17.54116194149616
860.885,27.292924093366743
861.003,35.47929639987184
861.12,41.51618379901021
861.238,43.433537521172134
861.356,39.0587948893695
861.473,34.351528878058616
861.591,29.00760265861425
861.708,25.566984976842026
861.826,28.404860252391664
861.943,24.217245402392358
862.061,27.406291803499247
862.178,14.700738618338715
862.296,8.095197518471517
862.414,5.940811372046773
862.531,3.1282291401374165
862.649,5.613554346720822
862.766,16.03412527171494
862.884,14.375467419792805
863.001,23.757884453787625
863.119,19.65688181544536
863.236,30.045798784927406
863.354,30.75186534063004
863.471,30.118398900118667
863.589,38.760446985970155
863.706,41.2302603173423
863.824,35.848402609901605
863.941,44.11697907853249
864.059,51.45542973540305
864.176,64.690851146707
864.294,66.44618439172909
864.411,65.1036821389157
864.529,64.65035737527991
864.646,59.51391572852714
864.764,60.02855633285647
864.881,59.38042637441512
864.999,59.71757780125502
865.116,63.717066890432434
865.233,78.47413173718559
865.351,89.99136974411184
865.468,113.43241727484767
865.586,140.47519640731514
865.703,167.09026991207708
865.821,175.46118757268334
865.938,176.99920480038935
866.056,173.46622635709994
866.173,166.1090054895683
866.29,155.20373267398463
866.408,157.9607975207387
866.525,161.60617405580456
866.643,167.844624183944
866.76,166.7064509354602
866.878,173.84446816316682
866.995,165.58594859433666
867.112,152.68240738048496
867.23,143.371073958841
867.347,143.39653707399373
867.465,150.2142079813544
867.582,156.89594815278448
867.699,157.13353248005873
867.817,172.19016442638065
867.934,171.5307790566852
868.051,180.47225948785547
868.169,182.7167702220559
868.286,192.48855368352906
868.404,199.60665749132266
868.521,218.45463142898654
868.638,233.06537592942104
868.756,255.63023298396814
868.873,275.61673506016024
868.99,306.50973064284585
869.108,328.22870025150553
869.225,352.04637115886635
869.342,381.2017044038896
869.46,427.64448353635885
869.577,469.8699466515121
869.694,499.0140244852802
869.812,519.3632971242431
869.929,523.0865957372321
870.046,530.7847861251128
870.164,529.0422838723008
870.281,532.2686127883201
870.398,543.2897468991443
870.516,547.8113139104013
870.633,541.7051752939526
870.75,531.7392964177634
870.867,506.54657771473444
870.985,497.0655473233937
871.102,474.39404074157676
871.219,447.0619280991538
871.337,424.48998861690393
871.454,402.6401270567321
871.571,383.035287141582
871.688,360.64949484547947
871.806,335.6152177008921
871.923,315.0294254047896
872.04,288.2315118965658
872.157,257.60416115890456
872.275,234.90927795371073
872.392,225.47846401258613
872.509,213.16280158661294
872.626,199.03674955025014
872.744,190.97043777362768
872.861,180.81841171129096
872.978,164.74777093033939
873.095,146.26674053899805
873.213,132.03073179267827
873.33,117.2778399294753
873.447,100.35784849917255
873.564,77.46826291785655
873.681,59.80689161903423
873.799,46.475941616125795
873.916,27.39268267123743
874.033,10.880760527027249
874.15,7.473142905205011
874.267,-3.6858518510047853
874.385,-5.454699045200273
874.502,-8.723242116752346
874.619,-3.5315441971891817
874.736,0.5980878985372025
874.853,-2.962267068490792
874.97,-8.583528570319578
875.088,-4.162821730984984
875.205,-8.691544287293475
875.322,-7.799662515598383
875.439,-10.405304009567304
875.556,-9.457598846179032
875.673,-3.5666838156650655
875.791,-5.245823322080794
875.908,-4.638761131262935
876.025,5.44318197370347
876.142,11.787695849503141
876.259,15.40227739591381
876.376,5.260276992537145
876.493,6.0897940987851085
876.61,7.787588229811244
876.728,-3.4307542108795515
876.845,-8.12611926915245
876.962,-8.923068367237091
877.079,-10.067814542105012
877.196,-8.520063202557086
877.313,-13.799458146420317
877.43,-7.092725572863856
877.547,-2.565288044510524
877.664,-6.6231396923203665
877.781,-11.580987824387034
877.898,-7.444350423437198
878.016,-3.179113903790039
878.133,-0.24844807395632895
878.25,1.218654697473652
878.367,-1.507039881262604
878.484,-7.60235894898028
878.601,-20.05987846768476
878.718,-31.073608629752098
878.835,-32.562211299085575
878.952,-25.792293079000313
879.069,-18.006260905077205
879.186,-13.780335809169419
879.303,-19.105839019555987
879.42,-18.447270391523926
879.537,-19.298891254352714
879.654,-20.494396286626788
879.771,-28.63096188980473
879.888,-28.434595680154
880.005,-27.595743896507685
880.122,-26.27043790550762
880.239,-24.458677707153846
880.356,-22.16046330144636
