wavelength_nm,intensity
792.446,244.90713806955182
792.565,243.8950168574306
792.684,239.21016837258207
792.803,230.85259261500633
792.922,218.82228958470313
793.041,193.3945839569975
793.16,168.95215971457338
793.279,156.9841943466081
793.398,150.97726793968164
793.518,147.63527659769034
793.637,160.65778742020117
793.756,193.0759692383829
793.875,226.66644542885905
793.994,249.30021166262526
794.113,257.7348436972573
794.232,254.67856664098025
794.351,243.1798653422789
794.47,207.1954497578634
794.589,176.69328525569892
794.708,160.18506014747385
794.827,152.9426359050496
794.946,139.9045406669544
795.066,152.1287830911968
795.185,157.40670516911882
795.304,165.86557962799327
795.423,159.48289564530927
795.542,159.97293893535257
795.661,152.7426359050496
795.78,145.5530255154393
795.899,137.262982225396
796.018,139.55389131630506
796.137,125.85692161933531
796.256,128.4725060349197
796.375,128.06298222539584
796.494,123.90973547214912
796.613,116.54177010418374
796.732,117.73484369725733
796.851,112.71666187907553
796.97,109.56168352409719
797.089,98.5893891518029
797.208,95.67770084011464
797.327,98.45778742020121
797.446,95.46384802626183
797.565,101.20670516911892
797.684,106.88549304790673
797.803,119.67423763665127
797.922,130.90627226868583
798.041,129.32012508253865
798.16,130.6725060349197
798.279,129.201510363924
798.398,120.3131986756124
798.517,109.1859259483397
798.636,100.39631555872933
798.755,101.12791729033104
798.874,99.19285235526604
798.993,103.56947573188936
799.112,125.18679174920541
799.231,140.62315538556896
799.35,141.2032419656556
799.469,132.17034153275523
799.588,132.05605581846947
799.707,122.20410776652146
799.826,113.73570949812321
799.945,113.06644542885914
800.064,120.48462724704103
800.183,121.80843677085053
800.302,111.26038482279864
800.421,109.77293893535277
800.54,122.00670516911896
800.659,134.753891316305
800.778,148.12012508253872
800.897,159.74609910851268
801.016,169.54609910851272
801.135,171.01449737691098
801.254,165.35908612149976
801.373,165.26211642453012
801.492,160.67596923838298
801.611,163.80324196565567
801.729,161.91060127301506
801.848,165.2214237838375
801.967,171.6785666409804
802.086,163.60237616478992
802.205,152.15995192236562
802.324,134.89155365396732
802.443,105.22488698730066
802.562,86.20497356738727
802.681,69.1585353169308
802.8,55.045098761456735
802.919,46.45965952931536
803.038,33.035750099280406
803.157,25.400192029694825
803.276,17.030475259124994
803.394,2.380351713514501
803.513,2.7294449904166287
803.632,-1.4053339745262403
803.751,-8.871163105487012
803.87,-3.1168759410883773
803.989,-0.6467506436483745
804.108,5.763268351430855
804.227,10.04233309695183
804.346,2.6049223414816334
804.465,14.37352098417185
804.583,12.5790607369237
804.702,15.079389625611086
804.821,20.54193306429823
804.94,27.67794682952215
805.059,34.12731049448268
805.178,35.81578470886181
805.297,29.96584257559875
805.416,31.837596285232042
805.535,32.08929024662573
805.653,28.921978055090555
805.772,28.114097542727386
805.891,31.14014118895264
806.01,32.735322876166016
806.129,45.230475028626785
806.248,75.04503767293312
806.367,99.0213564941117
806.485,134.99606741309447
806.604,164.11907763125856
806.723,183.6992307065654
806.842,185.31141841390703
806.961,181.6439524415951
807.08,175.57475486755163
807.198,176.58867417662532
807.317,160.1913380744437
807.436,150.17235695061723
807.555,147.3100857835008
807.674,143.25647262504242
807.793,138.586409250134
807.912,144.24015539903522
808.03,155.16576301979796
808.149,174.11561306480343
808.268,209.41524665959247
808.387,234.7503780898794
808.506,253.04481687947384
808.624,265.51501324482587
808.743,259.7107507357189
808.862,246.53246225258582
808.981,227.36283177811055
809.1,212.70315801359195
809.219,213.71967472526364
809.337,198.36995767070158
809.456,194.11374710964606
809.575,191.0237703148244
809.694,178.31647750268672
809.812,169.86805914942346
809.931,165.72959750611685
810.05,180.7755514472256
810.169,203.87085603768514
810.288,217.29343335541762
810.406,232.98614054328004
810.525,240.64421569651074
810.644,231.02610037355112
810.763,228.55343959604608
810.882,234.61064894841115
811.0,254.4470790799969
811.119,272.76229709037057
811.238,281.2013246245538
811.357,276.65074176912657
811.475,280.74344895698937
811.594,277.71407822277394
811.713,278.9305949344458
811.832,287.4596657586718
811.95,297.56882316298424
812.069,296.8632619525781
812.188,299.904886889358
812.307,291.18460706423315
812.425,293.8184397932208
812.544,292.44101711095317
812.663,293.18220914730034
812.782,296.68444014468656
812.9,300.7632945186964
813.019,303.0637939143512
813.138,310.11147945719216
813.257,312.3600308008988
813.375,308.5878029238263
813.494,309.1073499385285
813.613,316.9533038796376
813.731,317.8953617168505
813.85,322.5759476925916
813.969,327.83748604928485
814.088,332.6037863107399
814.206,337.7293939315024
814.325,341.25153834880166
814.444,352.9485745409926
814.562,365.4923639799367
814.681,370.2577984405258
814.8,369.23881731669917
814.918,363.9903989634352
815.037,367.9142749824658
815.156,366.6242981876437
815.274,371.9386503971508
815.393,372.4149073685626
815.512,372.6868353356453
815.631,371.167421311386
815.749,362.49302893214826
815.868,364.88357161784535
815.987,373.9710840005121
816.105,380.0482067727893
816.224,401.83009144982833
816.343,407.53405404894545
816.461,399.3999214099673
816.58,390.37920868440926
816.698,365.42949162984684
816.817,340.89882219433196
816.936,310.3811397718042
817.055,288.9517690375882
817.173,282.6860346670086
817.292,275.1666206427492
817.41,266.2290248003078
817.529,268.53298739942505
817.648,258.7356512972437
817.766,251.84740610415335
817.885,243.55916091106326
818.004,245.17481182186935
818.122,250.2995536417663
818.241,261.1654210027888
818.359,264.05639658891954
818.478,265.2945583222366
818.597,264.01883695464653
818.715,247.68031276352713
818.834,249.5389235290048
818.953,277.6518321893801
819.071,376.3014452095854
819.19,530.1355673069756
819.308,681.2281672845568
819.427,800.1142492845456
819.546,842.8654496046538
819.664,782.4832239769846
819.783,661.240853061645
819.901,515.0723812680543
820.02,408.1356786598206
820.138,341.8667839512699
820.257,299.2146497870542
820.376,271.0254923756652
820.494,243.19785324318184
820.613,221.29575523623947
820.731,206.34257497821486
820.85,196.14870207949753
820.969,201.45872528467646
821.087,219.03022035132722
821.206,242.43807905434173
821.324,269.26844857986697
821.443,301.11873152530563
821.561,316.4218283235581
821.68,320.90501170189714
821.798,304.07477516681627
821.917,282.9579585451552
822.035,261.6004492828016
822.154,239.0005157780237
822.273,232.43694590960945
822.391,233.0638522316713
822.51,229.71067197364664
822.628,226.15143110956149
822.747,229.92032877361487
822.865,227.8130359614778
822.984,232.1706782142757
823.102,237.99325553200862
823.221,245.63920947311817
823.339,248.21243614150038
823.458,253.75362817784782
823.576,252.42555614493128
823.695,256.0879603024907
823.813,252.35036446005023
823.932,246.69069069553177
824.05,250.25785675785312
824.169,249.057923253075
824.287,245.3947862850937
824.406,244.65719044265353
824.524,253.63561191623086
824.643,257.8261546019294
824.761,259.48942456035525
824.88,260.33278109886777
824.998,266.5796008408434
825.117,263.58486214126054
825.235,258.5468333983877
825.354,254.50360985032
825.472,257.9279187697849
825.591,256.12279045981256
825.709,259.6206924528705
825.828,263.84153816887215
825.946,271.8623838848735
826.064,269.6936192112644
826.183,271.2304822432827
826.301,269.58379549175106
826.42,261.9215243246349
826.538,256.8886903869557
826.657,257.3519603453802
826.775,250.28362857220282
826.894,249.14863013235873
827.012,242.29588277476586
827.13,238.01542978946725
827.249,227.2501283193202
827.367,217.0727056370519
827.486,210.27450373400427
827.604,206.79318494783973
827.723,203.49368434349338
827.841,202.47643482139836
827.959,205.9293151694333
828.078,212.36487950015248
828.196,221.8238204542484
828.315,226.1113328369159
828.433,236.9901872109254
828.552,243.98246149835478
828.67,249.65785266890106
828.788,237.02675033295392
828.907,216.82162202298073
829.025,183.51640211596845
829.143,147.33856216433986
829.262,104.14973092447266
829.38,82.50711020121253
829.499,70.2676803714371
829.617,65.25825254492375
829.735,58.938632670574805
829.854,58.97981582482087
829.972,57.21689186960138
830.091,68.56918490576741
830.209,80.68584530688696
830.327,106.07254643273994
830.446,136.3849803213574
830.564,164.4573442353244
830.682,181.09028438875515
830.801,190.51716393612523
830.919,197.7215326609845
831.037,196.4246026845452
831.156,174.09563807607134
831.274,164.9017384026624
831.392,145.47147509288976
831.511,142.43601697792232
831.629,135.08800475040078
831.747,133.4161829990696
831.866,147.59371189708918
831.984,155.00067802454612
832.102,167.08729783165683
832.221,170.60595227080213
832.339,166.85707424241485
832.457,169.23806634389763
832.576,165.92468615100807
832.694,158.80524535205808
832.812,156.73602100332474
832.93,153.90316029095533
833.049,156.1438926521791
833.167,143.90150813028612
833.285,143.6695132187827
833.404,136.5924966622576
833.522,133.943185733438
833.64,136.38651549725904
833.759,141.42551625675105
833.877,154.31733086905686
833.995,170.5069809791983
834.113,190.67844927115794
834.232,208.2559781691782
834.35,215.30450273819417
834.468,225.9521615063444
834.586,231.67081594549018
834.705,233.02496822013373
834.823,230.09340620906295
834.941,215.15751519366313
835.059,201.11599647263552
835.178,181.62685870398866
835.296,164.08663868425947
835.414,164.78624550435717
835.532,165.55078738939005
835.651,183.44087039996418
835.769,192.22099670058185
835.887,198.05133945141603
836.005,219.86956099012912
836.124,231.43496867602812
836.242,243.48955385110452
836.36,251.59522127726297
836.478,257.9164731190057
836.596,273.08274660577007
836.715,279.2109248544391
836.833,282.4897524537573
836.951,300.01966230415775
837.069,319.2075808125668
837.188,334.88814001361635
837.306,341.01025765622444
837.424,350.5808601473175
837.542,362.54107302802106
837.66,373.3835369909758
837.779,372.3965637244934
837.897,372.9611056095262
838.015,375.9516215205332
838.133,374.3213582107608
838.251,375.37074858064216
838.369,376.49632942671394
838.487,375.3024297533052
838.606,379.64013181149824
838.724,375.9077039995613
838.842,372.0107740231223
838.96,365.75540248824166
839.078,361.94678420011417
839.196,368.40742998125074
839.315,365.13387662818843
839.433,361.0655180803211
839.551,361.18763572292994
839.669,359.01191786770335
839.787,358.19031256658945
839.905,355.4873219840902
840.023,350.922859540119
840.142,349.24237978013036
840.26,338.8129822712238
840.378,324.863238441971
840.496,316.4987759979995
840.614,314.50487632459067
840.732,313.86682080702604
840.85,315.60365706435306
840.968,322.03486561605223
841.087,326.19161529329233
841.205,331.4167632389307
841.323,333.9613917040497
841.441,335.74844441159286
841.559,341.61601659965544
841.677,349.349389653519
841.795,360.8663124909323
841.913,376.0040145491246
842.031,389.41098067658095
842.149,404.3019294880198
842.267,418.28811639469666
842.385,422.5825284095985
842.504,423.3557283032882
842.622,429.5497074177571
842.74,434.7255047140443
842.858,428.21731932634896
842.976,420.9913850209047
843.094,417.6104723604824
843.212,414.83562030612075
843.33,415.2339284249193
843.448,408.9352668467483
843.566,412.7093325413042
843.684,414.1639177163796
843.802,406.4548665278187
843.92,403.9778499712924
844.038,409.92940484333747
844.156,422.13723677165984
844.274,440.0056747605885
844.392,459.2247621001667
844.51,470.1763169722126
844.628,475.2438891602761
844.746,474.42834446522295
844.864,462.0907218480918
844.982,438.42842390628545
845.1,410.30811730647054
845.218,380.86140378024885
845.336,349.7177205570574
845.454,319.2831282429569
845.572,295.5749428552632
845.69,267.48407348488547
845.808,244.21571493701862
845.926,222.70666374845922
846.044,201.10583766812485
846.162,185.0054444882235
846.28,173.1215015247722
846.398,161.76656289032502
846.516,151.53629958055294
846.634,127.72768129242576
846.752,118.3155998008354
846.87,104.9225659282927
846.988,91.68928283261198
847.106,77.3274795456478
847.224,66.63549034895394
847.342,45.789121653201434
847.46,40.794817377639475
847.578,30.799376088268588
847.696,33.196096968024825
847.814,38.86307514491769
847.932,43.1601418525849
848.05,42.68548020977896
848.168,48.4589857091128
848.285,51.68869338273389
848.403,58.03994205981344
848.521,65.35322436401208
848.639,74.22889698333691
848.757,86.15866542134314
848.875,99.3103204343578
848.993,116.80569839109555
849.111,137.0127646595216
849.229,146.7609564690731
849.347,158.4277629972392
849.465,168.68244831328414
849.582,169.02111631331175
849.7,174.91562846918362
849.818,183.7174999324149
849.936,182.74274801902297
850.054,185.09526883290366
850.172,190.36034375933858
850.29,197.96134942170406
850.408,206.77534209705652
850.525,210.45686723994126
850.643,224.82324086767443
850.761,236.62944133523433
850.879,245.1577197248721
850.997,251.27907170758346
851.115,260.5683890582604
851.233,260.0118189630499
851.35,267.8171536297442
851.468,262.94802942197936
851.586,270.1022818375911
851.704,287.9829411796094
851.822,321.8748559328828
851.94,357.25248497187033
852.057,409.8777330584767
852.175,465.0718123139142
852.293,522.1403504438106
852.411,570.9171136819319
852.529,610.2453920715686
852.647,648.0143631018979
852.764,685.8023817512747
852.882,715.1064177166686
853.0,736.9247393963481
853.118,759.2521519851184
853.236,772.6055385998625
853.353,777.4567607124422
853.471,764.7824416994806
853.589,745.7193780977746
853.707,720.1177863575401
853.824,683.6503937515051
853.942,643.9985855610543
854.06,616.779677803504
854.178,592.6066574918411
854.296,565.770433716975
854.413,532.2259848338838
854.531,493.0486355178923
854.649,450.50072343133803
854.767,401.43852563049825
854.884,348.13390358723404
855.002,302.0431343578226
855.12,259.97054694659283
855.238,216.66159589899905
855.355,178.36130286006323
855.473,148.04802280814013
855.591,123.05162587310014
855.708,99.59808608091726
855.826,77.2960614402495
855.944,62.76373376927887
856.062,49.10413337103536
856.179,37.16883658784066
856.297,25.050063449970008
856.415,16.04439297868487
856.532,8.883715398242687
856.65,-5.533187030205602
856.768,-18.60119205812841
856.886,-26.18871737717815
857.003,-26.58920563550524
857.121,-26.442468461467442
857.239,-28.258342372486265
857.356,-29.437808273030186
857.474,-34.05372884981305
857.592,-37.20664675262322
857.709,-33.818738582864654
857.827,-23.476310738492288
857.945,-10.439657962438382
858.062,0.10175722892897632
858.18,9.356455470359247
858.298,19.299062536531604
858.415,16.5931038192591
858.533,27.801468068743972
858.651,35.34187350336855
858.768,38.135054192892696
858.886,39.62625545439497
859.003,37.207099624085785
859.121,35.28955996731743
859.239,34.74953454138344
859.356,23.6490565941915
859.474,15.168452775757158
859.592,8.137844262231694
859.709,-0.5916503373131148
859.827,-3.0300879903898883
859.944,-3.167933916206039
860.062,-0.4567164066267848
860.18,-5.28260295052381
860.297,1.8888163765728603
860.415,1.1087089511146706
860.532,6.835478761467701
860.65,4.764471745158904
860.768,6.9526493546742065
860.885,11.879331501274313
861.003,15.069410499788825
861.12,13.875181127935338
861.238,29.527592628194263
861.356,33.756680868977924
861.473,45.56964893967918
861.591,47.69714784165856
861.708,47.46793678692792
861.826,48.707124000595485
861.943,38.45803350365391
862.061,21.170983603263124
862.178,10.548890396864836
862.296,0.19019170928011198
862.414,-7.270064932292309
862.531,-9.430507575136744
862.649,-11.875277780895047
862.766,-5.449873488699053
862.884,-0.8384414033573844
863.001,3.653184863219109
863.119,15.871260936526086
863.236,28.728607652181594
863.354,26.416543873994172
863.471,28.28809820641524
863.589,25.83172583138811
863.706,25.98585278672806
863.824,25.66406947860613
863.941,31.892179440245453
864.059,41.56317768689998
864.176,46.25196933057273
864.294,53.82143018607715
864.411,57.9424061930966
864.529,59.3179276546615
864.646,53.16184738462465
864.764,53.38758529640618
864.881,55.486050480915
864.999,58.88581436672273
865.116,56.23103279798514
865.233,71.53296118595776
865.351,80.53791987696071
865.468,94.94634177142706
865.586,114.29675500788484
865.703,136.7034453006197
865.821,146.62788451110345
865.938,151.72634969561312
866.056,139.0854209407289
866.173,129.18475192610444
866.29,115.6710958984928
866.408,115.23882515226647
866.525,120.85850245798827
866.643,130.18727067280088
866.76,138.55326832484292
866.878,142.32878978640858
866.995,133.526822070485
867.112,130.23827426798135
867.23,127.04236715811824
867.347,127.53044273223793
867.465,133.02371311155258
867.582,137.7966371705211
867.699,147.8059248658534
867.817,153.991835937809
867.934,152.331859563877
868.051,163.56279228085393
868.169,171.62316222726793
868.286,179.81340230355207
868.404,185.63134800754204
868.521,187.86660972884837
868.638,204.12784547612887
868.756,216.77696001128822
868.873,230.49533861571172
868.99,265.996401202819
869.108,293.91218240464485
869.225,321.25480343331037
869.342,351.427727492279
869.46,387.61883336942947
869.577,421.43677907341964
869.694,448.6729065955916
869.812,465.5142289229585
869.929,482.58065947543355
870.046,495.5111592919779
870.164,498.28062014748343
870.281,501.8717260246341
870.398,502.15114359009647
870.516,498.4045871295849
870.633,491.250238461281
870.75,468.0777079747953
870.867,442.6463030294352
870.985,434.9603526295295
871.102,415.98002993525165
871.219,398.12697996824664
871.337,380.5613758886874
871.454,362.7897112030676
871.571,336.82930192870316
871.688,303.8195420049879
871.806,276.44354831503875
871.923,254.8311909887259
872.04,236.02749167107103
872.157,223.03504776467156
872.275,214.7811319968003
872.392,202.7185582202711
872.509,190.70620089395823
872.626,178.77349724729896
872.744,167.8633044231505
872.861,151.77475662064714
872.978,136.6429187748539
873.095,123.62103763901749
873.213,113.54028204430668
873.33,98.37467796474729
873.447,83.57963665575059
873.564,59.89916584588083
873.681,45.701333462278285
873.799,29.205293321846312
873.916,17.045625282366466
874.033,14.844644797571966
874.15,17.010349077752497
874.267,11.854751532926432
874.385,14.929542140202189
874.502,11.996464741348293
874.619,16.144909060468407
874.736,11.425425840368586
874.853,10.24513176596352
874.97,14.52383182931506
875.088,9.3234637040731
875.205,3.4842254547073197
875.322,4.648002179372383
875.439,2.3313430802481587
875.556,0.6670425060335923
875.673,3.569729031558299
875.791,1.9602908690695497
875.908,5.800984002197803
876.025,-3.060254516282566
876.142,-2.1820664169117023
876.259,0.11393047612002505
876.376,4.752019594560792
876.493,4.5220075642172715
876.61,1.467786905596105
876.728,-7.288458655773342
876.845,-12.549594926917631
876.962,-21.941761988291802
877.079,-18.02744412157846
877.196,-13.155706743353328
877.313,-8.652542847549995
877.43,-7.967361777784571
877.547,-15.14629306458976
877.664,-12.882044070302499
877.781,-11.753848435982146
877.898,-11.783198580210394
878.016,-11.949934843290627
878.133,-11.895437202851717
878.25,-10.848045517080795
878.367,-10.052717040277278
878.484,-13.57394690128044
878.601,-11.378462726166891
878.718,-8.885584183604436
878.835,-20.502251353733126
878.952,-24.577369217893946
879.069,-23.921011991482626
879.186,-24.273171309196464
879.303,-24.435511850469286
879.42,-18.349821815559512
879.537,-12.501216121069268
879.654,-6.0264709939283545
879.771,-18.866471500626496
879.888,-16.77416484596548
880.005,-21.9966932866529
880.122,-29.8372366043031
880.239,-40.295794798916106
880.356,-53.37236787049194
