wavelength_nm,intensity
792.446,275.3667073284644
792.565,259.66610126785827
792.684,243.13995408171107
792.803,225.78826577002275
792.922,207.61103633279313
793.041,173.38333070508753
793.16,150.77727009902696
793.279,140.5807333024902
793.398,142.9504302721872
793.518,157.19372031547726
793.637,185.80843893019585
793.756,207.44480256655942
793.875,238.16514888690568
793.994,256.5720752938321
794.113,259.87943460119135
794.232,242.83527875703552
794.351,222.68030040205716
794.47,185.99372031547716
794.589,162.2413393630963
794.708,139.5400406617976
794.827,133.93830906006596
794.946,129.05778957954644
795.066,136.8863610081179
795.185,147.55735667911352
795.304,163.56341728517413
795.423,160.89328741504426
795.542,167.14436966612652
795.661,162.79372031547717
795.78,150.2820320037888
795.899,136.98679390855068
796.018,131.4456683674252
796.137,123.59458611634308
796.256,124.91320083495785
796.375,123.80497572673275
796.494,120.07943460119162
796.613,120.60324412500108
796.732,108.47164239339929
796.851,106.69675061850745
796.97,99.3218588436157
797.089,88.09848222023915
797.208,83.8023783241353
797.327,82.68809260984965
797.446,85.48722680898388
797.565,99.7339800557371
797.684,98.83268135443839
797.803,115.15043027218721
797.922,123.52359044534732
798.041,129.18073330249013
798.16,125.29761641937318
798.279,111.97467269642948
798.398,103.39631771807456
798.517,101.95995408171095
798.636,92.6586553804123
798.755,98.43094975270672
798.874,108.54090646266349
798.993,125.19372031547736
799.112,128.49328741504448
799.231,132.61190213365924
799.35,131.3547592765164
799.469,132.11493243668946
799.588,132.6015125232695
799.707,130.53917486093187
799.826,128.97640429816124
799.945,126.8430709648279
800.064,114.48982421158117
800.183,120.39458611634305
800.302,121.07164239339934
800.421,131.4370103587673
800.54,146.7461012678582
800.659,162.23874196049886
800.778,175.4621185838754
800.897,178.3885255102823
801.016,168.51926144101822
801.135,170.47337399513083
801.254,164.43181555357245
801.373,160.6906900124469
801.492,153.733980055737
801.611,159.086361008118
801.729,173.9129843847413
801.848,186.55086317261998
801.967,181.59090646266327
802.086,176.6486986704555
802.205,162.77705364881052
802.324,147.6660146877716
802.443,121.5138501856072
802.562,100.13614455790159
802.681,87.2134172851743
802.8,73.13873148621718
802.919,55.315288528748006
803.038,42.950270308962175
803.157,32.29582672137516
803.276,31.468094802305636
803.394,11.873962578869431
803.513,3.1385245188525515
803.632,-8.099083417653514
803.751,-12.472219097229178
803.87,-5.652636669521938
803.989,-1.0915893135695116
804.108,3.35292765769381
804.227,10.928304414841065
804.346,8.611258694883887
804.465,8.442945420424914
804.583,2.6681374113685403
804.702,3.9496137155085678
804.821,3.342308179866979
804.94,7.082253864600626
805.059,11.651737517071714
805.178,17.915727763412104
805.297,24.459571046583967
805.416,24.44552658472017
805.535,27.36280485763846
805.653,26.050758110246807
805.772,16.131576018588987
805.891,17.237864656493244
806.01,30.773962073235026
806.129,53.1586751135293
806.248,80.09371063418831
806.367,104.37613726862651
806.485,126.63063584566638
806.604,149.13041850152447
806.723,165.21713524482573
806.842,180.0034190876941
806.961,197.7793133201729
807.08,195.95953655698065
807.198,192.4678983219269
807.317,172.3944419050551
807.436,160.7781283453263
807.555,150.22848145226416
807.674,145.81996010032765
807.793,148.77420931116168
807.912,159.27997367351094
808.03,160.6515389016613
808.149,178.10622101292861
808.268,205.97389013718316
808.387,243.01471943459816
808.506,268.03736691383153
808.624,286.7240836571344
808.743,288.7493285389655
808.862,275.3789024251256
808.981,244.84830315111276
809.1,219.39476015415613
809.219,206.25463707061942
809.337,190.72490359747246
809.456,181.63846016761568
809.575,179.93556652130877
809.694,174.1772616195907
809.812,175.87263637155218
809.931,175.46757822308064
810.05,195.6183642304531
810.169,222.91460478328008
810.288,244.3640920893538
810.406,256.37028935213743
810.525,268.6838459222806
810.644,267.7298700248914
810.763,271.21831836992635
810.882,268.47040307859766
811.0,279.30863497341613
811.119,284.84470236607007
811.238,293.51323729119156
811.357,291.30558174012253
811.475,289.3524716435993
811.594,286.22360397131854
811.713,294.84451984882145
811.832,304.023877284766
811.95,315.03526935274516
812.069,317.9488259228889
812.188,321.2138976445476
812.307,312.58286547010243
812.425,305.7977207415447
812.544,294.06279246320344
812.663,283.93565639265444
812.782,275.070857984443
812.9,266.88484745501955
813.019,259.56030878706827
813.138,255.05914674249362
813.257,258.5268158667502
813.375,278.1260867226087
813.494,285.43185108496084
813.613,293.6562301659278
813.731,300.90225426853976
813.85,304.5015251243984
813.969,307.1968998763608
814.088,313.6385949746435
814.206,332.14695673959267
814.325,357.06657391579705
814.444,368.7377062435164
814.562,386.0763710387681
814.681,396.0029146218984
814.8,399.48703396260447
814.918,395.71401044616766
815.037,394.54531593406
815.156,397.34891579424686
815.274,391.0200481219663
815.393,383.5041674626728
815.512,378.81685823195085
815.631,373.785826057506
815.749,374.8638847921523
815.868,388.6925928774481
815.987,400.9334221748651
816.105,414.910182208213
816.224,425.07655263117124
816.343,423.8221438333503
816.461,403.98331945111386
816.58,380.45185437623684
816.698,352.4320776130483
816.817,335.8737727113315
816.936,309.1734764676236
817.055,297.6524010031364
817.173,294.59366320098695
817.292,282.09856176247365
817.41,269.9489148694149
817.529,262.1906099676981
817.648,244.62278125645724
817.766,239.17096986123366
817.885,237.98063032748183
818.004,241.55998776342693
818.122,256.94540580543253
818.241,265.7957589123731
818.359,271.4322592054609
818.478,273.7700581998475
818.597,273.47757279893904
818.715,261.5694636418742
818.834,277.69318218499734
818.953,290.3428888049924
819.071,397.04754815045806
819.19,514.8153455460501
819.308,629.6115529768531
819.427,728.7984093068665
819.546,771.9664021524533
819.664,741.2351261430176
819.783,659.7801559588072
819.901,536.2402506515124
820.02,460.5373511879186
820.138,382.52948520087614
820.257,326.1855981209187
820.376,283.9885576572143
820.494,249.67691626849597
820.613,230.38983403819987
820.731,215.18044688540007
820.85,209.23426319580372
820.969,221.6794214975493
821.087,241.98085685557174
821.206,271.85804978935175
821.324,298.87809986598876
821.443,331.7933880378637
821.561,353.2653861664484
821.68,363.80751416516284
821.798,351.25613567037067
821.917,335.03809050891147
822.035,302.91614924355594
822.154,278.7942079782003
822.273,264.02724506782283
822.391,259.1858232829864
822.51,256.392020545769
822.628,245.62332603365985
822.747,239.69445836137749
822.865,244.1664564899611
822.984,252.58390916399935
823.102,259.995301231977
823.221,275.9452214384829
823.339,285.7358342856815
823.458,293.63726964370267
823.576,285.4131638761827
823.695,286.5336468532515
823.813,284.20910818529876
823.932,275.45686388964043
824.05,261.35570184506423
824.169,253.10562205157052
824.287,249.52740372993827
824.406,256.03663129575216
824.524,262.5666380823455
824.643,270.52867950097357
824.761,270.64916247804337
824.88,272.3514636369311
824.998,265.76112410317785
825.117,270.4625594611992
825.235,276.1726528278783
825.354,287.41781112962224
825.472,285.2811512495479
825.591,280.5739285989108
825.709,286.2277449093128
825.828,284.3698729080264
825.946,268.3717411664803
826.064,263.6532631045882
826.183,255.61443872234975
826.301,263.5444455089425
826.42,257.3584349795181
826.538,265.1083551860246
826.657,275.0652017994575
826.775,273.5605765514184
826.894,259.43257468000274
827.012,245.92448622850043
827.13,234.35752331812347
827.249,230.44424006142611
827.367,217.08680096057282
827.486,204.97611510647278
827.604,197.75980154674502
827.723,199.94262218615137
827.841,192.98258568270046
827.959,187.63467039137066
828.078,193.04346505675073
828.196,205.17780084767185
828.315,216.95715828361455
828.433,229.64041182345346
828.552,246.78600302563015
828.67,248.34977604598882
828.788,233.5248044776029
828.907,196.2907245657877
829.025,165.09734891755767
829.143,131.28597413258885
829.262,99.19182400146593
829.38,72.20798783646255
829.499,60.03692512924585
829.617,42.24340230480662
829.735,38.81276497786293
829.854,33.85158813752407
829.972,48.43674400056376
830.091,66.34722792730182
830.209,84.63871009990038
830.327,106.20178434593132
830.446,135.34732105444127
830.564,148.8999921970742
830.682,167.92140341340286
830.801,176.99999012642053
830.919,182.56775432861562
831.037,175.21776961306196
831.156,160.45306628278968
831.274,148.43814650230098
831.392,128.6119713105569
831.511,127.53384806686475
831.629,137.36568153312925
831.747,141.51699551887424
831.866,154.0483960847058
831.984,169.00750227824312
832.102,177.43846994364196
832.221,179.31619085579393
832.339,170.13590310993723
832.457,180.6759616844268
832.576,175.63853108142723
832.694,164.38984506717233
832.812,161.22167853343706
832.93,147.23740636568465
833.049,133.82693045033614
833.167,120.76015596909613
833.285,115.69348490544643
833.404,121.14730522213483
833.522,129.85577441095896
833.64,140.00751213345873
833.759,152.37979935511567
833.877,159.0675826743569
833.995,174.63415387238592
834.113,189.57734844703816
834.232,215.6192443203916
834.35,230.23862937123414
834.468,248.6026031666654
834.586,256.73107912659896
834.705,259.6604208873986
834.823,252.3542648127005
834.941,235.25503514492897
835.059,218.0631647845167
835.178,203.30852386133387
835.296,186.13829852256654
835.414,182.76114677687292
835.532,195.6359430831273
835.651,212.11853159717407
835.769,227.37687768697836
835.887,238.57634931790815
836.005,257.6641326371496
836.124,269.5060285105036
836.242,279.5254135613469
836.36,294.6703397377314
836.478,313.43777673662703
836.596,323.0363825666914
836.715,331.21161177337916
836.833,331.0206072138334
836.951,350.88674551143026
837.069,355.18924744539083
837.188,363.9211866087885
837.306,380.57347209253237
837.424,394.1651515156701
837.542,400.277177259154
837.66,405.5666921801271
837.779,414.2977655426588
837.897,421.54658782293944
838.015,411.7408646486747
838.133,408.6035397428084
838.251,399.126820897548
838.369,393.38430118648694
838.487,388.70325333689766
838.606,385.0499111150142
838.724,387.7021965987585
838.842,381.9449582729791
838.96,383.5253822848622
839.078,389.1439015348406
839.196,390.28276710516525
839.315,396.2519357057929
839.433,403.8167753020914
839.551,402.5296668464417
839.669,394.9940735423073
839.787,390.2134585931513
839.905,384.9869561981081
840.023,378.1647828073941
840.142,368.28460075867156
840.26,355.83299013852036
840.378,349.0480461850358
840.496,341.45704162549055
840.614,340.4019678018761
840.732,345.62221865358634
840.85,342.45112751395476
840.968,341.2938891881763
841.087,338.9340534598008
841.205,336.6348237920315
841.323,335.4914382801063
841.441,343.53160255173077
841.559,356.66354171513
841.677,374.83184451489285
841.795,384.3317490462573
841.913,399.27667522264346
842.031,407.2796100570382
842.149,416.7067873156751
842.267,421.9062589466063
842.385,435.47802494983165
842.504,442.9978429011088
842.622,459.8968816316067
842.74,464.21063897682325
842.858,470.1607599584033
842.976,466.09183332093556
843.094,467.58740884796975
843.212,461.1063609983804
843.33,454.7335382570161
843.448,453.4542220091583
843.566,449.6329144193092
843.684,438.65662847448175
843.802,434.34527759458945
843.92,432.79063667140724
844.038,437.75634206857137
844.156,438.6571124008003
844.274,451.95615113129753
844.392,474.723588130193
844.51,483.10834114640414
844.628,491.9251287946498
844.746,492.3895354905146
844.864,487.6357603681977
844.982,469.6395610034564
845.1,443.17236596771943
845.218,416.8774653042769
845.336,380.1955516538212
845.454,343.65649514622254
845.572,308.6126767338619
845.69,275.28487563751855
845.808,248.60296198706254
845.926,230.72884054439876
846.044,216.04779269480872
846.162,203.3182599967339
846.28,185.46058877052047
846.398,173.19166213305175
846.516,156.50022467307213
846.634,137.4875750918805
846.752,116.62903806480148
846.87,103.4666049338264
846.988,88.19107094287878
847.106,73.49756928266487
847.224,65.32452633419433
847.342,65.05502626843456
847.46,56.92854372363989
847.578,46.74323948267387
847.696,40.20193828254642
847.814,38.522684774691136
847.932,32.01925479192658
848.05,27.36474698621724
848.168,38.728308935285256
848.285,52.104521738419066
848.403,55.664557174889794
848.521,66.165610538054
848.639,78.57380505614097
848.757,94.50229295479943
848.875,106.27079732421154
848.993,121.60293805725988
849.111,138.53767619290545
849.229,144.92003337616998
849.347,144.96299662004054
849.465,153.9245745825257
849.582,154.1554166142751
849.7,157.77586903563503
849.818,158.8647197253933
849.936,166.1561678177491
850.054,171.68051634300537
850.172,171.87932374272043
850.29,171.9110315753358
850.408,181.1245575897692
850.525,189.414274080393
850.643,200.86070052772672
850.761,213.16773303566646
850.879,236.4358045046453
850.997,252.89608376583195
851.115,258.1806054512613
851.233,257.01837388993744
851.35,262.7528955753668
851.468,273.2354692088481
851.586,298.6483458726322
851.704,325.63135240654617
851.822,359.56024638634756
851.94,388.3648979419064
852.057,424.01760144551747
852.175,458.91749109631473
852.293,498.2195452492766
852.411,542.6748461554856
852.529,598.5256016071494
852.647,637.7460540285102
852.764,683.0141254974901
852.882,718.8060064902795
853.0,762.9857662709475
853.118,790.458166744256
853.236,805.0379265249237
853.353,814.8306733185783
853.471,803.0390045278172
853.589,775.6187643084845
853.707,748.863459154087
853.824,707.6674613589969
853.942,675.0887795812228
854.06,635.1152926086434
854.178,608.489857584116
854.296,580.7466736418397
854.413,540.8736195696931
854.531,508.1486174455985
854.649,471.62621272410115
854.767,424.21030150909746
854.884,374.9640872637908
855.002,324.1741500747612
855.12,281.18507868659754
855.238,230.25315015557692
855.355,185.42425192758657
855.473,153.9555268597694
855.591,122.92403122918161
855.708,92.30552261158087
855.826,70.45584516281117
855.944,55.2421576010461
856.062,36.14896663121851
856.179,14.786550266055077
856.297,3.5778345989596914
856.415,-1.3964118709997875
856.532,-0.8581879913947492
856.65,-7.569417724062004
856.768,-8.503024587458958
856.886,-13.213385138179062
857.003,-18.839959085546408
857.121,-32.10944352467427
857.239,-32.64913730791662
857.356,-33.80511824379355
857.474,-36.47707486675877
857.592,-48.01968122265427
857.709,-45.623733377491334
857.827,-40.13703842896114
857.945,-27.26180056167194
858.062,-14.04005229335219
858.18,6.469794477707168
858.298,25.265143301350225
858.415,33.11449315536243
858.533,39.8417942338325
858.651,49.10420989540487
858.768,45.763995789449034
858.886,48.13395126903327
859.003,38.53588958545052
859.121,32.83685233099192
859.239,30.774063195475218
859.356,18.97443516654969
859.474,15.858136882738206
859.592,9.995417426300678
859.709,0.004266854569076717
859.827,-4.5666453946352075
859.944,-16.730246971060428
860.062,-17.541171802992046
860.18,-19.013973523334137
860.297,-14.08408254865864
860.415,-4.0891306122017905
860.532,8.952836395121048
860.65,17.29800336632663
860.768,23.11877303952012
860.885,25.974958484130973
861.003,30.50344013832116
861.12,38.56141703834518
861.238,43.96838174628432
861.356,45.590465919845926
861.473,53.88125269831434
861.591,54.910544010980956
861.708,50.95974874356116
861.826,47.28774135492913
861.943,37.606578084135684
862.061,34.220696223960786
862.178,18.838686842658483
862.296,2.5096930938125706
862.414,0.36181437910088476
862.531,-2.8205310502032144
862.649,1.5563216052644844
862.766,14.02604572751985
862.884,20.156695575603415
863.001,31.654188161365116
863.119,31.59626414907117
863.236,28.20644035806908
863.354,27.851977683440488
863.471,23.180404070182473
863.589,28.19541054350443
863.706,36.25543866184792
863.824,43.30161396633848
863.941,55.63610095914072
864.059,68.92123730259225
864.176,76.59165503132513
864.294,75.03263553062081
864.411,62.860629016929494
864.529,50.41935843397405
864.646,44.02051209344288
864.764,44.30478263602855
864.881,55.092949282510524
864.999,72.67592112379762
865.116,89.88140378759562
865.233,106.99770896221614
865.351,112.65687127969392
865.468,120.99222407336222
865.586,138.53450327395694
865.703,153.03868723645633
865.821,155.83118288726757
865.938,162.7596092740095
866.056,163.35470232741824
866.173,153.4052066362383
866.29,148.3414252307727
866.408,147.35383430149756
866.525,153.69265029862925
866.643,155.0236740879686
866.76,152.8819706045808
866.878,156.03896841989433
866.995,155.07129091053264
867.112,148.42655712411488
867.23,145.44589260176656
867.347,148.98557439976454
867.465,153.12179299429943
867.582,160.6000029308258
867.699,161.81587520501466
867.817,160.9486305960865
867.934,166.58961109538345
868.051,174.20981237390095
868.169,177.9910526134573
868.286,192.2657993465201
868.404,200.13448547352232
868.521,218.18066077801384
868.638,227.23635989202918
868.756,240.46348757747322
868.873,260.0984074707094
868.99,287.0528078834261
869.108,311.10417799311256
869.225,337.4828208300719
869.342,361.279645485213
869.46,406.4089376728217
869.577,438.9771908993914
869.694,466.415573996091
869.812,492.9682428070762
869.929,509.4732925704423
870.046,522.6891648446309
870.164,527.0089332227155
870.281,522.4499137220124
870.398,525.7618898923049
870.516,519.7362037249352
870.633,508.63259547964356
870.75,495.80777511313977
870.867,482.49724046092183
870.985,482.5390867610848
871.102,465.7610196413343
871.219,439.92927286790405
871.337,419.0187382156857
871.454,400.21469706996083
871.571,375.07905419263426
871.688,342.94687451877087
871.806,316.295214325427
871.923,301.12753681606597
872.04,269.6170021638478
872.157,241.51512552028748
872.275,229.54225320573158
872.392,217.15033327212802
872.509,211.9359025160137
872.626,201.93878777721525
872.744,190.32089381763763
872.861,176.4060301610903
872.978,154.01930503268147
873.095,130.01872709041982
873.213,117.2103569403659
873.33,96.58813397645909
873.447,87.32954737618854
873.564,72.24238934734653
873.681,59.13012309339636
873.799,43.59448021606965
873.916,31.97843612832922
874.033,15.838319572206476
874.15,12.183243188629374
874.267,3.4655227545435903
874.385,2.9808722138591817
874.502,-2.1381587725079134
874.619,1.842614377083085
874.736,0.7971470957847235
874.853,0.5603445073650493
874.97,-4.079455530919918
875.088,7.011748127430471
875.205,12.791128491225248
875.322,15.97001298282928
875.439,17.030697536741233
875.556,18.182890110315164
875.673,11.799777951767584
875.791,2.473741865265828
875.908,-4.862902208215862
876.025,-0.08429668511528021
876.142,-0.2711165409588028
876.259,-2.431819421545051
876.376,-4.898843498526274
876.493,-13.036279057739346
876.61,-15.098979082748178
876.728,-20.43584873730287
876.845,-19.16740436708124
876.962,-17.259596200674416
877.079,-16.41272907421869
877.196,-13.208730444058581
877.313,-13.290385028472278
877.43,-11.976157225002384
877.547,-2.547183550807562
877.664,0.2628692795110239
877.781,7.378125496456124
877.898,5.83324238608972
878.016,-2.7406678437889633
878.133,-2.3465709002358803
878.25,-8.601187097219286
878.367,-16.56916864075274
878.484,-16.234468220137362
878.601,-20.18432870990633
878.718,-14.94184369530521
878.835,-19.698058843525455
878.952,-19.92150041087287
879.069,-15.243113885347523
879.186,-23.553632080532864
879.303,-28.01158575705847
879.42,-29.542480114191903
879.537,-35.09828166765793
879.654,-31.01154364852875
879.771,-31.06888567499063
879.888,-30.439284629316134
880.005,-31.801106556024678
880.122,-34.81309776315569
880.239,-39.475258250709224
880.356,-45.78758801868527
