wavelength_nm,intensity
792.446,254.04943478328173
792.565,231.75852569237267
792.684,211.4602572941043
792.803,193.1546295884766
792.922,176.8416425754894
793.041,153.76804950189637
793.16,138.36718370103057
793.279,126.72908846293538
793.398,128.22086335471016
793.518,137.84077677462352
793.637,157.48579841964505
793.756,174.29965123349785
793.875,194.0329845668312
793.994,211.59056032440702
794.113,215.22259495644164
794.232,206.2624217962685
794.351,188.86501919886592
794.47,166.60008413393086
794.589,149.14640448025122
794.708,133.6528979867448
794.827,120.91177244561935
794.946,113.46415339800035
795.066,110.56025729410422
795.185,113.2459715798185
795.304,114.85895859280546
795.423,117.78276811661496
795.542,125.89705383090063
795.661,121.1472702811171
795.78,113.24337417722103
795.899,108.93082006466688
796.018,98.60354733739419
796.137,97.04423997808684
796.256,98.94207547592231
796.375,106.88666422051105
796.494,106.2148027486495
796.613,98.94640448025126
796.732,84.74034387419066
796.851,81.12908846293527
796.97,70.33601486986181
797.089,72.60787634172334
797.208,81.0866642205113
797.327,93.3212962551433
797.446,102.02346075730772
797.565,109.45982439367131
797.684,111.15765989150677
797.803,120.84856898241583
797.922,115.86934820319502
798.041,109.07367720752396
798.16,104.28060361445041
798.279,97.05030058414738
798.398,93.0883958222427
798.517,89.748136081983
798.636,96.9498676837146
798.755,108.28406681791373
798.874,110.30571183955871
798.993,110.50051703436387
799.112,115.35333088717768
799.231,114.46155599540279
799.35,107.1013828352297
799.469,113.05982439367125
799.588,115.00527893912582
799.707,115.86155599540291
799.826,114.33947807332498
799.945,113.29272482657169
800.064,114.03471616856297
800.183,112.83125296509974
800.302,112.8857984196452
800.421,122.61653435038116
800.54,119.12735686120371
800.659,123.58363391748077
800.778,126.86328759713447
800.897,140.14553867938557
801.016,137.30657764042454
801.135,137.378439112286
801.254,138.5576598915068
801.373,135.0355819694289
801.492,124.85203218587911
801.611,129.49359062743753
801.729,133.21913175297863
801.848,143.88233521618199
801.967,138.69099322483999
802.086,134.44770318154994
802.205,124.5135040473508
802.324,112.57930491315176
802.443,91.4298385857033
802.562,76.85142442496198
802.681,55.437544540135065
802.8,38.894585438212644
802.919,24.386481840372877
803.038,10.75447690030513
803.157,5.78783333309798
803.276,1.1845022644844052
803.394,-6.416757172071543
803.513,-10.004131031971527
803.632,-11.842480210906267
803.751,-17.446991719290203
803.87,-17.265342766260858
803.989,-17.104267695232267
804.108,-15.507345611308015
804.227,-14.52167454161809
804.346,-10.22845973539981
804.465,2.8578666996841093
804.583,14.87131480189882
804.702,19.206297975567324
804.821,27.11740404301254
804.94,20.03643169311337
805.059,6.573856419490088
805.178,3.2437159462534204
805.297,0.38324495584744067
805.416,10.390518767942408
805.535,21.34221357331485
805.653,18.392827380917822
805.772,26.76357736297597
805.891,20.09587146271195
806.01,16.84425438481096
806.129,28.8994327635573
806.248,51.73772999312853
806.367,77.77683465722028
806.485,98.8151627015899
806.604,107.7472554500736
806.723,123.34721616828233
806.842,132.1990545855835
806.961,139.86561161760335
807.08,141.66377038122488
807.198,139.22643130934853
807.317,126.98822643660625
807.436,110.04699126083347
807.555,102.25380803311256
807.674,91.74374168850863
807.793,102.5306450408745
807.912,113.74438822008025
808.03,132.067222308377
808.149,158.27663648325372
808.268,183.94059611267556
808.387,198.262564400106
808.506,217.17067987368338
808.624,217.86407673254217
808.743,216.05357748750492
808.862,199.85433365372316
808.981,188.89405085890243
809.1,181.16753429784785
809.219,168.65746795324327
809.337,152.3742414354785
809.456,147.58711881381737
809.575,140.16449835665836
809.694,134.47780863543014
809.812,128.14349986658283
809.931,130.0117885003329
810.05,138.24457929858502
810.169,149.40724022670724
810.288,156.98635137127968
810.406,169.11697766736717
810.525,167.46838318423386
810.644,163.1756328569448
810.763,165.31145395822722
810.882,169.25593306816754
811.0,176.4817974594933
811.119,187.33017267332986
811.238,202.16642667504536
811.357,214.90657678065702
811.475,220.25711649665837
811.594,227.7124181174218
811.713,230.12010069056618
811.832,236.89661443254175
811.95,239.88784678923594
812.069,235.88773715458808
812.188,239.26771410002686
812.307,228.42864342641795
812.425,232.01987578311198
812.544,239.17907350777136
812.663,241.62744872160823
812.782,252.47582393544508
812.9,256.55190477698756
813.019,252.83750942805403
813.138,258.1248456808521
813.257,260.2113161327846
813.375,265.1575268444575
813.494,270.2379366903295
813.613,272.21012142797633
813.731,271.408280191597
813.85,268.5943177430965
813.969,267.79420810844863
814.088,270.26942314912554
814.206,275.66152130668576
814.325,270.64496145558815
814.444,274.31584749193644
814.562,283.86552140707283
814.681,294.74333385034777
814.8,304.5423584148348
814.918,307.0487422866811
815.037,304.52828633168747
815.156,289.13510310396657
815.274,277.0094523437781
815.393,269.9444076441956
815.512,271.88369194894227
815.631,277.42211045282306
815.749,282.80641640259137
815.868,282.642670404308
815.987,282.07979020689027
816.105,273.17318706574963
816.224,280.0743761324011
816.343,279.33227515576255
816.461,283.55987114882066
816.58,285.37101692542853
816.698,280.8280501479237
816.817,264.36387124920685
816.936,247.06506031585778
817.055,233.18702860328796
817.173,217.50380208552312
817.292,204.79286994005258
817.41,204.39882091146512
817.529,203.0974125755184
817.648,201.50336354693104
817.766,197.9500071590362
817.885,200.8105035849943
818.004,207.40779654774883
818.122,208.8050895105032
818.241,219.53138680226186
818.359,227.45508669142322
818.478,232.41601601781403
818.597,237.31628497883463
818.715,228.887279453857
818.834,230.70086449262698
818.953,257.1244062983045
819.071,327.86077260133425
819.19,441.0471385341815
819.308,574.1577471190758
819.427,693.1126596539591
819.546,761.5430230057722
819.664,734.9355490464632
819.783,637.3714912720494
819.901,504.0542588090342
820.02,381.4912919663143
820.138,291.5704425502398
820.257,235.49893132569105
820.376,205.56363949431278
820.494,192.79423880887128
820.613,177.36815514824843
820.731,161.55505850061283
820.85,155.26057657159208
820.969,160.4180426945196
821.087,172.32702396896246
821.206,190.82128662868678
821.324,212.8168479897099
821.443,232.5526690909929
821.561,243.1542910580768
821.68,240.73513380438152
821.798,233.01467784938743
821.917,219.88123488140639
822.035,200.59541096104425
822.154,188.37365630475142
822.273,181.62809212464913
822.391,179.42365348567245
822.51,174.49107631855748
822.628,166.516940709884
822.747,171.16185272025797
822.865,178.84918897305633
822.984,187.28804037736975
823.102,190.91996537475683
823.221,197.8930159132695
823.339,205.06520065091638
823.458,203.04258019375823
823.576,194.50567402231428
823.695,192.33673321883578
823.813,194.8309958785607
823.932,200.07504208806927
824.05,194.60047357896318
824.169,195.991705935658
824.287,196.83488634430074
824.406,187.66681134168823
824.524,182.67622551656487
824.643,182.88563969144164
824.761,180.53141750268205
824.88,184.77806111478841
824.998,189.78660948879963
825.117,197.86875093640407
825.235,207.8521910853073
825.354,200.21918101776038
825.472,198.42426618830865
825.591,200.0276197571253
825.709,190.4837871787557
825.828,187.2386558990873
825.946,182.35889258478664
826.064,182.81592580728244
826.183,190.27036162718065
826.301,182.32046844274987
826.42,181.4961163838604
826.538,189.77306302626965
826.657,194.39026940893876
826.775,195.39015977429193
826.894,192.91039645999135
827.012,183.5942695093271
827.13,181.9197010002211
827.249,167.90833595431863
827.367,158.53420034564564
827.486,148.10811668502453
827.604,143.15129709366744
827.723,140.30097100880383
827.841,140.48354535684052
827.959,143.37174741050487
828.078,157.69371569793518
828.196,167.24252381220543
828.315,177.03808517322875
828.433,191.0544257550312
828.552,195.20236806843536
828.67,198.26286449439365
828.788,182.71816611515732
828.907,165.82368418613737
829.025,135.55849754989052
829.143,104.46194749119871
829.262,73.27556807243636
829.38,51.52238582890118
829.499,27.627873889083073
829.617,23.641917997564725
829.735,20.727361658999182
829.854,24.001881114344506
829.972,29.317628704367586
830.091,44.24066303484722
830.209,55.9236289516096
830.327,70.17964178918707
830.446,88.01814801353294
830.564,107.12879393017536
830.682,123.40085992110451
830.801,136.92173836557987
830.919,141.40461902725903
831.037,142.67624427768274
831.156,130.04483922507623
831.274,120.05239521143066
831.392,100.61579535362918
831.511,94.39304830968054
831.629,84.84688594914861
831.747,88.43610291944117
831.866,88.46528043129157
831.984,100.22244859642115
832.102,108.27432452277765
832.221,104.70153029978121
832.339,100.76339977969357
832.457,112.34212069327846
832.576,104.02931473638135
832.694,102.14298045111411
832.812,98.29632681974003
832.93,90.6140781269171
833.049,84.47066683773224
833.167,74.83684131015895
833.285,71.35933320320711
833.404,75.02418922369253
833.522,78.72068734012426
833.64,90.41796015932805
833.759,95.51564427709602
833.877,93.70362053792674
833.995,102.13835004551066
834.113,114.93931331932822
834.232,129.25889131176052
834.35,151.15336107908473
834.468,164.24696504554333
834.586,173.75182442325746
834.705,167.05928120356918
834.823,158.57885919600227
834.941,144.18415147414973
835.059,133.53836150121492
835.178,119.39127282698139
835.296,119.15500666357048
835.414,113.79406517548443
835.532,121.87468212895678
835.651,120.02889215602222
835.769,127.85150045148599
835.887,141.0767061495472
836.005,153.68632743202397
836.124,154.6336110521632
836.242,173.2925829839907
836.36,193.60350296776625
836.478,206.32567836279702
836.596,212.7993689093429
836.715,219.90769149052062
836.833,235.10432576000983
836.951,239.75550548404445
837.069,248.30105750245121
837.188,264.39985627410476
837.306,277.6441095912127
837.424,282.70827632823415
837.542,288.3767720695847
837.66,296.411501577169
837.779,306.3094345479568
837.897,303.492216003593
838.015,304.7511879354195
838.133,306.8136230707093
838.251,297.81718374712455
838.369,300.580051782847
838.487,293.6649977406476
838.606,293.16379651230096
838.724,287.4721190934783
838.842,287.9224330166468
838.96,285.80824477531297
839.078,292.3892946292173
839.196,291.49675140952866
839.315,303.4916540772857
839.433,297.68395934244563
839.551,291.0831910145321
839.669,283.9361023402982
839.787,284.66520414225477
839.905,282.7163838662892
840.023,281.5069575297176
840.142,278.97631907193403
840.26,270.9270658955358
840.378,256.51937116069615
840.496,249.93505304923312
840.614,245.4546310416661
840.732,243.30667656656658
840.85,243.36738010012516
840.968,248.17613558173576
841.087,247.65502093347646
841.205,244.04472879603992
841.323,243.45348427765114
841.441,256.5384302354528
841.559,265.938527708406
841.677,272.2806165233505
841.795,276.4625321781218
841.913,289.50765129609664
842.031,298.7016881629894
842.149,301.8879328220901
842.267,313.7140043210176
842.385,333.81453469440396
842.504,336.507272859998
842.622,343.01386383944487
842.74,342.78192668036365
842.858,350.06427523556806
842.976,348.81242465657346
843.094,345.20992472692944
843.212,346.3987667886272
843.33,342.9642322269483
843.448,331.9539400895118
843.566,331.1652929737203
843.684,324.29266317394604
843.802,327.14990350404196
843.92,316.41926504625917
844.038,330.71719801704774
844.156,336.5527933254985
844.274,347.80050984607055
844.392,362.79194931036557
844.51,373.8742978655697
844.628,376.87179793592554
844.746,381.6796876166709
844.864,366.0988327086715
844.982,355.6201423028366
845.1,330.04794540349513
845.218,309.17185240025765
845.336,275.8881836394445
845.454,244.43828111239782
845.572,204.60179849877122
845.69,181.63587865570747
845.808,160.4980973407823
845.926,151.66204762758866
846.044,143.70695029534747
846.162,152.5410304522837
846.28,140.7980543321636
846.398,136.68711284407806
846.516,114.30712373694497
846.634,99.38687488955202
846.752,85.40775158328466
846.87,74.9584984068874
846.988,64.78370410494901
847.106,64.6078330945681
847.224,52.650704767055956
847.342,54.32099503640264
847.46,48.83866692258185
847.578,37.33456026953637
847.696,33.21403529086861
847.814,30.380595937430513
847.932,26.13092042940351
848.05,24.752970611679544
848.168,27.92992263243991
848.285,39.319025180328154
848.403,45.56018155085512
848.521,53.543754595512745
848.639,69.2152371770845
848.757,80.72227364789859
848.875,86.36797286467026
848.993,100.05436472213445
849.111,110.20396004280207
849.229,118.1535553634697
849.347,122.52133250231938
849.465,136.01897977103908
849.582,147.7902201133519
849.7,154.31730461150892
849.818,156.45131551659222
849.936,168.80350823985728
850.054,167.8812420886635
850.172,171.0360322145258
850.29,178.88519463476055
850.408,190.50838302902127
850.525,198.16533765704827
850.643,199.61017107295424
850.761,202.60132483518055
850.879,207.60373400866234
850.997,200.42172759772853
851.115,207.91850906558253
851.233,216.11918663733266
851.35,222.96402005323876
851.468,227.62790108819243
851.586,237.75238818375223
851.704,258.14960255203914
851.822,280.8264705999798
851.94,302.6106979552799
852.057,340.00098591664073
852.175,374.5211440078716
852.293,411.1114319692326
852.411,445.9666549955287
852.529,487.86516806511474
852.647,528.1939841650036
852.764,567.5176054596977
852.882,585.3667678799329
853.0,609.7501294343672
853.118,616.7568676121779
853.236,622.3341685605513
853.353,622.8517292491845
853.471,620.3606319291594
853.589,611.4539501935499
853.707,601.5827662934382
853.824,579.4120152937593
853.942,562.3945110473269
854.06,532.6912925151803
854.178,502.156039350999
854.296,472.37663034266177
854.413,429.04830358540687
854.531,395.7165136246889
854.649,360.08515656440386
854.767,326.4494704997896
854.884,289.02763724902803
855.002,248.6923840848464
855.12,206.45323481676854
855.238,176.41321974782483
855.355,141.23294493862124
855.473,120.99119826794595
855.591,92.23419198630047
855.708,71.69572818700449
855.826,54.09401430220656
855.944,31.84943671139197
856.062,19.076100800230705
856.179,16.727206507587614
856.297,9.417978905696316
856.415,1.978675573432696
856.532,-9.89990421428378
856.65,-19.181896551120243
856.768,-21.34877533920032
856.886,-35.565976653118774
857.003,-32.65484122784821
857.121,-35.48287146249399
857.239,-40.22734798862511
857.356,-34.736772383434385
857.474,-32.54274201833812
857.592,-32.03107329313575
857.709,-25.584102021725343
857.827,-25.634992133805724
857.945,-19.35176615727549
858.062,-12.34084289919032
858.18,-4.415006498415248
858.298,7.1101808162870075
858.415,17.53734432274887
858.533,26.226569573842387
858.651,39.95888503437834
858.768,42.2039426205897
858.886,41.57488547241038
859.003,46.052282053455606
859.121,36.876475675861386
859.239,22.173220422618886
859.356,16.745817099133067
859.474,11.945768243552298
859.592,6.763273962271958
859.709,-1.9249963599856366
859.827,-3.032522018921595
859.944,-5.792500261405077
860.062,-8.967924956672732
860.18,-12.895053091692652
860.297,-6.368837060893437
860.415,-1.0465883113026724
860.532,0.5742520483591864
860.65,9.65899771823839
860.768,22.027519396981177
860.885,23.262567944379363
861.003,25.833545513518565
861.12,28.202314556795557
861.238,33.65678689556622
861.356,33.07930673916162
861.473,40.04914318563779
861.591,46.79002142106322
861.708,50.472507953243195
861.826,45.87721407492321
861.943,37.712862390893676
862.061,29.56557376717433
862.178,17.315543447274862
862.296,5.003910590529992
862.414,9.814179908249724
862.531,14.562264953762668
862.649,18.85837494163856
862.766,21.93153523578312
862.884,24.77764288326241
863.001,23.390077134921484
863.119,23.265766015078746
863.236,21.76450115396558
863.354,29.33470892520162
863.471,31.743289330947526
863.589,30.850507776796697
863.706,26.966019304744297
863.824,36.83910659026763
863.941,41.911328074925365
864.059,55.83549761153124
864.176,56.13839219496588
864.294,57.37639360143817
864.411,55.0861876389389
864.529,44.14906022487487
864.646,31.664091710358118
864.764,35.03136817676432
864.881,35.52254420629539
864.999,43.920669721806206
865.116,51.6206228872375
865.233,70.64464462339622
865.351,89.41223809423488
865.468,100.37875967733918
865.586,116.87168818685038
865.703,130.9273872591321
865.821,131.6688006171281
865.938,132.9946295595397
866.056,126.73344551493815
866.173,124.55537835345352
866.29,118.67428088893838
866.408,117.87543450667431
866.525,119.35277860060063
866.643,119.83445169885593
866.76,114.24080012178652
866.878,115.05667235424085
866.995,112.43012034427085
867.112,116.45897958971197
867.23,120.60472195203587
867.347,125.18076734466291
867.465,124.9091936896707
867.582,132.29043388749238
867.699,121.2647476783878
867.817,122.08061991084182
867.934,118.25666530346895
868.051,125.66647692986221
868.169,127.39317167313848
868.286,132.7519010484494
868.404,141.90197241510236
868.521,156.15074508045677
868.638,165.27051341680706
868.756,187.38768435055985
868.873,204.73169511115233
868.99,228.2774374734762
869.108,249.40672961934968
869.225,269.24251527171657
869.342,289.8029762487588
869.46,325.35997402233795
869.577,350.4728159517614
869.694,372.1380388335657
869.812,379.2586729707814
869.929,382.2312551599452
870.046,391.9787291240008
870.164,391.62317278502604
870.281,383.1793047577396
870.398,398.0384670334837
870.516,393.7270665386651
870.633,390.9247569529374
870.75,383.4497200944826
870.867,381.5876702490148
870.985,380.8632827412093
871.102,361.94409003859846
871.219,334.10801421910446
871.337,317.2139297416019
871.454,300.62893617318997
871.571,278.60238416321977
871.688,259.2044035818211
871.806,247.7198429138424
871.923,226.96601817659945
872.04,203.06154408870708
872.157,188.2263340700789
872.275,178.94610240642893
872.392,166.10916078606908
872.509,155.08434037783059
872.626,143.96168447175663
872.744,136.34898527563922
872.861,124.0306583738938
872.978,113.64220160201833
873.095,103.15417773057558
873.213,94.20987680285566
873.33,78.32358453314447
873.447,65.67971650585764
873.564,49.59515583787825
873.681,43.22055187985568
873.799,36.91811101493602
873.916,28.727157380877323
874.033,22.269780114157857
874.15,19.909655895472476
874.267,11.7922722647357
874.385,-0.8456385710018672
874.502,-7.461729830678774
874.619,0.8222982608235979
874.736,4.966153018135479
874.853,9.922902440455333
874.97,11.806163790020495
875.088,11.105948412906681
875.205,1.215509898704608
875.322,3.7681582808504013
875.439,6.2072292553600015
875.556,14.702437373198046
875.673,23.81448500816213
875.791,23.605019066839372
875.908,23.434550977694705
876.025,19.78259250449959
876.142,10.068859789651116
876.259,15.964275270537051
876.376,7.346735934916262
876.493,-1.121786006652746
876.61,-4.509392593921111
876.728,-4.235057310618645
876.845,-6.36793275288863
876.962,-6.895569777898229
877.079,-7.2263959954241255
877.196,-3.2561776179862747
877.313,-17.010299506096786
877.43,-18.7652617782329
877.547,-15.150662297936538
877.664,-6.912457592893181
877.781,-7.254339263125944
877.898,6.755889702445397
878.016,11.616333236596054
878.133,8.332143208934838
878.25,0.6428744100929924
878.367,0.5924589288075905
878.484,-5.495582824885778
878.601,-6.200711398465798
878.718,-5.670194305878125
878.835,-4.38378414221808
878.952,-6.732072100491388
879.069,-7.845761208811004
879.186,-8.955971261360117
879.303,-6.777132851970021
879.42,-8.340831785931764
879.537,-4.743954981144363
879.654,-2.5101479025581757
879.771,-17.43761465619045
879.888,-12.018206619522132
880.005,-15.819375630248128
880.122,-20.98263322567884
880.239,-27.507979405814293
880.356,-35.39541417065448
