wavelength_nm,intensity
792.446,475.685682038629
792.565,452.06992446287154
792.684,430.1853357182829
792.803,410.031915804863
792.922,391.6096647226115
793.041,365.1689720819189
793.16,344.8711365840835
793.279,338.87200238494927
793.398,350.2468941598412
793.518,349.30576861871566
793.637,361.3092318221788
793.756,392.6339071468539
793.875,431.73780325074983
793.994,455.64343095637753
794.113,464.9109634239099
794.232,455.7473270602735
794.351,428.85295476590136
794.47,388.41485952780624
794.589,360.6789287918756
794.708,344.72568203862875
794.827,341.53953485248155
794.946,328.73780325075006
795.066,328.99754351049035
795.185,319.2884526013993
795.304,310.24602835897525
795.423,316.01918853213533
795.542,316.5594482723951
795.661,298.43910195204865
795.78,297.35685086979754
795.899,284.7369374498842
796.018,276.5204872334341
796.137,267.0737339866808
796.256,254.56031407326105
796.375,261.80879892174585
796.494,257.55252186546886
796.613,242.7464612594082
796.732,249.0529547659017
796.851,235.155985068932
796.97,222.18628809923507
797.089,221.8330413459883
797.208,214.71875563170272
797.327,218.70750022044726
797.446,227.5862880992351
797.565,234.21226212520915
797.684,245.8087989217459
797.803,252.47027078321764
797.922,266.5966777096246
798.041,268.89278160572854
798.16,263.92308463603166
798.279,249.883257796205
798.398,241.67459978754704
798.517,225.69018420313148
798.636,221.7265478394949
798.755,238.4642101771571
798.874,256.74213225507907
798.993,260.28152619447286
799.112,277.80273831568496
799.231,282.3819590949057
799.35,274.45122316416985
799.469,262.5810932940401
799.588,252.84169935464615
799.707,247.45208896503578
799.826,246.81745693040375
799.945,246.0564179693648
800.064,255.2365045494514
800.183,270.94646125940807
800.302,283.3066344195812
800.421,284.090184203131
800.54,281.36897208191886
800.659,288.33001104295784
800.778,302.2209201338669
800.897,303.6797945927414
801.016,312.1758984888453
801.135,327.9836906966375
801.254,330.3464612594081
801.373,313.2010067139537
801.492,303.7984093113562
801.611,308.0261149390618
801.729,311.9707036836504
801.848,312.6356387485854
801.967,320.2953790083256
802.086,319.1975435104903
802.205,301.4382361511831
802.324,278.34040065334773
802.443,252.7499244628715
802.562,226.03390714685418
802.681,195.84256515551226
802.8,172.0503573633044
802.919,153.74568474988627
803.038,141.13872494049622
803.157,121.63509020299296
803.276,114.15590403155011
803.394,107.43265836669764
803.513,100.43543560729844
803.632,97.92088368094402
803.751,102.90957577146625
803.87,103.44891081018132
803.989,120.11515924845543
804.108,121.36485964183969
804.227,131.77177970726285
804.346,126.6744861284362
804.465,130.1442677307411
804.583,129.80462764196167
804.702,131.87435545164996
804.821,130.74055113023064
804.94,142.29609932805232
805.059,132.6868793845424
805.178,136.83710609631515
805.297,128.01585215305082
805.416,129.48331498906538
805.535,124.36530273068095
805.653,124.5475102265587
805.772,126.050916943878
805.891,124.76425450080406
806.01,120.07604129852231
806.129,133.76513103121044
806.248,155.6662127288779
806.367,183.39234776537234
806.485,207.84497205769543
806.604,244.02746647988852
806.723,276.5251124172326
806.842,288.3422388740571
806.961,293.4017895733057
807.08,287.2293056405195
807.198,274.18063123154286
807.317,246.63325552386488
807.436,224.1231092534165
807.555,213.93330930331453
807.674,201.82749203719507
807.793,196.38660983601085
807.912,208.7292774183764
808.03,221.46242119121834
808.149,242.30725327574845
808.268,260.73303774123093
808.387,289.0635841114754
808.506,313.7759486635381
808.624,327.27446040174766
808.743,332.68898945597425
808.862,324.6957263024088
808.981,310.50765795403834
809.1,297.3066025926805
809.219,277.9704822962577
809.337,262.49496806044095
809.456,256.06447546964563
809.575,246.37770582257326
809.694,237.16366344822788
809.812,227.04053016479168
809.931,247.8160981800567
810.05,266.87131987497514
810.169,281.3516497950018
810.288,305.338473221522
810.406,321.6889330116787
810.525,330.31558327802617
810.644,335.1846577867977
810.763,343.07710891894584
810.882,366.3470492285828
811.0,376.2334397546699
811.119,380.6851982461248
811.238,393.8953982960211
811.357,395.4068970472159
811.475,396.3755386555534
811.594,397.68011099982135
811.713,399.76130672071247
811.832,399.82345482255585
811.95,403.4501050889016
812.069,406.0100886885806
812.188,406.3666090847965
812.307,404.6841684420515
812.425,402.03203082960965
812.544,398.59201442928924
812.663,387.003946080917
812.782,373.94401626068355
812.9,364.60876176512534
813.019,356.86571506177495
813.138,355.1607635965196
813.257,359.8679333433855
813.375,362.2486961638442
813.494,362.10651526135916
813.613,364.0474512419908
813.731,356.3494261836613
813.85,354.36222363615434
813.969,352.3048912185178
814.088,372.58002633334894
814.206,392.8127372057558
814.325,407.0818117145261
814.444,420.8504533228636
814.562,434.7212594333655
814.681,441.7098144616164
814.8,449.75637814787603
814.918,452.96398079517485
815.037,467.62006829095833
815.156,470.891740202326
815.274,471.0136285639099
815.393,467.71820090817744
815.512,463.38814121781303
815.631,465.3922806616478
815.749,467.51416902323194
815.868,480.12004006879886
815.987,489.88262107107573
816.105,503.17766960582014
816.224,515.5896012574476
816.343,520.3227450302869
816.461,503.4203909676281
816.58,481.6167382036705
816.698,440.8243408509682
816.817,408.6821599484822
816.936,370.4923599983773
817.055,357.3025600482722
817.173,355.71102849643586
817.292,360.87101209611484
817.41,348.64744591224405
817.529,343.7424944469881
817.648,323.95182869601786
817.766,318.1758815597665
817.885,312.2709300945112
818.004,322.29238555566286
818.122,334.0601613631351
818.241,343.16300210567226
818.359,348.74636232872876
818.478,353.0137052357678
818.597,352.8838558237551
818.715,355.9070078402465
818.834,357.965822738103
818.953,359.73397110722374
819.071,357.8408013526189
819.19,347.6002503935325
819.308,352.256935599974
819.427,355.03146279775416
819.546,399.17102394678784
819.664,452.59530449260546
819.783,487.50062094013856
819.901,505.52279620999207
820.02,500.8630812676676
820.138,464.20917699293454
820.257,408.4461844177338
820.376,337.18642984362725
820.494,304.0832099801038
820.613,283.1929771295676
820.731,271.62135899764644
820.85,267.9198707358553
820.969,287.0642699199517
821.087,330.1800976754767
821.206,365.4145401496163
821.324,398.22127699605016
821.443,436.35442076889046
821.561,455.2174346716009
821.68,467.7064226002854
821.798,444.74086507442433
821.917,419.4367794100352
822.035,405.8036894166415
822.154,383.1931102457588
822.273,371.4751717675166
822.391,365.6039865360276
822.51,346.13020390194157
822.628,332.0088022202368
822.747,319.61813646926817
822.865,329.4698949607238
822.984,338.9398352703613
823.102,344.856528826752
823.221,367.6684604783804
823.339,371.212859662476
823.458,375.92176101107384
823.576,380.05836798737766
823.695,398.46250743121396
823.813,417.8510624594661
823.932,410.8136434617446
824.05,400.780553468352
824.169,393.25222537972104
824.287,369.93428690147937
824.406,363.70292850981787
824.524,368.2672411138274
824.643,377.3856662719495
824.761,380.08590961188986
824.88,379.0891832548606
824.998,376.71669932207396
825.117,360.62300326807525
825.235,351.94662323139255
825.354,351.2910224154891
825.472,358.16096272512686
825.591,361.4170502209118
825.709,371.00300784656656
825.828,376.79848928174476
825.946,368.9905075134596
826.064,364.52278548543393
826.183,373.5485699509143
826.301,380.09296913500924
826.42,380.61572329745894
826.538,380.41726533869627
826.657,386.6092835704097
826.775,379.67662647744754
826.894,363.8270862676021
827.012,359.18187506208557
827.13,357.393806713712
827.249,347.382361741962
827.367,324.25749685679216
827.486,309.6495150885054
827.604,296.59304847173405
827.723,276.6162355346162
827.841,258.522539480615
827.959,252.723215720986
828.078,260.73774477520976
828.196,278.64837772553733
828.315,285.4066297234839
828.433,309.22808518463376
828.552,315.56209475833805
828.67,305.60692684286477
828.788,286.02751650314895
828.907,261.55979447512124
829.025,214.14396298884031
829.143,175.8292927125396
829.262,133.5320011955693
829.38,100.66582043612618
829.499,63.56321438140306
829.617,45.60512007944341
829.735,44.575754181953236
829.854,54.1687543544857
829.972,54.05464168018062
830.091,80.71866473864526
830.209,99.1931016652774
830.327,115.54259963312067
830.446,126.48580595614419
830.564,156.8943624588287
830.682,184.85431628923308
830.801,205.481466405537
830.919,218.70648740583658
831.037,232.76354303817095
831.156,225.21453806444495
831.274,217.7122863374724
831.392,192.26284846331384
831.511,194.21947119521593
831.629,189.641894792919
831.747,185.75436168066568
831.866,200.2044909060749
831.984,211.36111363797772
832.102,232.8969571491014
832.221,242.2250084524327
832.339,236.73834114104537
832.457,241.79106776905184
832.576,233.19444374770737
832.694,226.96405349259663
832.812,231.012451116274
832.93,220.51019938930222
833.049,225.31444116882392
833.167,211.8693322989948
833.285,205.00604161098389
833.404,197.90638728660934
833.522,194.2430965985982
833.64,194.3486370794182
833.759,207.34508665114726
833.877,218.694782976123
833.995,232.43841869503814
834.113,247.02101545291413
834.232,270.0936555008334
834.35,286.3662955487529
834.468,297.419022176759
834.586,304.3037834367999
834.705,308.52187803017415
834.823,313.68369556727146
834.941,305.1926992515549
835.059,287.8272440613795
835.178,267.2669836763989
835.296,257.5794505641455
835.414,249.20273996271436
835.532,255.28750122275505
835.651,261.27615858669185
835.769,287.4189285047412
835.887,308.94784560893777
836.005,330.4819575183293
836.124,349.2792728909244
836.242,362.91381770074884
836.36,372.7431677053785
836.478,377.02879476628493
836.596,380.0624737752437
836.715,390.8346809227304
836.833,397.6700915334204
836.951,419.9254155640237
837.069,433.35303396692154
837.188,450.0923406815075
837.306,473.63251319695917
837.424,480.4116467513718
837.542,489.52151623652054
837.66,498.33181862210216
837.779,501.7585712241339
837.897,495.00956625040806
838.015,488.91337512949633
838.133,491.65354764494833
838.251,493.13397990065994
838.369,481.62913077109044
838.487,478.36410848134756
838.606,473.9822030747216
838.724,469.4626353304335
838.842,455.06774291082047
838.96,451.2286946470517
839.078,451.00609659973316
839.196,451.57397474289075
839.315,448.05354119773676
839.433,451.13916825864334
839.551,448.99449228924686
839.669,446.90522757526173
839.787,447.34063818595195
839.905,442.993364813958
840.023,440.4582126540856
840.142,430.6719782431309
840.26,409.70479145122397
840.378,403.54366526537785
840.496,397.3072144042068
840.614,387.3685990408713
840.732,375.7408061883582
840.85,372.5069527297841
840.968,367.98045857856926
841.087,370.3543973277874
841.205,371.9794183280877
841.323,395.5602834842324
841.441,413.8052179044465
841.559,419.1289402034486
841.677,427.70720795699617
841.795,445.7469475720157
841.913,459.7018387021868
842.031,482.722530698159
842.149,495.8670322179406
842.267,508.52668525287356
842.385,512.8945633960313
842.504,503.73170560845267
842.622,510.5584582104841
842.74,518.7185441458487
842.858,530.7262491288324
842.976,544.9434779213396
843.094,537.4446893978295
843.212,527.9155978440169
843.33,509.9267660304639
843.448,482.5647740437511
843.566,462.96382101807706
843.684,457.68148271101785
843.802,454.14286734768166
843.92,450.7488407289343
844.038,462.1963725517452
844.156,481.8542939849461
844.274,498.05593836186995
844.392,508.72598100719205
844.51,520.0765431330335
844.628,531.7734256051954
844.746,532.4088362158856
844.864,523.3940303763593
844.982,521.7402634978719
845.1,489.27870441159246
845.218,452.7392232473909
845.336,408.68805377150096
845.454,374.7433778021044
845.572,332.57965421366055
845.69,302.88519469448073
845.808,276.16389534846104
845.926,261.979392539238
846.044,234.77411050923564
846.162,227.57575488615964
846.28,210.20164168732612
846.398,205.84657610754036
846.516,190.20146723771146
846.634,175.568479580004
846.752,154.35280793961277
846.87,140.97782893991436
846.988,124.51800145536738
847.106,112.39175257590864
847.224,89.07450884204937
847.342,82.52828254102005
847.46,73.96956952757654
847.578,62.35674071858108
847.696,64.6268878084048
847.814,57.50398574253262
847.932,45.08095163731814
848.05,40.83098567137065
848.168,44.42837246343031
848.285,65.48395360520296
848.403,82.16974660122672
848.521,106.75105156849392
848.639,135.47739046520573
848.757,146.79801888787446
848.875,145.3008752324407
848.993,151.01238958566512
849.111,154.06329787828358
849.229,153.4103100670059
849.347,148.45342615183185
849.465,159.3017370418525
849.582,161.99766697949224
849.7,166.88407310760817
849.818,163.84926711451192
849.936,161.3581840651388
850.054,165.3207806694454
850.172,172.93099632137134
850.29,182.3663201984055
850.408,201.45532372911964
850.525,216.40666492217144
850.643,222.37532213253942
850.761,229.4729836719118
850.879,231.97151101214982
850.997,252.33583921818865
851.115,262.0014661255264
851.233,264.3138462796172
851.35,273.5976550051365
851.468,278.85808710727906
851.586,289.78085687175945
851.704,306.21271754533063
851.822,337.03592021024355
851.94,375.85565967169316
852.057,414.70483636257995
852.175,464.3773896768432
852.293,522.9806789218422
852.411,578.9675179503911
852.529,634.9604175850005
852.647,681.6009362672291
852.764,730.8682947762975
852.882,769.6378177875301
853.0,801.954526945949
853.118,826.8469936801253
853.236,842.5533132281539
853.353,851.8198059363554
853.471,843.9711471294052
853.589,821.80387360384
853.707,785.8417948834699
853.824,753.6052572886408
853.942,707.8094123345045
854.06,668.3607535275544
854.178,634.7467267552364
854.296,608.5058601560786
854.413,574.1169416088685
854.531,530.6864646201
854.649,486.79797897332264
854.767,443.8289738460259
854.884,387.35087780963823
855.002,338.75330125377013
855.12,290.27693681911427
855.238,247.41529099917688
855.355,212.63935946495377
855.473,177.31451018181275
855.591,155.73684704585793
855.708,124.31576685253765
855.826,94.20588244637868
855.944,69.4704973824823
856.062,52.00017443922819
856.179,30.532579725984018
856.297,24.44976455943187
856.415,13.37106689597868
856.532,10.251020309704899
856.65,-3.0455619561196414
856.768,-16.972197309522127
856.886,-29.791519595743658
857.003,-34.518071979706605
857.121,-48.21397787031327
857.239,-49.19177910111169
857.356,-43.80639945444217
857.474,-39.2589209104026
857.592,-37.0092316445386
857.709,-35.69782789129331
857.827,-26.181579883408993
857.945,-9.426465664004315
858.062,-1.3172677787518619
858.18,11.442326539933104
858.298,22.180209496191168
858.415,24.223768450185375
858.533,27.16056700264521
858.651,36.69408552089341
858.768,43.242790216848434
858.886,56.56833198915891
859.003,55.24932859070533
859.121,53.22902142891249
859.239,40.324832536244195
859.356,28.082069454879534
859.474,27.022452415691994
859.592,24.056363631436472
859.709,18.573013170550176
859.827,18.32476305946518
859.944,13.330960052357929
860.062,11.249101777351665
860.18,1.7520387026142963
860.297,3.3849391159571764
860.415,10.67768833319007
860.532,19.549399673312653
860.65,27.13520872463092
860.768,39.69362823042084
860.885,49.22911004590431
861.003,59.559705556371824
861.12,59.27299394089068
861.238,65.54039487952208
861.356,61.873596683954446
861.473,66.19640887799714
861.591,59.52701327983205
861.708,54.04350125115407
861.826,48.094031692998804
861.943,32.50507055103529
862.061,15.018600700804104
862.178,0.16122352550077057
862.296,-11.449263308271513
862.414,-3.2493713239348523
862.531,-3.5968091922103635
862.649,3.0706213774012068
862.766,20.055785936841307
862.884,23.17834613256121
863.001,22.849292897615435
863.119,20.64450182413727
863.236,28.19587304182312
863.354,39.90011163441211
863.471,34.2724251948915
863.589,31.69753503993762
863.706,40.937812841215106
863.824,42.10623818035637
863.941,41.3095800861648
864.059,40.64795878926448
864.176,42.14230562662749
864.294,41.378444110811
864.411,34.21012023298856
864.529,22.947424060793722
864.646,25.213732217603376
864.764,31.287832582205425
864.881,46.27275545762987
864.999,54.570232445608454
865.116,65.80710337298115
865.233,82.24137689775642
865.351,101.88950323638448
865.468,113.46663390401685
865.586,125.61172993961469
865.703,137.23474805313475
865.821,147.3330908419794
865.938,148.52407432346467
866.056,148.54795823785037
866.173,136.17876855916253
866.29,130.13425420515006
866.408,125.55034591174359
866.525,120.60539865729828
866.643,122.77820032060194
866.76,131.83065566355927
866.878,145.9766175000231
866.995,158.22041483432236
867.112,148.04429874870826
867.23,140.02835582326725
867.347,135.8946639800772
867.465,135.38348295939812
867.582,143.2151590815762
867.699,151.97583953275876
867.817,167.82136846878979
867.934,180.31278485070828
868.051,185.50203673046232
868.169,180.21076912969676
868.286,182.56971797914747
868.404,182.60918630911766
868.521,188.42354641397964
868.638,193.44223552317067
868.756,213.1094094808465
868.873,234.89433235627138
868.99,265.90349765593874
869.108,289.22608286902584
869.225,333.1114386448836
869.342,359.71887234281917
869.46,395.57565669010546
869.577,424.1060341109851
869.694,454.6822989777519
869.812,473.2031525891074
869.929,495.9361274125841
870.046,515.297673664632
870.164,529.0696095270695
870.281,530.8822380301995
870.398,537.8844769229399
870.516,536.7490534780185
870.633,537.0318118512786
870.75,530.7085096184783
870.867,524.5886705891412
870.985,508.81861510958737
871.102,471.02864621012
871.219,432.19365566563056
871.337,399.9881023505781
871.454,371.1383931913698
871.571,353.62461476809216
871.688,336.1541263881046
871.806,315.29489341937244
871.923,302.8287340437141
872.04,280.42231492779626
872.157,252.35355814954085
872.275,234.58610007258437
872.392,219.86366364064992
872.509,211.10313197062015
872.626,203.69757865556863
872.744,189.2902937387855
872.861,185.11244605143946
872.978,172.1060269355218
873.095,154.93077665077294
873.213,139.05942246992018
873.33,121.49715919815839
873.447,101.58857558007605
873.564,80.308563390565
873.681,55.447598820101646
873.799,35.53800632725391
873.916,16.12046037205058
874.033,2.7775977282104636
874.15,3.0979191191795126
874.267,-4.865807429650476
874.385,-7.353049284189525
874.502,-9.719106328306852
874.619,-14.225361681859122
874.736,-17.86064668593466
874.853,-14.524086513404736
874.97,-12.01794782991384
875.088,-2.7252414757813863
875.205,7.929113046602419
875.322,26.539163792093646
875.439,36.59263419445816
875.556,37.4413709968644
875.673,42.384584163396845
875.791,38.425956992905775
875.908,25.268236981497456
876.025,15.284669358783292
876.142,9.642208674473759
876.259,2.8007569260768523
876.376,-12.535408849784613
876.493,-26.002268723116075
876.61,-33.86058363595588
876.728,-38.448869152128935
876.845,-43.359372793228374
876.962,-46.52116697483031
877.079,-45.05994150767229
877.196,-44.89463735066755
877.313,-48.49001284629678
877.43,-52.41912211740622
877.547,-50.84672129952973
877.664,-41.95760158635083
877.781,-52.24232225198215
877.898,-51.101805575428706
878.016,-48.004023771793115
878.133,-40.23694769994899
878.25,-32.29264220204599
878.367,-31.77485598256896
878.484,-26.676176202089955
878.601,-29.359956662914808
878.718,-43.91465034669896
878.835,-47.16785170718081
878.952,-53.674095237798426
879.069,-52.205864516157874
879.186,-50.57118769256081
879.303,-55.33745110467315
879.42,-60.33148534324785
879.537,-56.89207122930185
879.654,-59.4116130175898
879.771,-57.82301632326521
879.888,-57.64771403101997
880.005,-57.513733028797674
880.122,-57.764511194565706
880.239,-58.40004852832413
880.356,-59.42034503007294
