wavelength_nm,intensity
792.446,123.8333122932271
792.565,127.64300926292421
792.684,128.24231662223167
792.803,125.63123437114949
792.922,119.80976250967753
793.041,101.64439454430953
793.16,88.2582473581623
793.279,76.4435287434437
793.398,66.75435125426625
793.518,64.70673220664719
793.637,73.16733826725326
793.756,85.34049844041343
793.875,104.09201359192855
793.994,120.59158069149558
794.113,125.9872516871666
794.232,126.62794432785927
794.351,120.18552008543509
794.47,106.63400493391995
794.589,86.25651575643076
794.708,74.8781607780758
794.827,62.50067160058666
794.946,50.8435287434438
795.066,39.7292430291581
795.185,44.742230042145046
795.304,53.285087185002155
795.423,57.29893999885489
795.542,59.326645626560506
795.661,60.172533072447976
795.78,58.223615323530325
795.899,52.90932960924462
796.018,47.09807419798926
796.137,46.97166727158231
796.256,41.781879761154215
796.375,42.247044386105316
796.494,35.69173786078133
796.613,28.850856586478024
796.732,26.413502946750512
796.851,22.522950264941876
796.97,24.472146144151388
797.089,16.053907387461994
797.208,18.508665084042175
797.327,32.59627997009765
797.446,42.98298317346308
797.565,57.266073377164886
797.684,69.00880216637731
797.803,65.81713518419687
797.922,62.14331759790205
798.041,45.01519246947355
798.16,40.899105419388526
798.279,34.38084830513533
798.398,27.75016432080887
798.517,33.3679689629611
798.636,34.451033556592506
798.755,32.466096597800274
798.874,32.546062052972246
798.993,29.878082998957737
799.112,36.101579411660715
799.231,34.825121282923305
799.35,31.51894791441576
799.469,42.65710089150342
799.588,40.93433719155324
799.707,42.17365226145522
799.826,30.624126539043083
799.945,22.655402288729885
800.064,29.732450802362784
800.183,32.79130541393721
800.302,31.192308252843443
800.421,43.024006347762565
800.54,45.06332478683967
800.659,46.972258914225634
800.778,46.56897730135586
800.897,49.026301749092234
801.016,47.008295268148764
801.135,49.62867679449263
801.254,46.59947191318404
801.373,49.31932454668751
801.492,48.296873578248636
801.611,57.14122904237054
801.729,65.9567773196188
801.848,75.71114650458725
801.967,70.66810683879785
802.086,70.29000223794357
802.205,62.37856430375601
802.324,47.40955041979949
802.443,26.081797034640957
802.562,12.976371890889517
802.681,2.5716803686154126
802.8,2.0565911500542025
802.919,-2.6399669080692867
803.038,-5.9619182560424555
803.157,-9.133628036079758
803.276,-12.677909083314882
803.394,-24.353270721974926
803.513,-29.652581898609156
803.632,-30.092729129557142
803.751,-30.994441198608932
803.87,-28.937819084128417
803.989,-25.35375410970219
804.108,-19.781605344160187
804.227,-14.450559318722235
804.346,-15.751962752858825
804.465,-9.100965119406336
804.583,-5.9143678288000086
804.702,-7.845287625796163
804.821,-12.5717776242085
804.94,-14.838710078023666
805.059,-17.18423190330803
805.178,-17.285996017366557
805.297,-19.89217084119479
805.416,-9.02269518497135
805.535,-1.9923837658413577
805.653,-3.442827090453404
805.772,-10.151184592173703
805.891,-14.918832699446664
806.01,-21.592023640519923
806.129,-14.390964128800983
806.248,-10.90089997509553
806.367,7.6761439663611855
806.485,24.08566623915053
806.604,30.869934394640136
806.723,39.281155675445284
806.842,45.40406530159464
806.961,53.195276686604515
807.08,54.93118709064504
807.198,53.50231835069674
807.317,47.84642578805234
807.436,43.74173280707582
807.555,37.14874156074917
807.674,34.06651000694972
807.793,34.9603575361554
807.912,42.10125891083896
808.03,47.42385292347647
808.149,59.20631894894059
808.268,67.52062197680951
808.387,76.80029297004603
808.506,91.55702024033869
808.624,93.32933192621581
808.743,94.4496955601447
808.862,94.83326265727709
808.981,91.65405919163877
809.1,82.56230161344635
809.219,75.5017128664229
809.337,63.40822368649908
809.456,61.54157433341535
809.575,49.380124199525085
809.694,45.33786304216119
809.812,39.10187640224363
809.931,37.51235990041866
810.05,39.50751731099277
810.169,48.41360385197582
810.288,57.98994783010261
810.406,62.48782509970738
810.525,58.96301317527778
810.644,61.28950648690355
810.763,63.022591727996044
810.882,75.57299298640451
811.0,86.69135961277843
811.119,90.45215048157658
811.238,95.17051710795053
811.357,89.29234693778784
811.475,79.12326767671617
811.594,79.11262997408602
811.713,81.66562863509213
811.832,89.5857268631977
811.95,90.61578180126006
812.069,83.98609647958193
812.188,84.16593496742749
812.307,85.26005916955886
812.425,85.19141280891961
812.544,85.92622965174357
812.663,85.99870883222991
812.782,93.94478108630939
812.9,93.01639446593003
813.019,95.20056195810484
813.138,101.93624460179478
813.257,112.58015235370985
813.375,119.04224192380678
813.494,116.20909339866571
813.613,115.80278470036444
813.731,114.9012379068251
813.85,111.07414998774443
813.969,101.18039540199717
814.088,96.54464947425853
814.206,98.43271307032933
814.325,100.60735675298025
814.444,97.86078831441884
814.562,104.29863546027293
814.681,110.57457784422225
814.8,115.9847193623707
814.918,115.3758132614716
815.037,112.74353053719587
815.156,115.35453785621017
815.274,110.18545859513786
815.393,99.9479810656672
815.512,101.16331738901025
815.631,97.6150173487169
815.749,99.88663072833697
815.868,110.57988912960195
815.987,111.7692514269705
816.105,112.66683883256403
816.224,117.05446952820066
816.343,114.9243513060884
816.461,107.9656616554048
816.58,95.74203693978647
816.698,93.5642996700559
816.817,89.39089140465445
816.936,80.54129266306239
817.055,70.69688872666501
817.173,72.69058002836272
817.292,69.87734492313388
817.41,64.23640419019941
817.529,67.21624267804425
817.648,70.74586471567261
817.766,79.7317638095779
817.885,86.7670135528339
818.004,80.82126657933466
818.122,79.26400515149332
818.241,72.46477287666109
818.359,73.99404050799329
818.478,75.46822758947114
818.597,84.00944271564134
818.715,101.87578656192017
818.834,120.88299690623782
818.953,144.23734906193877
819.071,189.5951644211031
819.19,261.0049278322156
819.308,342.255383884021
819.427,396.67467110465765
819.546,418.21949945083543
819.664,395.6162758489613
819.783,339.4563422903773
819.901,272.010694446079
820.02,201.72089075762483
820.138,156.11074074882438
820.257,126.72310156253468
820.376,100.10755849084795
820.494,74.01639720405024
820.613,58.61495546403894
820.731,54.549961529031314
820.85,58.16858177261226
820.969,62.88205704737087
821.087,65.58648190567914
821.206,74.9208132577008
821.324,80.58721669173796
821.443,79.98768214868224
821.561,82.68338570086448
821.68,83.25960873356595
821.798,79.1405936710291
821.917,77.68564787256139
822.035,70.74845099184243
822.154,68.9186134184828
822.273,72.2801178364652
822.391,66.0107381256143
822.51,67.19109646313446
822.628,60.88818024214311
822.747,59.465298781627475
822.865,60.532732677094145
822.984,62.18842644126161
823.102,65.11149499756685
823.221,67.46352238146365
823.339,66.24700329886473
823.458,67.29888248466423
823.576,64.58366210336428
823.695,66.97493522855783
823.813,64.44348124821244
823.932,60.079974268007035
824.05,51.21623760396464
824.169,45.74257381978541
824.287,41.79801186039897
824.406,42.52009060174672
824.524,45.721049326973315
824.643,57.03674547534365
824.761,65.94310485869354
824.88,65.98013510824292
824.998,69.1686428021381
825.117,65.24559934402437
825.235,56.421824005217374
825.354,57.20811057831277
825.472,50.993582355541754
825.591,55.1262116092903
825.709,59.18727846655808
825.828,64.4918038093914
825.946,77.16104039165434
826.064,80.87065600221851
826.183,79.22875646126752
826.301,77.05265778611744
826.42,68.58391841832685
826.538,64.8511097864671
826.657,60.81180764811393
826.775,59.91969165694697
826.894,61.55744579565013
827.012,62.52420426335764
827.13,60.08143892154127
827.249,52.796895089136896
827.367,48.291141534729235
827.486,40.846750728708315
827.604,30.85142596634494
827.723,27.602222646342184
827.841,32.28044004572722
827.959,36.20616677439649
828.078,41.863389000224345
828.196,45.67488222395467
828.315,54.68280391319483
828.433,58.425520133607264
828.552,59.60892899471227
828.67,62.94385300733241
828.788,64.72257134188962
828.907,46.25045498840993
829.025,30.80443639089649
829.143,14.384292616424576
829.262,0.48608309408856876
829.38,-9.603198685305728
829.499,-18.161507495141137
829.617,-22.019970837519583
829.735,-18.478353916779163
829.854,-30.297724709872206
829.972,-25.09143907534081
830.091,-17.878588921324663
830.209,-10.091003082247225
830.327,-2.959969919336009
830.446,9.213891409886177
830.564,19.81849154744797
830.682,35.078649908000884
830.801,38.16153556295664
830.919,51.118464471239335
831.037,59.833919041027215
831.156,57.656860448999176
831.274,48.734761273535774
831.392,40.582358178704
831.511,35.2523554642994
831.629,30.461799798230267
831.747,23.517443922814962
831.866,26.05244789353983
831.984,36.72508037776099
832.102,39.2169774210485
832.221,33.00959975377294
832.339,26.435137084843493
832.457,23.970726180030617
832.576,13.03884658988969
832.694,12.829402723443945
832.812,12.36705649896311
832.93,17.647066122668676
833.049,19.653179862094333
833.167,12.146629035807035
833.285,7.880196524309297
833.404,9.225784463553307
833.522,9.659245909362673
833.64,13.168655977689944
833.759,9.806129579251664
833.877,11.194306545107246
833.995,19.968307725632396
834.113,27.373827967664745
834.232,40.53689241926578
834.35,56.151019030971085
834.468,63.99596736270905
834.586,67.01686802976775
834.705,58.86965174998139
834.823,55.7656317173125
834.941,40.4959630156866
835.059,27.759198147373514
835.178,22.213461960245812
835.296,17.215091458650033
835.414,24.097423682194396
835.532,34.530968865922205
835.651,40.134665851567135
835.769,48.8812531399815
835.887,49.28176745406819
836.005,57.1185235182885
836.124,66.3093921366214
836.242,73.86822612291982
836.36,88.59156227372037
836.478,101.0343789440013
836.596,107.08412202120857
836.715,111.9208780854287
836.833,115.06066445267916
836.951,120.63075385023262
837.069,124.48655753350036
837.188,132.7804564548634
837.306,136.3531432550144
837.424,145.50418503352034
837.542,144.47946923626876
837.66,149.09631188057563
837.779,149.0309034426313
837.897,145.8979625371545
838.015,143.12952379617977
838.133,144.13424522836522
838.251,135.58745150903556
838.369,141.1003980494464
838.487,139.4566346331473
838.606,143.95399675797393
838.724,149.1509259823677
838.842,148.79634005524633
838.96,145.5664294528002
839.078,144.47331538715062
839.196,144.39491993621968
839.315,148.66890543766968
839.433,142.48574808197662
839.551,145.64717947087235
839.669,147.03631648747358
839.787,144.2358431144644
839.905,134.81199311807842
840.023,126.35784009138936
840.142,128.73658749760074
840.26,123.2547288432059
840.378,112.04732906326981
840.496,110.034734478139
840.614,101.88274595361399
840.732,101.80954530787689
840.85,96.92682085261586
840.968,97.58955094280947
841.087,108.34319012391225
841.205,120.43102843921415
841.323,128.749169784819
841.441,129.78073104384396
841.559,127.23133992191643
841.677,136.4594379774781
841.795,135.64164858715236
841.913,138.44377261674015
842.031,143.51169751212893
842.149,158.06533669323198
842.267,163.47178972714892
842.385,161.79512587794898
842.504,157.04660055688743
842.622,163.9595470972977
842.74,163.21361917883337
842.858,168.26595965863743
842.976,172.4499018700434
843.094,178.5178267654321
843.212,178.171898846968
843.33,181.6874427899757
843.448,176.2601295901262
843.566,175.64147439893483
843.684,172.38991877484295
843.802,176.30199951438763
843.92,172.7413529812053
844.038,175.31577138308808
844.156,181.10923740401847
844.274,188.7667726890183
844.392,190.26716389043355
844.51,191.49501115820266
844.628,191.5755075979429
844.746,198.26625892505672
844.864,195.61228678456587
844.982,199.60926217214137
845.1,189.5385703691684
845.218,174.81925899469496
845.336,154.88163107902386
845.454,137.36539363067516
845.572,121.30355692791386
845.69,103.29164446170424
845.808,90.55056152083257
845.926,84.32014747104569
846.044,71.65668688417271
846.162,63.21217504702294
846.28,50.54660311622503
846.398,42.291258935847885
846.516,37.255188191828545
846.634,21.5998861755564
846.752,19.49429943710582
846.87,11.948220639858325
846.988,10.88760534471638
847.106,3.6542582604787075
847.224,-7.410850484666496
847.342,-11.67187173028504
847.46,-15.11397624329677
847.578,-15.13099409338184
847.696,-10.897869151364183
847.814,-12.016512885449384
847.932,-12.052544739881608
848.05,-17.340194385931262
848.168,-17.875961846459052
848.285,-13.028331398361903
848.403,-10.45835581152133
848.521,-1.4985814077511077
848.639,2.9394238104633894
848.757,8.85962386818752
848.875,16.231546065334154
848.993,25.809964453949505
849.111,40.38803126692915
849.229,51.560265455629946
849.347,62.071094963895035
849.465,65.36097312570911
849.582,62.65467558450689
849.7,65.50855120347786
849.818,68.50441816444027
849.936,72.80851023362774
850.054,81.54030793052084
850.172,89.97946493477318
850.29,99.25152237192594
850.408,96.12011660561541
850.525,94.13936018995415
850.643,99.43912325481227
850.761,103.89386467464873
850.879,109.30791345379248
850.997,115.800750111724
851.115,120.678002354071
851.233,121.56477840594181
851.35,123.03250683876502
851.468,122.5322699036228
851.586,128.80779054423806
851.704,139.62963153117354
851.822,151.9224681891048
851.94,166.1858676175986
852.057,187.8440722408978
852.175,211.2823634442836
852.293,249.0565853836003
852.411,276.1641406562503
852.529,304.4786223358267
852.647,328.7524113747103
852.764,345.5993605867542
852.882,353.28873404122214
853.0,362.9910945086771
853.118,359.84497012764723
853.236,365.8823955301672
853.353,367.4289118417779
853.471,363.9676359455964
853.589,360.4379617810167
853.707,355.77928328743286
853.824,340.75956583281004
853.942,327.2887661271052
854.06,315.402382005816
854.178,304.8900238585527
854.296,289.6711722047959
854.413,268.304268602987
854.531,249.2126896765028
854.649,226.26310209200986
854.767,191.52217251617495
854.884,161.97431653341363
855.002,137.85070297489466
855.12,108.78596387525003
855.238,88.14893040331091
855.355,73.63830385777861
855.473,61.59662915295545
855.591,54.19559408861926
855.708,39.48720670761388
855.826,27.709409766656076
855.944,12.772994228796364
856.062,-1.547002193463923
856.179,-8.03699204973929
856.297,-17.396354880317034
856.415,-20.14686307897079
856.532,-16.154443214722072
856.65,-16.875735028050283
856.768,-12.10972131003875
856.886,-18.770394264608626
857.003,-21.738654622530177
857.121,-26.568884231259702
857.239,-34.152365903584425
857.356,-28.95799284996467
857.474,-27.632637279513776
857.592,-26.366350166477922
857.709,-21.09648624822976
857.827,-16.469050902053745
857.945,-8.581545828313116
858.062,-11.514521744597435
858.18,-4.87983089686897
858.298,0.4282729550123796
858.415,-0.42065381555220505
858.533,-9.130370069512711
858.651,-7.352220975317036
858.768,-3.7668691845099964
858.886,3.7512495377393367
859.003,1.0319822155090757
859.121,2.116450341180446
859.239,-1.0280973214512734
859.356,2.574437662271661
859.474,-6.168153005756946
859.592,-5.615324497347775
859.709,-6.868676910017604
859.827,2.4658648695725813
859.944,-1.1468818320525695
860.062,-4.662876063204005
860.18,-5.715051466354124
860.297,-2.0248154135191645
860.415,-4.1789981175458975
860.532,-5.611760641032502
860.65,-4.573879365682405
860.768,-4.174285958120988
860.885,2.2197614053690904
861.003,6.029962820370461
861.12,6.978523958083478
861.238,18.018057036819297
861.356,27.30447926864641
861.473,33.57887545035735
861.591,38.807385770603965
861.708,30.766293164252858
861.826,33.59775837308324
861.943,24.754007115688204
862.061,13.660120457960943
862.178,12.252608047422857
862.296,7.64170254252638
862.414,12.972853668278349
862.531,18.130947081936508
862.649,11.522185297264288
862.766,12.540788219302486
862.884,8.548099342584907
863.001,3.714076907533898
863.119,-0.14820300866099245
863.236,-4.06124121297681
863.354,-1.1326392622806358
863.471,7.0755221970118045
863.589,5.926973689054419
863.706,7.488423293311682
863.824,17.787609071052934
863.941,32.99018597512976
864.059,39.36007001623558
864.176,39.323987878334954
864.294,36.08765972835921
864.411,36.69990735582411
864.529,21.183600358076603
864.646,11.367541213023191
864.764,15.120014419387239
864.881,16.82178419698228
864.999,18.054049322779907
865.116,25.096863984538196
865.233,39.84849795919713
865.351,54.73338382939379
865.468,64.92736504017671
865.586,77.35497671804985
865.703,79.08508156170944
865.821,75.36490986015252
865.938,78.50274681660422
866.056,79.90984784232006
866.173,75.11954627063332
866.29,65.52751309721484
866.408,68.32335871167517
866.525,66.57115237808372
866.643,67.16959539514161
866.76,74.93773538189654
866.878,84.35522601800199
866.995,82.2861365675274
867.112,79.53306443307022
867.23,75.86743818605888
867.347,69.86847860571424
867.465,64.56215971801045
867.582,72.42207459654041
867.699,71.74605873913978
867.817,70.66571387741004
867.934,65.71264174295291
868.051,72.51541376433991
868.169,73.71731998486098
868.286,79.33913962529547
868.404,89.52113242590315
868.521,101.8364585598442
868.638,105.57429551629625
868.756,113.44460000521582
868.873,117.80754518677601
868.99,130.07178906963503
869.108,136.72391174037278
869.225,157.64183527691137
869.342,172.89049474418573
869.46,193.3633966357025
869.577,209.2215799125005
869.694,220.76807487761016
869.812,224.59508932323925
869.929,227.524268271033
870.046,229.2872134525929
870.164,235.86834045233456
870.281,238.29622069882925
870.398,249.31717453839758
870.516,253.8827171225546
870.633,255.45085710930906
870.75,246.00601008307638
870.867,233.41397690965752
870.985,224.463502177797
871.102,221.3961443290534
871.219,211.07510682663008
871.337,205.85277062290805
871.454,198.2477504365021
871.571,185.4938125011784
871.688,169.54333776931784
871.806,159.37035221494642
871.923,147.56533202854044
872.04,150.41745469927727
872.157,137.34663364707046
872.275,131.63511995417102
872.392,120.34005647772184
872.509,104.98871594499565
872.626,98.04257021746412
872.744,94.65053704404507
872.861,87.18491079703296
872.978,82.33140576214181
873.095,69.93244618179608
873.213,63.02612729409101
873.33,48.875652562229995
873.447,41.14768865287975
873.564,37.334876258681106
873.681,33.64500758742636
873.799,35.27461943565234
873.916,26.327893319403316
874.033,29.732492079903842
874.15,30.05480013217805
874.267,18.844091568611972
874.385,12.609699778143472
874.502,7.5418051943884805
874.619,1.984354200188256
874.736,-1.695234609195989
874.853,-10.690926652045597
874.97,1.0704938436618403
875.088,7.377186399467161
875.205,9.287710844210185
875.322,12.511453030096918
875.439,13.578733313445037
875.556,12.310097769996764
875.673,3.4152994532045513
875.791,3.4743686884104736
875.908,11.172707797859758
876.025,13.014525171020868
876.142,19.336831591441065
876.259,22.695566702173892
876.376,16.10765386628907
876.493,8.334221174786364
876.61,1.766743554096241
876.728,5.831445190427266
876.845,13.072739835794307
876.962,17.646401149377276
877.079,25.609708483998133
877.196,29.57574513006639
877.313,16.730617109631396
877.43,8.927184180632928
877.547,0.9597778516439881
877.664,-1.1962768518641909
877.781,5.796685160240685
877.898,11.507692751238825
878.016,15.243596771831609
878.133,12.476460059388844
878.25,4.2088722322661685
878.367,2.9657053939769455
878.484,-4.921350847417194
878.601,-2.4431250011445584
878.718,7.387455296901203
878.835,10.415050884212466
878.952,14.866830840872908
879.069,14.789315974130389
879.186,10.847322501597924
879.303,5.773980496785926
879.42,0.7596131832596491
879.537,-4.10987077172276
879.654,-0.3200980258512538
879.771,-1.616827268703787
879.888,3.670070351969796
880.005,0.8697183373844304
880.122,-4.693910000713261
880.239,-13.020814662323298
880.356,-24.110995647445655
