wavelength_nm,intensity
792.446,228.75625550198095
792.565,219.13867974440518
792.684,207.85660182232726
792.803,194.91002173574716
792.922,180.29893948466474
793.041,150.33790052362585
793.16,131.57599576172112
793.279,127.17166675739213
793.398,126.64093082665622
793.518,137.80283558856098
793.637,150.36387454959987
793.756,168.2426624283877
793.875,201.12145030717554
793.994,216.188982774708
794.113,218.9855195712448
794.232,215.57253255825785
794.351,202.54136372708905
794.47,179.37945896518426
794.589,147.68681827254352
794.708,124.2513204370457
794.827,121.73530312102835
794.946,115.00023818596344
795.066,119.6781602638855
795.185,130.70153688726217
795.304,138.84699143271672
795.423,139.44699143271671
795.542,128.8426624283877
795.661,110.74482693055222
795.78,103.82707801280331
795.899,98.42967541540068
796.018,96.167337753063
796.137,95.39937238509772
796.256,92.11971870544409
796.375,98.87556286128823
796.494,92.88595247167785
796.613,82.55088753661289
796.732,81.93703472276002
796.851,82.83660182232708
796.97,72.59331177903711
797.089,64.26777065349607
797.208,67.94915593488136
797.327,82.87123385695932
797.446,87.77686156258702
797.565,96.66344164916705
797.684,103.9361689218943
797.803,117.96041134613674
797.922,116.8495888353142
798.041,113.21322519895055
798.16,116.00283558856091
798.279,105.6989394846648
798.398,99.37512996085525
798.517,98.69287887860418
798.636,95.82707801280336
798.755,101.99244597817135
798.874,104.21928580501117
798.993,116.05305203877745
799.112,117.59504338076883
799.231,111.70846329418877
799.35,115.04439403011952
799.469,110.88248926821475
799.588,107.15521654094202
799.707,94.67989186561738
799.826,94.985519571245
799.945,99.67556286128826
800.064,96.01755420327962
800.183,105.01755420327962
800.302,111.57512996085539
800.421,114.03746762319307
800.54,118.15088753661297
800.659,124.31712130284669
800.778,133.86257584830113
800.897,143.47296545869068
801.016,150.42361480934
801.135,158.98811697384218
801.254,156.92491351063882
801.373,147.16906935479471
801.492,137.9067316924571
801.611,136.70240268812802
801.729,136.37599576172107
801.848,140.39677498250023
801.967,145.68075766648292
802.086,145.8443940301193
802.205,135.29634208206738
802.324,118.7560823418077
802.443,95.6640167663416
802.562,73.02755623541427
802.681,61.860528557377926
802.8,43.90117603907832
802.919,36.37228272238984
803.038,31.207092965284694
803.157,29.563588394209443
803.276,28.5187968615474
803.394,19.381280264553496
803.513,10.00143841972874
803.632,-0.9875545644463948
803.751,-19.73227127583244
803.87,-18.82313839728128
803.989,-19.683096596980945
804.108,-12.793339425978296
804.227,-1.7021780793031374
804.346,6.861603245970732
804.465,19.160449653204342
804.583,22.659949457181895
804.702,25.256647903069094
804.821,30.24092007273005
804.94,21.81828274931513
805.059,14.59012081087638
805.178,8.457817624590907
805.297,4.003739598500774
805.416,8.01214669956741
805.535,14.13655143864443
805.653,15.086934764037824
805.772,22.944510517847007
805.891,27.52529136516049
806.01,32.74549290387756
806.129,49.255277406729
806.248,63.30096635640207
806.367,84.52662785354588
806.485,102.36397429087597
806.604,118.99242730510889
806.723,137.48668118514274
806.842,147.7263896106311
806.961,152.15484262486405
807.08,158.6205250763265
807.198,156.8134802550619
807.317,148.31985534721736
807.436,136.6288278419703
807.555,123.47719427611723
807.674,108.3489373336408
807.793,110.85790982839364
807.912,108.70800786427199
808.03,127.20312754517192
808.149,160.48612601395067
808.268,189.25310716671214
808.387,222.2451965445818
808.506,241.16196124712692
808.624,245.55924543019162
808.743,245.6777417344684
808.862,228.76593500844223
808.981,211.89568672397456
809.1,189.29643411050262
809.219,169.9248871247365
809.337,153.18710637273654
809.456,142.61123038264154
809.575,141.49336305055527
809.694,137.64735719033052
809.812,143.51217384092826
809.931,145.2185489330846
810.05,145.46691536723228
810.169,158.59320387930194
810.288,168.14286901474824
810.406,185.0466467043071
810.525,191.2898183332601
810.644,185.21957004879312
810.763,191.6999711149756
810.882,190.18556698635302
811.0,190.51791610448356
811.119,207.5039448762937
811.238,209.9436533017835
811.357,225.9461322900438
811.475,221.31224764194042
811.594,222.6471941626681
811.713,239.30508440633946
811.832,243.77596166299776
811.95,253.61047528329226
812.069,261.2406598992578
812.188,251.49162373600268
812.307,253.1919382220982
812.425,246.6896553055962
812.544,235.0981948999168
812.663,245.64786003536284
812.782,250.53951651280016
812.9,266.94286130192563
813.019,275.03018877503393
813.138,286.1590746897006
813.257,301.17194328834995
813.375,307.83935734154454
813.494,298.66261555058327
813.613,305.1542720280201
813.731,299.8069674664957
813.85,296.0717841170923
813.969,291.414522845611
814.088,292.22046503733316
814.206,300.08614748879563
814.325,307.95529314372135
814.444,310.8001963744046
814.562,322.72475328474155
814.681,322.4986608444291
814.8,324.0994082309563
814.918,323.4049175222454
815.037,314.8160545191623
815.156,315.9752434641314
815.274,320.7569432316112
815.393,314.5680802285284
815.512,317.72986657609493
815.631,314.1314797634885
815.749,320.4352574530466
815.868,329.6663078698774
815.987,333.3960595854095
816.105,340.8253784005087
816.224,346.1888963498071
816.343,338.5861805328716
816.461,316.3825989150703
816.58,297.7703592886112
816.698,281.48106338509615
816.817,269.1285640183777
816.936,250.06610794170263
817.055,238.28417134554704
817.173,224.98275422991094
817.292,222.74454057747806
817.41,206.92624034495844
817.529,207.3062085107071
817.648,204.84461823489738
817.766,210.09731367337312
817.885,214.8287969906365
818.004,221.40789935551874
818.122,222.5367852701844
818.241,236.1176192367979
818.359,238.89325839821657
818.478,240.65764214837995
818.597,244.69914473735946
818.715,237.58919250019005
818.834,249.72878524540374
818.953,259.5181808412699
819.071,343.5423105254498
819.19,445.0791754430022
819.308,548.3805237350464
819.427,635.2645344264702
819.546,670.8052682648959
819.664,642.3084453032659
819.783,562.9092463915258
819.901,449.37178353718343
820.02,383.7395756796715
820.138,315.09967594031605
820.257,262.47398488934516
820.376,230.3972966575931
820.494,207.31256946592418
820.613,197.10139813616377
820.731,181.73071695126126
820.85,178.84142104774395
820.969,178.75472254682393
821.087,196.4307946086745
821.206,212.054052817711
821.324,235.2946270440636
821.443,259.8105259457408
821.561,277.01819973919277
821.68,277.7921072988784
821.798,263.62315771570684
821.917,246.0585371368644
822.035,236.20993387403934
822.154,220.32323537311916
822.273,216.02008665574877
822.391,208.47797689941723
822.51,206.15664636386487
822.628,192.8379132309098
822.747,196.3667991455738
822.865,198.8783690429217
822.984,205.68431123464188
823.102,209.94220147831024
823.221,215.40355492544188
823.339,216.34023304789832
823.458,225.13838303182672
823.576,224.2871823664047
823.695,239.77710724210837
823.813,239.14062519140515
823.932,242.18206521862407
824.05,233.06766108999892
824.169,225.51949072760758
824.287,212.43452382841969
824.406,208.47336645304125
824.524,208.94078050623432
824.643,214.69217724341013
824.761,216.38296791997993
824.88,212.69713521992645
824.998,212.39225490082544
825.117,217.01811051246037
825.235,211.04829512842417
825.354,218.68627195218016
825.472,226.32338297507016
825.591,227.33278837025432
825.709,234.80626302950782
825.828,233.95765976668338
825.946,234.52550672030912
826.064,228.06824544882653
826.183,222.94518331154308
826.301,217.27320342534193
826.42,211.0531715910888
826.538,207.63660296029906
826.657,216.45986116933636
826.775,221.18441807967253
826.894,222.65702693806077
827.012,216.17379164060492
827.13,218.0238896764823
827.249,206.89043792880977
827.367,192.63317665732765
827.486,180.1880365979667
827.604,172.62774502345405
827.723,172.55836253985046
827.841,175.05521382248065
827.959,177.09838545143117
828.078,188.918180457005
828.196,198.68949061409413
828.315,204.05041116079377
828.433,218.56111525727704
828.552,222.96013104207185
828.67,225.26737193509177
828.788,216.9460413995402
828.907,193.55025198952973
829.025,172.79428941934606
829.143,144.16817271514645
829.262,109.11795080116562
829.38,81.57395001417026
829.499,57.777299975384786
829.617,37.91066680354814
829.735,31.812194235217383
829.854,25.063000088405886
829.972,33.848549673248144
830.091,49.16652926584192
830.209,63.8057720878827
830.327,86.40268441771713
830.446,112.02453506249148
830.564,137.34599704203148
830.682,162.55833003862114
830.801,173.49902419365276
830.919,179.7687226776888
831.037,180.5656938889977
831.156,170.01461315225484
831.274,163.3726233246028
831.392,146.8466508129683
831.511,145.11634929700477
831.629,142.08215167714522
831.747,134.82977223910387
831.866,138.08128890495863
831.984,142.40899604700382
832.102,139.32458197692765
832.221,131.29557916226267
832.339,116.73843781945929
832.457,124.33281162817094
832.576,122.1912547009519
832.694,119.34580166983679
832.812,131.24407158244472
832.93,134.1897249478615
833.049,123.87521791616763
833.167,109.49089486172537
833.285,98.99252085071032
833.404,102.1194634592933
833.522,104.7029178818661
833.64,113.96893723407118
833.759,122.10639792076739
833.877,129.95271392174416
833.995,132.52197364566445
834.113,144.47131994967128
834.232,159.99988703289876
834.35,169.97434156201354
834.468,191.3427354850677
834.586,206.56134585833814
834.705,208.19813804979032
834.823,202.9873111936233
834.941,185.15916832014017
835.059,168.37864449427605
835.178,157.0310211013122
835.296,135.0418392667901
835.414,136.28815526776586
835.532,141.44096477523516
835.651,142.12277861170878
835.769,142.99593443952443
835.887,151.5262331244829
836.005,168.56389111680056
836.124,183.33488244245154
836.242,198.47470493693373
836.36,222.31842353531192
836.478,235.07642784797588
836.596,238.65607718228478
836.715,247.1283672092342
836.833,257.4370208725471
836.951,275.02099921118463
837.069,278.99891694376157
837.188,293.1318130313169
837.306,304.62055327471637
837.424,314.5040987129214
837.542,316.058639822122
837.66,328.17768309582476
837.779,337.36858784138894
837.897,340.5915272189876
838.015,338.89065707277655
838.133,339.8062371430155
838.251,336.0975747890121
838.369,339.7127219588184
838.487,325.99107259182836
838.606,323.983708939124
838.724,315.6438777539523
838.842,312.43218509691906
838.96,312.7832630026563
839.078,315.6797954538482
839.196,320.72264825136057
839.315,330.47112875450074
839.433,325.6611676991994
839.551,325.6338906265821
839.669,317.940812688164
839.787,318.62002912204036
839.905,314.4862585429298
840.023,311.25032346165483
840.142,305.5979381639296
840.26,301.31438403503546
840.378,296.04381691912835
840.496,293.3966264265979
840.614,288.37281255744404
840.732,283.650297389589
840.85,279.31479520874694
840.968,276.5810246296365
841.087,276.50179950507146
841.205,278.72127567920785
841.323,289.26802458061707
841.441,295.1948600621129
841.559,304.6281890501025
841.677,310.8996132761873
841.795,316.99527992651474
841.913,327.5091283950238
842.031,338.1926738332299
842.149,349.9671283623452
842.267,365.7727517226293
842.385,377.00521490975336
842.504,387.2575915167909
842.622,395.93940535326567
842.74,395.89740966593104
842.858,402.6026001257824
842.976,396.9372278150711
843.094,397.3298641623685
843.212,391.031591418757
843.33,383.68483382666057
843.448,378.69478619127415
843.566,378.23460868575773
843.684,372.95971256552275
843.802,378.4155523760235
843.92,374.39520171033394
844.038,373.34195061174387
844.156,379.4038510283053
844.274,381.4527644318795
844.392,394.42635316012894
844.51,400.4977773862138
844.628,402.95448299758004
844.746,402.06313666089454
844.864,390.8323963848154
844.982,373.6198379269184
845.1,362.4505695123116
845.218,343.08822750463105
845.336,317.5579201289851
845.454,289.1964439221701
845.572,259.49124477163224
845.69,230.008556443605
845.808,205.02197201168178
845.926,189.40595035032135
846.044,182.77521007424235
846.162,176.1167641704577
846.28,164.7578853662402
846.398,152.18861695163315
846.516,137.94056065823833
846.634,117.1228073951466
846.752,106.13275975976073
846.87,88.72414083561696
846.988,86.86037030311272
847.106,76.41371181589912
847.224,66.52755910704366
847.342,48.8157803711871
847.46,43.77437768357015
847.578,26.145432579086766
847.696,26.783418337035123
847.814,17.728442407697656
847.932,25.245926460833214
848.05,27.568745572709407
848.168,40.03838825276525
848.285,44.41897807831313
848.403,54.820025479063005
848.521,56.96111105395758
848.639,75.7196752293323
848.757,88.99238793792713
848.875,99.12597193809944
848.993,116.21987265438129
849.111,138.9448827346211
849.229,147.82972227541757
849.347,144.20893411058614
849.465,143.75784291545173
849.582,152.14311535668088
849.7,159.96648303600523
849.818,166.00716673264577
849.936,177.1378937193296
850.054,193.78983282722544
850.172,204.23397972732894
850.29,201.68678463609024
850.408,210.9499791552411
850.525,213.79845505967336
850.643,219.0538573710321
850.761,221.52051509364625
850.879,229.40189143097896
850.997,232.38456646961023
851.115,235.59754453854447
851.233,238.34212433908044
851.35,242.23735349026583
851.468,242.73864324751202
851.586,251.037335602161
851.704,269.23386345464553
851.822,302.2235817443145
851.94,319.366588716618
852.057,349.9935200928177
852.175,377.8076222357453
852.293,439.1409282867603
852.411,500.55101400343824
852.529,548.056927004827
852.647,596.5495763818353
852.764,637.2852391907406
852.882,650.7885945893836
853.0,661.3908090664428
853.118,662.1125440048032
853.236,691.7108034590192
853.353,693.2441278483001
853.471,681.900395960525
853.589,666.0943264104124
853.707,645.7081702802134
853.824,615.8276418556424
853.942,584.1150787990368
854.06,554.2354161753317
854.178,527.5150609109338
854.296,494.16786581969615
854.413,466.65357116135885
854.531,431.04663581038085
854.649,394.72801214771465
854.767,352.1894750651351
854.884,305.02063495225264
855.002,267.1626173501928
855.12,221.1790586225918
855.238,188.63099773048884
855.355,162.2483048037538
855.473,130.02751663892354
855.591,102.60499687236164
855.708,75.6048583035476
855.826,47.45315661107328
855.944,29.374896860108272
856.062,10.951343444499162
856.179,7.698018491855684
856.297,7.6612072472680275
856.415,4.536250493222614
856.532,4.870546538931827
856.65,-5.898801538939317
856.768,-18.62858325065715
856.886,-30.96377743297961
857.003,-35.78868414867238
857.121,-37.903468041016104
857.239,-33.53957030089781
857.356,-34.487849762687034
857.474,-32.37773355357483
857.592,-39.76665267701989
857.709,-34.16089948335709
857.827,-28.055205906851707
857.945,-19.28925168318753
858.062,-2.756996365947099
858.18,10.59006384047114
858.298,21.061317750548326
858.415,26.24265691184295
858.533,31.06990850869151
858.651,40.42977687216839
858.768,36.8591259628364
858.886,37.936456130681435
859.003,41.298634783374794
859.121,35.8300115441018
859.239,34.79693011448025
859.356,27.548161212565212
859.474,25.624309936209958
859.592,16.93183914461998
859.709,5.015421437798722
859.827,0.024464961106798633
859.944,-6.4908006690223266
860.062,-12.87926673928958
860.18,-13.027360916488258
860.297,-7.407362030103511
860.415,2.033095749491049
860.532,2.952526686323106
860.65,5.562782477171819
860.768,7.219196525227399
860.885,9.661461401577409
861.003,11.064332103555671
861.12,17.299123931134673
861.238,35.968679410527166
861.356,43.137489384449296
861.473,45.816980607061176
861.591,45.67930010093363
861.708,38.07236959810168
861.826,31.434940562038257
861.943,21.792543957158863
862.061,12.46653419760764
862.178,13.875636205385769
862.296,3.2492860240764387
862.414,9.112049231212158
862.531,5.650677124638248
862.649,3.790312591803703
862.766,17.271406358051614
862.884,16.12989714269421
863.001,15.217016830707827
863.119,21.610711263907476
863.236,20.2599454809571
863.354,23.847392448364758
863.471,17.76814254019781
863.589,25.61856686593167
863.706,36.10350857665978
863.824,33.1271590653284
863.941,42.40528447045744
864.059,53.8008892717274
864.176,53.46226632077746
864.294,51.887279733464
864.411,52.34952258337987
864.529,54.76934119087165
864.646,52.33980914901277
864.764,45.635818232695
864.881,50.06948965403966
864.999,54.120477092700526
865.116,60.42168098157798
865.233,71.21379396136462
865.351,83.38859092383515
865.468,98.04910217201994
865.586,116.6316913422825
865.703,128.9510770493414
865.821,138.44102552696305
865.938,143.78119045480122
866.056,141.30836836965233
866.173,131.72212637108353
866.29,122.73934757597786
866.408,123.31933934364285
866.525,129.41534842732534
866.643,130.34425794390847
866.76,128.1917821791064
866.878,130.30424147923958
866.995,121.87557523824708
867.112,116.6443115946571
867.23,113.17668431470314
867.347,117.54888387457589
867.465,125.95484966821485
867.582,131.87423537527383
867.699,129.74340463211647
867.817,132.87144834783373
867.934,131.51810678216586
868.051,141.56130201303495
868.169,145.92224616165288
868.286,154.28145870853928
868.404,167.50733792209235
868.521,176.71763272006098
868.638,179.6110444011465
868.756,194.54601452379035
868.873,209.94678551223515
868.99,236.23240498552838
869.108,259.7647777055748
869.225,284.57074349921425
869.342,310.96891708506155
869.46,343.36795647177473
869.577,370.99210408359636
869.694,393.4153858945523
869.812,403.35987982672054
869.929,412.7762352307503
870.046,431.75103219322153
870.164,434.1396819695457
870.281,431.58720620474423
870.398,438.7940377992501
870.516,440.5974061902927
870.633,421.82415120471205
870.75,403.92189189012703
870.867,389.0179009738104
870.985,387.82732997091364
871.102,360.0341615654196
871.219,335.53276805170054
871.337,322.7915476981546
871.454,311.83474292902423
871.571,286.52209400404985
871.688,268.54883901846927
871.806,253.01627667358125
871.923,245.1893420343209
872.04,224.6446584773117
872.157,201.1008407211683
872.275,189.3752047832065
872.392,180.2495688452446
872.509,165.39579437914415
872.626,157.2675610385849
872.744,152.3324012910994
872.861,145.50113764751023
872.978,131.2464973805447
873.095,118.37973590145809
873.213,106.84630775570464
873.33,91.05400515107664
873.447,73.13702722177314
873.564,61.88671595913623
873.681,49.90047396056857
873.799,32.111865265025386
873.916,19.796695839327384
874.033,18.244734323968114
874.15,18.023781297183007
874.267,7.2642791743671
874.385,2.7678349289696307
874.502,1.04246283141818
874.619,3.880939427473246
874.736,2.0387299515745907
874.853,-0.03625154399566721
874.97,5.048294851425386
875.088,19.333713869095696
875.205,15.228898898176274
875.322,14.816869953013935
875.439,13.702736110686587
875.556,14.691856174356243
875.673,12.28594256937273
875.791,8.093707495097528
875.908,6.634230987656515
876.025,9.014031658046282
876.142,13.023891479105547
876.259,7.589151179744109
876.376,1.5410366960658326
876.493,1.2020666143529617
876.61,-2.366333488653498
876.728,1.09846671855556
876.845,0.4857368122537067
876.962,-0.2755815858524535
877.079,-2.212292590911124
877.196,-10.228419317637485
877.313,-15.412993069206362
877.43,-10.559345586334114
877.547,-11.339445868980793
877.664,-5.18627964409448
877.781,-3.776033695822311
877.898,-3.4684717559335416
878.016,-4.433772097924912
878.133,1.4426805542655248
878.25,0.6629005972107249
878.367,2.2946650275726532
878.484,-4.428550926855522
878.601,-12.15715555900457
878.718,-15.071437425641024
878.835,-18.209216189109583
878.952,-13.468660066495564
879.069,-12.835627485537437
879.186,-16.575214821197335
879.303,-16.420851959182436
879.42,-20.824314823402055
879.537,-18.769972569457487
879.654,-12.175323533252607
879.771,-10.274723512752507
879.888,-10.728787623283402
880.005,-13.753123685141663
880.122,-19.908558410480122
880.239,-29.195091799298822
880.356,-41.612723851597764
