wavelength_nm,intensity
792.446,177.23973225057057
792.565,150.26700497784321
792.684,126.91981883065702
792.803,107.19817380901196
792.922,91.10206991290792
793.041,69.95488376572179
793.16,56.47176688260498
793.279,64.0007712116093
793.398,77.68648549732363
793.518,93.25358506442316
793.637,111.85791406875212
793.756,139.22414783498584
793.875,154.90466731550526
793.994,156.28735129818926
794.113,144.08475389559192
794.232,127.90033831117637
794.351,109.69947251031056
794.47,103.02674523758328
794.589,103.3964422072802
794.708,106.04579285663088
794.827,106.3929790038171
794.946,103.83973225057039
795.066,103.0743642852024
795.185,97.12111753195562
795.304,96.8215504323885
795.423,106.30813051896854
795.542,101.23806208866708
795.661,88.29176222228958
795.78,84.48437113525364
795.899,76.42462663646327
796.018,74.91919313263855
796.137,70.50686076251415
796.256,67.36590470419875
796.375,77.41105487214472
796.494,66.58353920719178
796.613,69.6114347976499
796.732,73.57179792057535
796.851,68.04644675778638
796.97,72.59382286772477
797.089,82.48319031965454
797.208,97.65480885383556
797.327,129.3961243577136
797.446,144.85692038107223
797.565,169.90819259490695
797.684,167.7663912156679
797.803,158.12329113513005
797.922,141.38841616281726
798.041,125.81458015154338
798.16,108.27624197576735
798.279,98.48335834544592
798.398,85.57012839477822
798.517,86.09066467787675
798.636,82.62505377482802
798.755,90.86333897567533
798.874,92.86006573496425
798.993,94.51047214793282
799.112,96.81455821458108
799.231,98.83033259291759
799.35,95.82359614874318
799.469,93.9164268041358
799.588,88.94085919113019
799.707,85.69256430539727
799.826,82.49968067507565
799.945,73.82108275903985
800.064,74.65936795988713
800.183,80.82232848540971
800.302,85.31775654339992
800.421,98.65127983948545
800.54,108.83761698838497
800.659,112.81529612862637
800.778,123.5522826281751
800.897,123.12476696322156
801.016,119.88080108181772
801.135,121.76583952941824
801.254,118.51927624541709
801.373,128.09955278825578
801.492,128.2495263007915
801.611,125.5510149648421
801.729,128.66289323928228
801.848,126.11849445744535
801.967,118.57236407387691
802.086,107.75956702364181
802.205,86.3917289006896
802.324,77.25971902534974
802.443,50.93766107768428
802.562,32.152787608206566
802.681,15.043426938885357
802.8,6.732878111634337
802.919,-0.8166321049294254
803.038,-13.305237702786298
803.157,-22.076651895251267
803.276,-17.147073434738452
803.394,-22.88650350058966
803.513,-26.821671402360522
803.632,-25.693878107630436
803.751,-18.27002317718772
803.87,-16.607128670026587
803.989,-9.495851079770194
804.108,-3.095459157350552
804.227,7.878001444467867
804.346,11.478354605129585
804.465,6.506446196570126
804.583,14.006922049735131
804.702,15.916374010978931
804.821,10.931261968325863
804.94,11.159362040483048
805.059,0.940336842152802
805.178,2.4688270334093976
805.297,2.2936091656634785
805.416,3.715462518233344
805.535,18.860113122791315
805.653,19.14447081145847
805.772,21.006323082381165
805.891,22.015639392273492
806.01,22.706228492758743
806.129,34.170139904888984
806.248,61.692696348460416
806.367,87.00315368288135
806.485,114.61000583309495
806.604,133.70819649555062
806.723,148.73539148701065
806.842,153.6483007641849
806.961,145.40536588551498
807.08,138.310482954897
807.198,135.18096798964706
807.317,120.86270843565244
807.436,118.356570093779
807.555,113.24350534497925
807.674,106.00922847496759
807.793,110.70568753569196
807.912,118.54413793840774
808.03,139.7228480813833
808.149,161.9941989169996
808.268,192.4110042980702
808.387,218.5646062159372
808.506,221.43595705155306
808.624,219.55146373132476
808.743,212.6496543937804
808.862,194.13832124671222
808.981,172.17850325115916
809.1,155.5727978097186
809.219,146.27531747650286
809.337,128.35272891817897
809.456,123.2015689312835
809.575,128.4201059140849
809.694,126.3494654077088
809.812,129.20176862427633
809.931,131.99519738196943
810.05,147.55832310935932
810.169,161.591578706879
810.288,167.7469122264767
810.406,182.99921544304397
810.525,180.79610740419977
810.644,165.66832404068037
810.763,161.82798656460687
810.882,159.20929411017843
811.0,178.29882676397503
811.119,194.12515595456824
811.238,221.99650679018316
811.357,246.66266282060323
811.475,254.11323443543895
811.594,251.38804847451718
811.713,255.0680573187904
811.832,260.0909233059208
811.95,263.7605425398045
812.069,257.19726134078786
812.188,271.53787624566746
812.307,271.5408288128847
812.425,270.4199718562924
812.544,267.05582485641
812.663,271.323712488562
812.782,280.551773280887
812.9,286.51576480914264
813.019,296.19837105601283
813.138,313.2480768699827
813.257,322.1860943722644
813.375,330.7215144719487
813.494,335.4378869525854
813.613,336.4893243682868
813.731,333.65937650260287
813.85,331.7341905416806
813.969,341.9847621565157
814.088,342.2604419964592
814.206,342.4166413169221
814.325,337.1096371741819
814.444,329.84419147300025
814.562,320.28437347744637
814.681,310.0907892481264
814.8,305.7664690880705
814.918,305.9382528241184
815.037,302.8044088545387
815.156,308.88614930054325
815.274,306.258798837457
815.393,299.66434880727115
815.512,306.3296390368255
815.631,318.3784790499297
815.749,330.05415888987363
815.868,338.7073279073069
815.987,354.20032376456675
816.105,354.5192936478005
816.224,339.67029816306876
816.343,317.63082648786076
816.461,303.2424370637351
816.58,287.1839177694795
816.698,269.52106947089476
816.817,256.5266194407084
816.936,256.57632525467784
817.055,247.74984059245696
817.173,235.14153774841793
817.292,227.6847500558941
817.41,228.99679353220165
817.529,219.0941183937906
817.648,203.96546922940553
817.766,191.76669019489066
817.885,197.64150423396887
818.004,201.23666459339356
818.122,206.06818858918194
818.241,221.98023206548996
818.359,231.17539242491515
818.478,242.09492234929155
818.597,234.42317857449984
818.715,250.58837483598867
818.834,269.7350180171209
818.953,358.10994663497604
819.071,468.61035382993026
819.19,579.705718818607
819.308,649.1891056296927
819.427,676.6703713582813
819.546,616.1232660791522
819.664,529.7204451698872
819.783,404.2682202057998
819.901,335.64732327231525
820.02,270.8916307657564
820.138,226.1133721812613
820.257,194.00272008048023
820.376,167.10177654380126
820.494,143.30386331015262
820.613,135.21417518472919
820.731,133.25089398571282
820.85,135.75860845769222
820.969,146.14337920672796
821.087,154.6355092631231
821.206,173.38131897319778
821.324,186.2145745707183
821.443,196.36644488685351
821.561,197.73909442376805
821.68,195.3134755624141
821.798,170.8402376534412
821.917,152.7340993115678
822.035,129.5292596709932
822.154,118.7824286884271
822.273,113.87022974049313
822.391,115.97707841160681
822.51,123.76964136843497
822.628,125.35008311314198
822.747,125.7746807020049
822.865,134.83737352896313
822.984,128.28534774120288
823.102,132.0432786633994
823.221,135.58735677174326
823.339,147.4500495987019
823.458,163.9603614732796
823.576,164.0750023521863
823.695,180.1402925817422
823.813,185.98220618792163
823.932,175.77996394994523
824.05,174.46083859508587
824.169,169.86032795884128
824.287,168.61133247411186
824.406,172.55627638332174
824.524,165.79386098517236
824.643,164.22625078182796
824.761,159.1382942581373
824.88,155.14297842708734
824.998,155.6446322930072
825.117,155.3220437346847
825.235,146.2522690291762
825.354,148.0006761418495
825.472,142.87029537573488
825.591,144.8879665576722
825.709,151.67187150584328
825.828,156.22374182197973
825.946,154.07777664028075
826.064,146.2746686014389
826.183,136.32783761887393
826.301,129.11607157137388
826.42,132.76837478794312
826.538,140.6743576581921
826.657,146.44008078818135
826.775,148.63004634241292
826.894,154.37239284902546
827.012,152.52079996169851
827.13,148.4899862951508
827.249,142.35181332124384
827.367,143.45866199235877
827.486,137.29884399680708
827.604,130.4836147458442
827.723,139.43461926111507
827.841,153.7085674993296
827.959,168.779052534081
828.078,186.25473237402713
828.196,208.80140788496885
828.315,222.13942538725257
828.433,227.5423779544713
828.552,225.25875043510993
828.67,216.8262051668308
828.788,186.09928760417935
828.907,154.2730480651066
829.025,122.0421345912294
829.143,96.23518836879438
829.262,72.97756230670626
829.38,55.83762792739559
829.499,54.95861445585183
829.617,50.540604684317515
829.735,51.77696707584978
829.854,60.01991241519461
829.972,85.29240122014966
830.091,118.81317515442043
830.209,162.86247468828975
830.327,214.1628503863634
830.446,284.5202239718221
830.564,348.188204622307
830.682,395.26484328144994
830.801,418.90684990596077
830.919,418.0146573962727
831.037,384.8480060121258
831.156,338.29520744183174
831.274,278.2575603866893
831.392,229.75584406747765
831.511,191.72945242359054
831.629,160.31777939442205
831.747,143.49917995832703
831.866,123.99226883392032
831.984,115.02128844544441
832.102,109.26589247255302
832.221,92.48517078622338
832.339,84.15654214406177
832.457,80.91328957948525
832.576,80.63460369176472
832.694,84.05164325208565
832.812,82.36311961913273
832.93,84.17970691279837
833.049,81.43591213102769
833.167,70.37964058900354
833.285,59.095901056170824
833.404,55.26054981605668
833.522,59.735109499490605
833.64,60.513089430924424
833.759,69.31305922150597
833.877,82.96219855262882
833.995,102.1377365681476
834.113,118.56827828700787
834.232,129.53807037475562
834.35,146.27236462700563
834.468,156.94951602211287
834.586,152.65350724405994
834.705,148.4865027950113
834.823,144.3420091684735
834.941,139.2979484423686
835.059,137.37596563834148
835.178,133.91718629751767
835.296,139.7726926709796
835.414,145.72430294054524
835.532,156.29236342656105
835.651,163.63444988660285
835.769,166.53238050248893
835.887,172.71602540408935
836.005,189.94555775157738
836.124,198.64868317265856
836.242,217.5197739617052
836.36,230.68263964252668
836.478,243.8264577043006
836.596,261.3157303115288
836.715,270.06387737763123
836.833,283.20250063420974
836.951,297.49610224576674
837.069,310.3845090521288
837.188,330.3040846896597
837.306,339.4245261280566
837.424,352.0982143197001
837.542,357.01346095290216
837.66,354.40922706662354
837.779,358.3738243491763
837.897,353.7185082118156
838.015,350.7895990008618
838.133,346.1429408721591
838.251,346.81662906380285
838.369,346.7569839221134
838.487,337.3120573951428
838.606,343.1995984006398
838.724,352.06722598622343
838.842,353.2534682904218
838.96,348.0804032353126
839.078,338.85539012825524
839.196,339.57323416405484
839.315,330.3464894552658
839.433,319.1942036209354
839.551,314.3484112930985
839.669,311.4723159349586
839.787,309.4247920053904
839.905,309.04133733989136
840.023,306.32108613759596
840.142,318.26923320369883
840.26,310.67192572434715
840.378,295.79496456534173
840.496,282.63315492148774
840.614,276.8124708187594
840.732,272.40563952988396
840.85,265.2438298860302
840.968,266.3253102854665
841.087,282.3470504251625
841.205,285.84931004537793
841.323,293.61217572619927
841.441,303.4391106710898
841.559,322.6296819796165
841.677,331.1977424656325
841.795,335.67575966160484
841.913,345.88104958484973
842.031,358.30885033060554
842.149,365.3652225049326
842.267,375.424192081857
842.385,387.35762053324027
842.504,397.26420915778385
842.622,398.446988258518
842.74,401.67825220773705
842.858,407.9190399664799
842.976,406.01004417543925
843.094,401.6568925402428
843.212,395.1981131994187
843.33,393.45881437807503
843.448,401.5593423965581
843.566,404.98974054491134
843.684,416.56299583612156
843.802,432.4349524260331
843.92,440.2428397518754
844.038,454.0342768612676
844.156,459.10190444685026
844.274,467.6881467510475
844.392,478.30902108987675
844.51,466.20262270143337
844.628,453.839081455847
844.746,436.89978263450314
844.864,416.77173922441483
844.982,397.53200750263807
845.1,374.9459554345409
845.218,361.41704622358645
845.336,338.3825093070043
845.454,312.92632736877715
845.572,283.0510978115025
845.69,260.24946132782077
845.808,241.64609324240743
845.926,234.39337450764341
846.044,224.57875101097468
846.162,228.0931318433104
846.28,220.22396289209638
846.398,203.74613593222438
846.516,185.21895832300157
846.634,159.31429153628943
846.752,134.5438238837762
846.87,113.48764194554862
846.988,94.82366779952886
847.106,85.11342119120735
847.224,78.02796228502646
847.342,71.07160430914396
847.46,72.26670767304964
847.578,62.51598345819542
847.696,59.49380614509657
847.814,61.465970319403866
847.932,68.59791578012903
848.05,70.09758468250152
848.168,82.50902491052175
848.285,98.78341702254662
848.403,111.4889830772283
848.521,120.04987116924156
848.639,135.50426575476126
848.757,149.3889633705841
848.875,158.19400730675335
848.993,159.88043652430807
849.111,162.15647613147328
849.229,166.80394431006704
849.347,167.1016289388773
849.465,165.1430365114104
849.582,165.65890295840236
849.7,167.7920854227103
849.818,168.41184797359824
849.936,168.14935944223504
850.054,166.8184726424735
850.172,178.952520907647
850.29,191.44587653212773
850.408,199.54356116093743
850.525,202.52609427459566
850.643,205.14499102461747
850.761,210.89289210364365
850.879,213.45637759825416
850.997,217.68046915347077
851.115,219.99806720219377
851.233,223.1658817011332
851.35,228.5103195766962
851.468,229.66081805831993
851.586,244.78187931050658
851.704,279.67004012979277
851.822,317.3088502997281
851.94,368.6809938029967
852.057,413.00465245778025
852.175,461.209696393949
852.293,509.35413426951186
852.411,537.6041998507025
852.529,570.2646550422828
852.647,606.8489197576728
852.764,632.5552623951405
852.882,660.4893106603139
853.0,671.5082074103357
853.118,675.0898747231281
853.236,667.3425377069159
853.353,649.5510448465478
853.471,630.8418030684306
853.589,608.9550721128244
853.707,584.4622805511575
853.824,571.5426491626511
853.942,545.5225848737118
854.06,518.0929967752488
854.178,487.4452268586041
854.296,453.60611495061755
854.413,417.97912425475226
854.531,374.1400123467656
854.649,335.9606406985193
854.767,305.84620411520797
854.884,266.087611687741
855.002,222.22165995291454
855.12,178.9816822440621
855.238,135.4005789940841
855.355,100.94961130194542
855.473,71.65237875260905
855.591,47.33740641036388
855.708,34.862695467870324
855.826,17.275334300357024
855.944,0.6423406576026061
856.062,-8.091764390976723
856.179,-17.17790218087759
856.297,-24.726962048720292
856.415,-25.83684097259087
856.532,-33.43994296042909
856.65,-38.881852805504124
856.768,-48.16372528067413
856.886,-52.687651446073446
857.003,-43.4315610452787
857.121,-32.87017528286563
857.239,-18.017898794913666
857.356,-12.892803031412706
857.474,-11.729613115973862
857.592,-8.132341262357993
857.709,-2.1903579705983596
857.827,11.030972786184664
857.945,36.91517914745725
858.062,69.32912338871047
858.18,99.17807290665858
858.298,113.54558357266447
858.415,127.73936647643791
858.533,135.81328135934524
858.651,140.05737151142972
858.768,152.88722134827566
858.886,172.35651052356258
859.003,187.67216544421706
859.121,195.86607653980323
859.239,199.69985189557312
859.356,189.1320105702453
859.474,170.103487013816
859.592,147.7970413794646
859.709,126.78669964121696
859.827,115.12700725361856
859.944,100.7348473335525
860.062,89.61195148275051
860.18,85.4500945929876
860.297,82.68737190235882
860.415,77.92897821605891
860.532,79.35240271157716
860.65,77.78361941488745
860.768,87.90055040391182
860.885,88.12570650116115
861.003,89.79675004429778
861.12,95.51714423678511
861.238,96.61675920849319
861.356,95.18823565206274
861.473,99.10256923848956
861.591,99.81430542231901
861.708,93.0844400865974
861.826,82.07090938584344
861.943,80.30186190290749
862.061,76.59860237191562
862.178,74.35005055272772
862.296,81.76209188028893
862.414,89.50173330878508
862.531,93.01312062766017
862.649,90.59286313694079
862.766,89.68689136050703
862.884,87.79650399965763
863.001,92.40481793750956
863.119,96.17330503553464
863.236,101.3504501422178
863.354,108.32153464284033
863.471,107.99132044216432
863.589,115.70526208564418
863.706,116.77677948669977
863.824,116.75046138991988
863.941,124.38907835807504
864.059,123.76362606216094
864.176,124.41263264070564
864.294,133.57505913267005
864.411,134.41281029995912
864.529,132.07047488716157
864.646,135.3264078726324
864.764,134.06372613948855
864.881,135.30753791283834
864.999,141.49940163423992
865.116,152.51810518248124
865.233,169.82512041903402
865.351,182.94165946511055
865.468,188.09802535101394
865.586,196.69075487328092
865.703,194.0202809323445
865.821,185.91604075764198
865.938,180.63864040977924
866.056,171.94305824373475
866.173,168.5340561642704
866.29,177.45579001554208
866.408,185.91605200534207
866.525,193.76505858388646
866.643,194.2261863745521
866.76,194.6007340786376
866.878,196.34324715068828
866.995,191.3039420409205
867.112,191.06636853288433
867.23,190.62792922398233
867.347,195.8327799583704
867.465,190.65321510834292
867.582,175.450273634939
867.699,176.76594688014995
867.817,179.4842175279583
867.934,176.826730600009
868.051,183.1346116374277
868.169,192.37582600817973
868.286,204.22136938326062
868.404,206.2513283427571
868.521,208.59037821134433
868.638,224.2904670409703
868.756,242.38016626020647
868.873,254.167700977278
868.99,275.55610149521533
869.108,303.1981816668324
869.225,327.27143066961844
869.342,359.22433335205835
869.46,385.2291840864463
869.577,419.6418270286263
869.694,441.4258985422348
869.812,450.9961172419905
869.929,452.4641714395815
870.046,461.4361217410686
870.164,460.38642702091073
870.281,450.1462561102766
870.398,445.9234012169583
870.516,440.77067619376976
870.633,423.0214143740443
870.75,404.6790789612453
870.867,381.22418943589224
870.985,369.3918107330501
871.102,347.3966614674374
871.219,315.53571133602367
871.337,303.7933759232244
871.454,284.0813435407281
871.571,266.58662717554773
871.688,249.550785269242
871.806,229.2751165231094
871.923,213.92845210598102
872.04,196.5999695070346
872.157,176.25590249250362
872.275,166.22871859485588
872.392,150.17469487036834
872.509,141.70248932769914
872.626,128.3315824863287
872.744,119.41608690036946
872.861,109.5101151239338
872.978,91.31150265485732
873.095,78.40553087842142
873.213,68.16362836605484
873.33,52.05547791719824
873.447,44.201962571043
873.564,25.558588549904382
873.681,20.93142480297403
873.799,16.834459149389293
873.916,1.9645136419699698
874.033,0.5350795014350127
874.15,0.6152236328018603
874.267,0.2127800220841216
874.385,-5.396724066463894
874.502,-12.096713950619684
874.619,-16.53094700138879
874.736,-12.205138158849648
874.853,-15.838153633858308
874.97,-12.93092524837387
875.088,-9.192248685744623
875.205,-9.576388861391342
875.322,-5.1950957387768595
875.439,-4.888892202394188
875.556,-6.489539337274779
875.673,-5.420554468595224
875.791,-8.935197623516096
875.908,-14.735969944041813
876.025,-21.744839769585326
876.142,-27.755980822326414
876.259,-18.536771218272406
876.376,-12.593579322912646
876.493,-2.927665259752859
876.61,7.239953861028562
876.728,11.203126352348526
876.845,9.307841429702446
876.962,0.37168653919410843
877.079,-7.6454910769229345
877.196,-14.884945988807447
877.313,-13.962763562722778
877.43,-14.396161879444708
877.547,-11.561200636762404
877.664,-3.7022622901110678
877.781,-1.9100841773208355
877.898,5.760794197092492
878.016,11.709337265503793
878.133,12.204077577672486
878.25,16.17172651184734
878.367,6.7199473563500005
878.484,3.598321861878464
878.601,5.521267640842742
878.718,2.712283445956996
878.835,3.856926647126884
878.952,1.8183944773317462
879.069,2.9062925580297545
879.186,-8.42525979235828
879.303,-23.5772403679899
879.42,-27.400628354914787
879.537,-28.722836911780107
879.654,-25.8758926609896
879.771,-26.574846802626272
879.888,-16.730458344394286
880.005,-18.329944856186998
880.122,-22.655058588926156
880.239,-29.7057995426118
880.356,-39.48216771724392
