wavelength_nm,intensity
792.446,200.1896666471196
792.565,171.30421210166514
792.684,145.8317445691977
792.803,123.7722640497172
792.922,105.12577054322352
793.041,81.67122508867801
793.16,69.41927703672991
793.279,73.61148482893763
793.398,80.46516448261727
793.518,101.28594370339641
793.637,139.04265366010637
793.756,164.30932032677305
793.875,181.70239391984666
793.994,184.23139824885104
794.113,173.95953677698958
794.232,153.09460171205455
794.351,131.25910387655676
794.47,120.40282682027973
794.589,115.43312985058276
794.708,116.54914716660005
794.827,125.0850779025308
794.946,137.02793504538795
795.066,143.8624227798757
795.185,147.04121065866354
795.304,147.27598699343983
795.423,142.42995524740806
795.542,126.37411109156386
795.661,114.59330301075579
795.78,109.26761758507043
795.899,106.79272581017867
796.018,105.65087876833161
796.137,99.52577054322333
796.256,92.42274024019301
796.375,88.25650647395923
796.494,78.59416881162164
796.613,66.38118179863471
796.732,63.584645002097965
796.851,65.03486145231443
796.97,64.13442855188148
797.089,64.61321643066927
797.208,72.21667963413242
797.327,88.25564067309341
797.446,101.42620344365619
797.565,107.9872424046952
797.684,118.5474155648684
797.803,126.37079218824502
797.922,122.1032597207126
798.041,114.27209088954376
798.16,110.41321643066927
798.279,107.0374588549117
798.398,98.43399565144846
798.517,96.22706924452206
798.636,102.7604025778554
798.755,105.34222075967348
798.874,106.98897400642676
798.993,107.37425539170819
799.112,114.4963333137861
799.231,117.27555409300692
799.35,118.46429868175153
799.469,119.24871426616716
799.588,119.38637660382945
799.707,108.61235062980342
799.826,101.23226404971686
799.945,94.51278353023635
800.064,96.85044586789866
800.183,103.84525106270385
800.302,110.30845452590731
800.421,125.12836794582073
800.54,138.444385261838
800.659,144.25390907136176
800.778,149.60802162547435
800.897,157.41927703672974
801.016,159.25477487222753
801.135,159.80282682027945
801.254,156.78204759950023
801.373,163.55780517525787
801.492,156.06776188521457
801.611,164.3777185951713
801.729,170.14135495880768
801.848,170.02360604105877
801.967,151.3318311492839
802.086,134.13009954755233
802.205,112.92490474235754
802.324,91.65445832076819
802.443,62.755966113997175
802.562,51.98576692350366
802.681,35.60388467826543
802.8,19.87000994106767
802.919,2.1312843375422545
803.038,-4.727299037188188
803.157,-0.5816192224064971
803.276,1.5548159018654282
803.394,8.563853313517315
803.513,4.014845508812903
803.632,-9.717090167139174
803.751,-19.595446295284653
803.87,-29.961986430294353
803.989,-30.91151269973875
804.108,-32.632996532853724
804.227,-23.133363587708466
804.346,-9.357754505406053
804.465,-10.996244216562795
804.583,-14.928168197755305
804.702,-11.210002661741237
804.821,-13.062509349061104
804.94,-16.295305040721423
805.059,-20.27707530159628
805.178,-5.0349868432859735
805.297,-5.084981795594868
805.416,-3.3135948339071817
805.535,1.134633627431619
805.653,6.062223857259719
805.772,8.085602874788718
805.891,15.69098713750567
806.01,38.853161099119184
806.129,75.84232471948656
806.248,107.76144827475645
806.367,146.7988545856902
806.485,176.15772508540758
806.604,198.25917273475648
806.723,210.89914852263354
806.842,205.9988645702507
806.961,197.02931654860384
807.08,190.27968194687026
807.198,181.69454950963882
807.317,170.22456858755874
807.436,158.03770454859543
807.555,156.1538708126622
807.674,155.56008036677238
807.793,153.97408212867492
807.912,165.00020510269883
808.03,198.26961812001292
808.149,226.34942074771664
808.268,257.82662597282297
808.387,272.3644372585355
808.506,281.98882863082815
808.624,279.62880441870533
808.743,264.7406416784442
808.862,247.6931715788758
808.981,235.1461343797403
809.1,220.07182445333206
809.219,210.41223314164242
809.337,193.22536910268013
809.456,187.0817951070079
809.575,179.43778821090274
809.694,171.5721362931526
809.812,174.03722030613847
809.931,179.80533462215465
810.05,188.094661059383
810.169,199.39437710700088
810.288,212.3884654489911
810.406,226.65354946197687
810.525,228.5065122628414
810.644,227.98285168708253
810.763,231.52672357885632
810.882,237.9147513147861
811.0,244.75992190785882
811.119,259.2405903364295
811.238,274.169743613485
811.357,287.2175116091553
811.475,296.5743705139164
811.594,302.16499565244374
811.713,310.98246061781094
811.832,319.1271983104508
811.95,331.09098362213837
812.069,332.58723646629335
812.188,334.52764515460416
812.307,332.34078111564224
812.425,333.0404971632603
812.544,331.4830703537357
812.663,345.27369549226296
812.782,354.5959223623919
812.9,376.3363310507026
813.019,399.9148349771084
813.138,415.14355535373056
813.257,432.8744402325171
813.375,438.6633337693123
813.494,434.7396731935535
813.613,433.3562723580543
813.731,427.0404039900876
813.85,424.2466135441989
813.969,429.28312612861305
814.088,426.0417166351052
814.206,428.42368376497404
814.325,428.6827071718992
814.444,420.55298599007983
814.562,414.19469337968917
814.681,408.4970068299044
814.8,401.2192337000332
814.918,403.30163373033514
815.037,402.4991852757886
815.156,406.8248753493807
815.274,412.254461526869
815.393,408.3117533320627
815.512,408.4954520636634
815.631,410.3319646480779
815.749,406.7468322108473
815.868,418.0898383017552
815.987,419.87613443595313
816.105,422.93862104634167
816.224,416.0885535441763
816.343,399.13285833638315
816.461,380.74599429742113
816.58,364.58077528010415
816.698,342.1895822368129
816.817,337.72825932339174
816.936,330.14226108529533
817.055,329.63591652685267
817.173,316.35381439265257
817.292,304.60764299438324
817.41,296.1645018991443
817.529,286.88846037100495
817.648,277.25137988182644
817.766,279.7554249337735
817.885,285.48371240996306
818.004,299.86827694242965
818.122,300.15154277359744
818.241,314.6192241891807
818.359,321.81132575844356
818.478,321.98929501277144
818.597,300.869550109864
818.715,308.46336837970455
818.834,313.70579934108673
818.953,416.89658535007015
819.071,528.4244038842288
819.19,677.9523889514305
819.308,794.8077457120758
819.427,859.038453765685
819.546,820.074603773178
819.664,727.6967364227116
819.783,579.7152591933633
819.901,483.10528544744534
820.02,363.1107270489049
820.138,299.99752859693075
820.257,249.58009770819123
820.376,224.04268447487493
820.494,196.30517108526323
820.613,181.31917284716656
820.731,178.3452958211911
820.85,184.67444909824587
820.969,199.02005259175098
821.087,224.9873011069011
821.206,249.87576174326335
821.324,270.39972021512335
821.443,268.11415487745967
821.561,256.47101378222015
821.68,231.51185537096333
821.798,200.9414415484511
821.917,184.75371170862286
822.035,172.06381736663013
822.154,169.37132562203985
822.273,173.2268858255015
822.391,172.4608010073184
822.51,175.32155601597515
822.628,167.78837163069267
822.747,163.26471105493414
822.865,168.46139679952216
822.984,171.62171890774647
823.102,178.19762543155522
823.221,189.39517697700904
823.339,196.87584540557998
823.458,201.71322379086087
823.576,197.82073204627153
823.695,206.5931753666173
823.813,213.88336760471202
823.932,208.06013992938654
824.05,204.32349234064102
824.169,203.58338154843221
824.287,199.7965175094701
824.406,187.66160152245598
824.524,182.2098024185586
824.643,194.46536262202048
824.761,205.35382325838287
824.88,205.07258692504809
824.998,201.16364496400752
825.117,203.13955148781537
825.235,201.84446234062756
825.354,188.62296626703272
825.472,189.27246586443334
825.591,196.67001740988587
825.709,203.290945578715
825.828,201.05386508953544
825.946,187.71721750078888
826.064,183.9390114704841
826.183,173.20929028866425
826.301,165.71160373887898
826.42,173.5723587475353
826.538,185.37250769558563
826.657,196.8981977691772
826.775,200.6221562410372
826.894,196.9192748860576
827.012,193.4233199380045
827.13,180.04165070423716
827.249,178.09028450077298
827.367,173.24454600293654
827.486,178.50097200726466
827.604,190.6162724704672
827.723,202.18784998994664
827.841,214.53951408951258
827.959,232.06433836223852
828.078,249.5008509466527
828.196,277.1364977302009
828.315,283.71933066093516
828.433,285.0406917301974
828.552,271.64603548344235
828.67,256.38211516742314
828.788,224.65225742729157
828.907,189.40416783322485
829.025,152.250356629978
829.143,124.38565647049458
829.262,101.9479234382096
829.38,82.38559723820165
829.499,74.40435779592019
829.617,86.26665151207979
829.735,98.96831463928373
829.854,111.49187816102159
829.972,131.29822350411752
830.091,162.94673144430334
830.209,213.7246983961426
830.327,267.1846673066918
830.446,326.30957128217585
830.564,377.5401029632876
830.682,412.1663056400704
830.801,414.9570104813554
830.919,383.73992311484835
831.037,337.3821431076485
831.156,281.5040167801023
831.274,228.2371458638113
831.392,181.8412706185158
831.511,164.38305771088235
831.629,164.42181450021855
831.747,166.37745440643772
831.866,157.56945794902072
831.984,154.28007621021828
832.102,142.44546481764567
832.221,122.11318884125504
832.339,105.81059808751526
832.457,106.17266044141527
832.576,103.66731845934754
832.694,100.7609993687141
832.812,93.46379950321071
832.93,95.80386839607323
833.049,90.92857691274871
833.167,83.83229935799804
833.285,94.2872307435682
833.404,101.94525221738105
833.522,105.76886104679463
833.64,110.75395102798815
833.759,121.68604199296371
833.877,138.6084479707832
833.995,144.2601000440561
834.113,156.86153566711283
834.232,170.5279063551048
834.35,177.82804327686307
834.468,183.8866217570628
834.586,189.33740802947028
834.705,204.48949300317648
834.823,209.32556066086545
834.941,206.7269962839223
835.059,197.7041894827367
835.178,184.53852553869382
835.296,179.44905207084133
835.414,181.04096388437392
835.532,190.30473716976786
835.651,212.74253642918782
835.769,226.7863962946684
835.887,238.85709598698878
836.005,252.8559342074476
836.124,266.7664607395948
836.242,282.6691950639497
836.36,296.6472540636293
836.478,320.76297540097113
836.596,344.35575301536915
836.715,358.44030552154186
836.833,364.1880614909179
836.951,382.62412914860556
837.069,389.1588981049946
837.188,396.25124281895944
837.306,404.8284360177728
837.424,418.96320497416195
837.542,431.2581470907242
837.66,445.4171584713558
837.779,452.0359101117277
837.897,460.40877430621214
838.015,456.3037164227746
838.133,449.5380524787309
838.251,448.10745346975204
838.369,445.9062916902104
838.487,450.3059957115346
838.606,456.0433620705211
838.724,456.77726522604434
838.842,447.06528093568
838.96,431.9195304115494
839.078,418.0785417921807
839.196,417.9544362896951
839.315,415.05370741058607
839.433,417.8603378388366
839.551,421.2280072281258
839.669,422.982689604428
839.787,423.69667934003746
839.905,424.48426214924
840.023,418.86058954718726
840.142,421.0161377243554
840.26,405.9690884989262
840.378,397.5939007453586
840.496,388.1260722991502
840.614,383.94136073605875
840.732,378.6510214673396
840.85,370.1009419388802
840.968,368.19934725890585
841.087,373.33498201616095
841.205,378.0965907993901
841.323,392.33698746140715
841.441,406.8942672403072
841.559,431.16669853435866
841.677,441.1646709539512
841.795,450.01112822202856
841.913,464.67576730828796
842.031,478.5499302040713
842.149,486.1634870392487
842.267,488.92423002161206
842.385,490.7854059044084
842.504,499.0197419603646
842.622,497.2021299643728
842.74,501.40702879089145
842.858,510.06560727108985
842.976,511.8445320716345
843.094,508.29878154750367
843.212,509.4777063480482
843.33,506.85836275032443
843.448,514.7463784599603
843.566,530.68720802241
843.684,547.0998990567213
843.802,564.2104255888681
843.92,570.8984412985042
844.038,578.5829938046768
844.156,585.1757714190744
844.274,585.5936572585804
844.392,594.2885993751422
844.51,592.4242341323966
844.628,580.8603017900841
844.746,563.241823993226
844.864,533.3592769322988
844.982,493.22651342115523
845.1,464.64786246412416
845.218,444.46228510016675
845.336,427.1832012427028
845.454,403.22532950645086
845.572,382.58001188275307
845.69,359.69313581749674
845.808,333.34998269596326
845.926,310.69947026707064
846.044,300.1805595697798
846.162,294.3577527685932
846.28,277.61373384619435
846.398,252.93291838699915
846.516,231.41747089317187
846.634,205.74617924350042
846.752,183.1216408405822
846.87,161.3291370696985
846.988,147.5608757230571
847.106,134.51728970109085
847.224,124.08149588691649
847.342,120.78596181300166
847.46,124.56921561787459
847.578,123.56545643573462
847.696,123.81970591160334
847.814,120.26356577708239
847.932,123.52647326160898
848.05,119.68721624397097
848.168,136.9137600921336
848.285,158.01389701388916
848.403,177.44130666291744
848.521,191.11200635523582
848.639,205.38963245448065
848.757,223.9659598524268
848.875,234.27994958803527
848.993,235.25714278684728
849.111,246.3287082800316
849.229,250.2634772364193
849.347,252.87876567332657
849.465,245.18149999767974
849.582,243.69029492809352
849.7,249.1488734082909
849.818,242.08970297073938
849.936,243.55520785786325
850.054,250.9453880696626
850.172,258.76587131176507
850.29,270.3214194889327
850.408,272.91592870506145
850.525,276.63857644932875
850.643,281.8841679165398
850.761,288.90118795517947
850.879,296.8853075609185
850.997,301.59669989393035
851.115,312.1946723135223
851.233,313.2887486292182
851.35,314.7958119579011
851.468,323.1011436848522
851.586,346.3276875330153
851.704,385.5473049742518
851.822,426.0690869176525
851.94,480.4099164801007
852.057,540.2130837048866
852.175,583.4422249556467
852.293,633.9752623103027
852.411,670.1810269376858
852.529,716.5409041191815
852.647,751.5890929889888
852.764,788.9290567505712
852.882,822.1131763563097
853.0,849.2176422823943
853.118,850.5896406760116
853.236,855.8248425328325
853.353,832.4470573766663
853.471,810.9662419174695
853.589,775.8083701812166
853.707,749.9206283150936
853.824,718.3956570117415
853.942,690.8126770503807
854.06,653.8227706820935
854.178,615.7514790324212
854.296,563.7416592442206
854.413,517.1067312309116
854.531,471.34799369379294
854.649,429.62475399217203
854.767,393.3820337710705
854.884,353.5436425542982
855.002,308.57451540678977
855.12,251.92140557529876
855.238,207.70379357930577
855.355,167.30349760062887
855.473,135.91792023667074
855.591,105.31285476356237
855.708,85.50571644192723
855.826,59.76426356718378
855.944,28.77723695395625
856.062,6.587883353050563
856.179,-2.6338095631440286
856.297,-12.481665937382079
856.415,-16.172037828867232
856.532,-18.02818035579044
856.65,-18.687343510244162
856.768,-17.483426650159856
856.886,-23.387666029189567
857.003,-25.476572121666713
857.121,-23.500982554510028
857.239,-20.942180497363758
857.356,-18.351004247048042
857.474,-12.30423801297711
857.592,-2.507610502088424
857.709,23.323315975261572
857.827,48.93546651128453
857.945,70.96543303295572
858.062,105.34428136463387
858.18,126.92038974734899
858.298,150.85365692536485
858.415,162.5543967069679
858.533,181.29669493012943
858.651,211.2182139325119
858.768,230.8505554457172
858.886,246.515797391823
859.003,261.1455415024312
859.121,255.90775314550706
859.239,254.68814660676458
859.356,229.07113747061953
859.474,210.93205041239622
859.592,200.13582049703012
859.709,178.49456893664228
859.827,162.73816586110297
859.944,146.4207238245248
860.062,130.25306533773016
860.18,121.1425497080784
860.297,104.65281329920595
860.415,99.80896433622064
860.532,102.85948766760761
860.65,101.45373394271724
860.768,103.86616203600853
860.885,106.0907113414209
861.003,110.93690566847823
861.12,115.95366276609846
861.238,113.84834194164084
861.356,117.42527219943422
861.473,128.50090375592896
861.591,132.37134050722867
861.708,135.25303266978378
861.826,136.45680275441674
861.943,136.55148192995875
862.061,130.04096630030594
862.178,114.87590521610767
862.296,113.07274889381405
862.414,116.96656226849004
862.531,118.76513754792785
862.649,126.20007646372923
862.766,128.26185520637046
862.884,128.59289801827566
863.001,126.87978498602506
863.119,121.50433429143695
863.236,124.9436022115676
863.354,124.69196104078925
863.471,133.470622900314
863.589,140.61292112347516
863.706,148.24699423841116
863.824,156.48366475594452
863.941,159.52812748127002
864.059,159.01068544469084
864.176,162.38934730421565
864.294,158.03727323300478
864.411,158.27827275486766
864.529,149.03269219015073
864.646,147.54641898474125
864.764,152.4878514070375
864.881,155.8621842622341
864.999,160.31011019102363
865.116,173.36409672587354
865.233,194.98085382349387
865.351,215.47293559643876
865.468,228.39618620055242
865.586,239.42073550596493
865.703,247.59939736549
865.821,249.4490548960108
865.938,242.52988125770023
866.056,229.84533965402167
866.173,225.69413138367636
866.29,225.70742527783315
866.408,224.97699622826687
866.525,226.78769271982628
866.643,223.7862679992645
866.76,228.75713765099727
866.878,233.5695657442885
866.995,225.0954137509998
867.112,225.72429206074136
867.23,230.90988032719278
867.347,229.6625681607436
867.465,226.87239885143725
867.582,217.76101742091868
867.699,216.7795061202703
867.817,222.65860088022782
867.934,221.43033633282624
868.051,235.69038347373632
868.169,242.2205604847764
868.286,253.73775048282954
868.404,262.32507035101276
868.521,266.8361997430054
868.638,275.2122641999332
868.756,289.9935234620558
868.873,311.3176398670355
868.99,342.3326653629242
869.108,378.25505016617217
869.225,423.5653137572989
869.342,461.5171357899841
869.46,495.1936331473445
869.577,524.3108231453975
869.694,543.5362382516755
869.812,554.7971511934516
869.929,556.5056831828466
870.046,566.9830463410728
870.164,563.492444131334
870.281,552.5369068566599
870.398,541.9839669845834
870.516,535.2916331731129
870.633,517.149082911426
870.75,491.807398450605
870.867,470.4553243793942
870.985,457.2296572345903
871.102,431.40485589065236
871.219,409.3350329016927
871.337,381.94919259671593
871.454,368.98066830905526
871.571,341.49439510364573
871.688,320.313749603864
871.806,302.5538833248613
871.923,284.83817289001433
872.04,258.7138044465094
872.157,237.69939271296096
872.275,213.67545716988855
872.392,198.51905409434855
872.509,171.45009690625437
872.626,163.54737348439392
872.744,150.42560244348567
872.861,138.57309547184138
872.978,124.60024217985071
873.095,114.59448845495946
873.213,105.04760918894262
873.33,86.33103295322883
873.447,68.32181602487447
873.564,57.23458818086943
873.681,49.22476443936156
873.799,34.50532828088562
873.916,21.829517665430224
874.033,14.676601080889604
874.15,11.034431289373133
874.267,-1.1752671343805403
874.385,-5.0291196507288465
874.502,-3.88986316591755
874.619,-0.8341972114412941
874.736,-5.221598731849045
874.853,-6.880582631237924
874.97,-6.7790544537539805
875.088,1.2040812234694096
875.205,-0.15516449214044215
875.322,-1.030703163185537
875.439,1.292617424787025
875.556,-6.000824596339415
875.673,-5.382509035629626
875.791,-12.844958909769748
875.908,-16.86871395857642
876.025,-18.38963077151689
876.142,-18.085100742459588
876.259,-20.75302921098988
876.376,-17.13971459321612
876.493,-15.523900926644917
876.61,-11.872904237835392
876.728,-10.074818140367036
876.845,-4.876032318184361
876.962,-6.097962261735841
877.079,-3.4603036675074774
877.196,-2.9763273633920413
877.313,-2.342277499530489
877.43,-3.6381386574033816
877.547,-11.634459628064521
877.664,-11.983104488676227
877.781,-15.103670114396241
877.898,-12.748128008651149
878.016,-13.11934180321569
878.133,-5.577841641419918
878.25,-11.299049568913476
878.367,-11.742926285381895
878.484,-16.34615982333131
878.601,-17.537405983110386
878.718,-21.53168485748384
878.835,-26.383162056377355
878.952,-22.347223233617306
879.069,-14.020450672586758
879.186,-22.825030373929344
879.303,-23.693170099294058
879.42,-21.981781149206647
879.537,-24.191085422824607
879.654,-25.89199293101929
879.771,-32.61282745685941
879.888,-29.001262254934936
880.005,-32.63510666157322
880.122,-38.43705661607847
880.239,-46.40711211845074
880.356,-56.54527316869002
