wavelength_nm,intensity
792.446,186.4596551158556
792.565,154.75056420676466
792.684,128.09645165265206
792.803,106.49731745351784
792.922,89.95316160936184
793.041,76.29255554875576
793.16,70.60078065698087
793.279,79.38692784312806
793.398,80.38606204226215
793.518,96.82502308122318
793.637,118.15922221542233
793.756,142.02155987775996
793.875,162.33411399031405
793.994,164.6423390985392
794.113,151.3644170206172
794.232,141.28303173923192
794.351,122.70121355741374
794.47,117.4518629080631
794.589,103.56441702061723
794.708,103.73844299464315
794.827,108.74104039724057
794.946,110.1973174535176
795.066,117.29601875221891
795.185,123.70813996434006
795.304,130.88476334096345
795.423,126.92026117646125
795.542,121.28909234529246
795.661,108.60597546217562
795.78,98.33324818944833
795.899,94.00424386044396
796.018,90.09168974788984
796.137,88.37307502927507
796.256,89.87177632797638
796.375,85.95143000763002
796.494,79.12940645652412
796.613,67.12235387311074
796.732,54.64636914620394
796.851,53.95639179437349
796.97,50.69035981010083
797.089,55.213798404367765
797.208,72.54709273392929
797.327,94.54211127793666
797.446,101.88999804572987
797.565,117.82922680486516
797.684,118.32083651638143
797.803,125.9042211196725
797.922,120.3282983636563
798.041,110.53765699292165
798.16,108.12796800313959
798.279,100.41005390513244
798.398,94.99690171188738
798.517,96.86426899916192
798.636,93.86583542063568
798.755,106.30376547847308
798.874,109.92264791726302
798.993,115.79261260713534
799.112,113.1465599809905
799.231,111.7377367920753
799.35,113.65878373303048
799.469,104.626583920739
799.588,99.01256592662929
799.707,97.78902412299567
799.826,96.71440006827956
799.945,95.9306851044724
800.064,92.70541169910658
800.183,107.25762747122988
800.302,120.42542765893754
800.421,127.98889884231617
800.54,135.651071324396
800.659,146.50112259435446
800.778,152.1684898816289
800.897,156.76919050223677
801.016,148.59673094968437
801.135,148.36712853998915
801.254,145.31155210431996
801.373,142.91917913185426
801.492,140.01252044510278
801.611,148.91798297047242
801.729,147.84162731402392
801.848,148.6362673285712
801.967,132.31835323056436
802.086,115.52511445723285
802.205,97.86261161463727
802.324,77.2993302483479
802.443,54.94047200853722
802.562,41.645959887104425
802.681,29.759903194047062
802.8,15.164949302310365
802.919,2.7735179187868173
803.038,-7.920326139142176
803.157,-15.33270740366844
803.276,-17.700742991607537
803.394,-23.787896733360515
803.513,-17.590472958695557
803.632,-12.005519118389223
803.751,-14.160130453239093
803.87,-20.312572557153732
803.989,-23.615811169522814
804.108,-29.885949787107194
804.227,-23.10570962918021
804.346,-20.248674940638367
804.465,-8.06097847915733
804.583,-3.328377163757964
804.702,2.3249959784288383
804.821,2.454293483827479
804.94,3.9159731502157715
805.059,-2.734545155259277
805.178,11.993349513100416
805.297,16.624714545334353
805.416,18.941314701500684
805.535,21.35116358821843
805.653,17.909962254212367
805.772,14.903584683255872
805.891,14.590640466135685
806.01,22.447439949818058
806.129,56.199699732001726
806.248,90.53963150821677
806.367,124.195514511277
806.485,155.23895824260973
806.604,175.53298307141728
806.723,192.20064859438736
806.842,199.82594663524242
806.961,200.82225462542635
807.08,195.01207860187992
807.198,184.25775622694098
807.317,167.06318360450547
807.436,150.40325250946523
807.555,140.0545863184435
807.674,139.60792089934375
807.793,145.28724378455098
807.912,156.48709853005818
808.03,178.69313042269914
808.149,207.64721426339224
808.268,244.64631974910714
808.387,269.37010055949753
808.506,285.50600258200933
808.624,281.2245885872052
808.743,264.0115728607992
808.862,239.24357877941497
808.981,215.8452816677277
809.1,197.33616204521792
809.219,188.60279999846568
809.337,174.78632106859646
809.456,168.44949581838083
809.575,164.13518139067594
809.694,167.0026851447892
809.812,170.45893348764696
809.931,177.75154546686827
810.05,186.6917764937086
810.169,195.8960767846183
810.288,199.99994417509498
810.406,203.07783753959745
810.525,209.00334995171895
810.644,206.60158963656767
810.763,210.59982932141628
810.882,222.79893480713054
811.0,228.6958757906803
811.119,242.18589036730378
811.238,264.4481993162216
811.357,279.7200320746631
811.475,289.62996007119995
811.594,293.9113166391653
811.713,290.9268723413299
811.832,297.2593111603775
811.95,295.539801927477
812.069,291.9813316556156
812.188,301.3864977473904
812.307,305.62110106860257
812.425,311.75440568851604
812.544,318.90675792747726
812.663,320.48681579414426
812.782,333.38635418029173
812.9,340.54476702531383
813.019,355.92136168851766
813.138,372.1256619794272
813.257,383.0632956036701
813.375,402.7091543361381
813.494,404.89267540626855
813.613,408.96364236384505
813.731,405.55235823917053
813.85,400.15492692834886
813.969,411.1748116348433
814.088,402.82932837596985
814.206,402.725403558655
814.325,407.9426908625523
814.444,396.7677703742419
814.562,393.99198408506584
814.681,385.51316749285957
814.8,386.0559959222984
814.918,393.1243654772785
815.037,383.7208735603972
815.156,384.939026665161
815.274,380.5078291205741
815.393,369.4671077664634
815.512,368.4437024296685
815.631,367.0038468764233
815.749,375.9371514963384
815.868,390.4929669387643
815.987,393.9951027275105
816.105,402.04615626517466
816.224,393.8539197595487
816.343,376.9439343361737
816.461,362.27290995175974
816.58,333.0763444418044
816.698,312.7386533907236
816.817,307.5516116902921
816.936,295.7446565699471
817.055,293.4303421422428
817.173,284.8510926496035
817.292,281.87357475869584
817.41,279.8726802444116
817.529,265.33325759159914
817.648,263.7410210859727
817.766,264.21804864961035
817.885,258.12711084528263
818.004,259.85435485913683
818.122,265.2335469249392
818.241,272.9053796833823
818.359,279.1140089786221
818.478,280.75120970243336
818.597,292.24586724996226
818.715,325.8001604017065
818.834,360.60249488424665
818.953,471.5123635184676
819.071,585.9619088345594
819.19,713.8049949016627
819.308,803.9044833135356
819.427,842.1321623459608
819.546,796.6263453348007
819.664,696.9604425595028
819.783,545.3263764023663
819.901,444.60530693407804
820.02,331.4518870888925
820.138,273.71228114511183
820.257,233.23575591262681
820.376,214.80356414055237
820.494,188.63816746176576
820.613,170.72991364012196
820.731,161.42339142020984
820.85,170.12119820462675
820.969,172.41121278125152
821.087,198.09256934921825
821.206,217.6631034063625
821.324,234.63883226870152
821.443,235.05438797086723
821.561,226.0205930236824
821.68,214.36515305485244
821.798,193.4897996661092
821.917,169.47764974056935
822.035,161.70705825658794
822.154,148.582354218494
822.273,143.17886230161199
822.391,143.7762361855955
822.51,152.45845855442732
822.628,157.74674152931968
822.747,164.6713881405758
822.865,175.58824254403976
822.984,187.46180690421392
823.102,182.25485178386867
823.221,185.20200921763592
823.339,196.22016232239878
823.458,201.1794409682872
823.576,202.42356809902418
823.695,207.4157471778132
823.813,209.5135539622301
823.932,201.4035685388548
824.05,183.84596406786054
824.169,185.0208271293337
824.287,179.85716205227882
824.406,172.2233671050942
824.524,171.04844661678413
824.643,178.0622707172186
824.761,175.18605152760978
824.88,174.3288799570486
824.998,177.76175167653076
825.117,188.66908227047185
825.235,188.8023868903872
825.354,187.55300752761872
825.472,179.14432080554286
825.591,182.65944360727627
825.709,176.67067030511373
825.828,171.00657232762654
825.946,164.3831669908319
826.064,158.23768373195935
826.183,156.63938662027283
826.301,160.5319985994954
826.42,165.70599586010317
826.538,185.45748229819998
826.657,188.52931505664316
826.775,195.08080149474011
826.894,192.19505849560755
827.012,190.0071509943105
827.13,181.85647293024272
827.249,180.54908490946497
827.367,177.2520864990767
827.486,180.047728781329
827.604,179.6554922757025
827.723,196.21303931985963
827.841,197.88660368003406
827.959,212.5515100315506
828.078,220.20169776834854
828.196,238.65534870860955
828.315,248.28389142376238
828.433,253.7349449614261
828.552,258.8067777198691
828.67,244.90718190688358
828.788,212.17641726272933
828.907,179.56166993459243
829.025,153.50882736836024
829.143,124.8443493331012
829.262,102.62695192189514
829.38,90.4194228322836
829.499,83.20521701087944
829.617,72.66891010195992
829.735,71.38473810257031
829.854,84.85036359629015
829.972,113.07302293938045
830.091,141.56779465905248
830.209,184.29002459483604
830.327,234.78410174382822
830.446,282.5655595741079
830.564,319.71671437408463
830.682,354.9605098667022
830.801,369.32032267533714
830.919,356.3390099428467
831.037,327.89189634455573
831.156,281.99716369864575
831.274,237.4703964207014
831.392,191.2639754631034
831.511,160.3536584016092
831.629,152.75243224920587
831.747,139.005751551348
831.866,131.3551747495941
831.984,131.77819102143337
832.102,130.9925492846146
832.221,124.78015495725647
832.339,110.86755817222053
832.457,106.04298737938599
832.576,100.4954150036802
832.694,92.85873997643972
832.812,80.6048651070446
832.93,75.02757993607835
833.049,72.24828210459077
833.167,63.1927982931951
833.285,56.565503276306295
833.404,64.04141115609168
833.522,70.57855125527257
833.64,85.01566034092912
833.759,90.64400401618332
833.877,108.6769254771625
833.995,125.41647807800666
834.113,142.62873579648542
834.232,159.88716684824993
834.35,174.11010006451676
834.468,184.75467830242866
834.586,193.6841050251889
834.705,194.77630231071942
834.823,195.13689786464795
834.941,180.98234190342475
835.059,170.78016689458252
835.178,162.28708279483118
835.296,153.7385874396686
835.414,159.87407476848875
835.532,160.6338045215512
835.651,183.21431349539262
835.769,204.073610348022
835.887,208.517322785067
836.005,225.8796499407269
836.124,242.12249657690631
836.242,259.94629559403825
836.36,265.5908738319496
836.478,275.2943265287355
836.596,296.3908528185949
836.715,315.4691972902725
836.833,317.8168058312144
836.951,339.778267186009
837.069,353.87739087846586
837.188,368.1522721466802
837.306,372.2912226789639
837.424,398.98948057055486
837.542,406.5899029643102
837.66,422.08556345330356
837.779,433.8046005656737
837.897,443.0292653836714
838.015,440.11107305881194
838.133,427.41106255213407
838.251,422.00802174242597
838.369,425.20065192838865
838.487,418.42964575071494
838.606,422.4820161964177
838.724,434.94997105770483
838.842,437.7348090358749
838.96,427.9967032911011
839.078,409.512277200007
839.196,407.7594528405148
839.315,398.4975375719318
839.433,391.8633279310545
839.551,395.0256550867142
839.669,397.36893462332625
839.787,400.0836427313669
839.905,397.18363222468906
840.023,389.68102431541365
840.142,392.00785363557543
840.26,384.61260503365924
840.378,376.4346724490589
840.496,376.95111215883094
840.614,364.45369905475
840.732,357.95542014980333
840.85,347.68311527083074
840.968,346.32596190700957
841.087,351.3688085431883
841.205,358.71901448672634
841.323,363.95060571164976
841.441,379.1432358976122
841.559,384.2735284212371
841.677,391.67568241672325
841.795,395.62329095766404
841.913,409.9172198449249
842.031,424.7946985157354
842.149,437.53364904801765
842.267,449.2751969828972
842.385,463.33362803466
842.504,465.34444003880355
842.622,471.9760312637263
842.74,474.65177833280484
842.858,478.12319639755447
842.976,482.7218871895768
843.094,480.59590265692384
843.212,486.86212591647865
843.33,486.18202882971315
843.448,485.67768931870495
843.566,492.1049515392983
843.684,492.5772354049134
843.802,501.54215996316896
843.92,507.49409750843745
844.038,514.2018792095503
844.156,521.732171733174
844.274,525.2529404472738
844.392,533.2031463908106
844.51,532.6572484382438
844.628,528.2706578449838
844.746,518.8148031824599
844.864,499.27496583595297
844.982,479.2173795716971
845.1,455.74074568839353
845.218,429.0312113721894
845.336,404.8177809520889
845.454,383.5186362462741
845.572,363.607370328338
845.69,340.5532472675447
845.808,319.3623276699549
845.926,308.01729551825247
846.044,296.8073283016149
846.162,282.67008835770457
846.28,260.7752726562184
846.398,244.18954786382307
846.516,223.2661607337655
846.634,202.69775195868604
846.752,181.21505746932098
846.87,163.08734133493437
846.988,145.81590225682484
847.106,128.5695714038234
847.224,111.10419293177443
847.342,100.14168139226233
847.46,97.51174629888001
847.578,93.49485424915365
847.696,94.0940903964042
847.814,98.95896797355675
847.932,105.08066638837873
848.05,116.14008317153181
848.168,129.56237943111765
848.285,137.6840794197771
848.403,149.61184001449695
848.521,160.39587766549386
848.639,174.6942010307763
848.757,191.36655037008467
848.875,204.91941918991256
848.993,217.09653043398285
849.111,220.02775423216576
849.229,217.32174859311937
849.347,213.82699836532848
849.465,209.57900138429088
849.582,206.8877143599633
849.7,209.86828880749704
849.818,211.96314896931645
849.936,215.95238142550784
850.054,223.12689526698057
850.172,226.86331387035796
850.29,237.65600953001245
850.408,243.56125930222126
850.525,250.63274284066392
850.643,260.80206187694193
850.761,269.3047142465532
850.879,267.8004402092379
850.997,271.37495405071024
851.115,264.31483585755063
851.233,270.4348042444776
851.35,276.02317089980295
851.468,285.5353470789379
851.586,311.04059685114646
851.704,344.8921669696754
851.822,379.5852955297627
851.94,427.8974717088977
852.057,472.043414121799
852.175,521.9962829416268
852.293,566.8937405060433
852.411,603.9487738280358
852.529,653.174369920591
852.647,688.5229097360901
852.764,721.2272937074337
852.882,747.5186906657902
853.0,759.4611698752293
853.118,759.5335192145385
853.236,749.7192884672675
853.353,730.6583044732431
853.471,719.264852946751
853.589,689.8644750133328
853.707,662.6424520582696
853.824,638.1078749906522
853.942,613.9975403472774
854.06,581.1616645783615
854.178,546.563018246675
854.296,515.6500862007032
854.413,475.4869377045149
854.531,431.3913216758592
854.649,390.493974045472
854.767,349.5429467614052
854.884,312.36940865482734
855.002,264.03829479067383
855.12,223.67428049361993
855.238,190.3648116511115
855.355,150.60685796011825
855.473,125.49998652020713
855.591,99.9289499562258
855.708,78.28862385122838
855.826,56.34905793895881
855.944,33.03693501797428
856.062,14.600267399988951
856.179,3.8107591032515913
856.297,-4.1733273821811405
856.415,-4.754923837266548
856.532,-9.671775571824078
856.65,-16.169379838241035
856.768,-20.977253104315096
856.886,-33.8306258443071
857.003,-38.018316507832274
857.121,-37.08439162014663
857.239,-35.749081854715044
857.356,-29.141954465175154
857.474,-25.352381970678323
857.592,-9.43401897879869
857.709,14.704138530086176
857.827,36.987545567058675
857.945,63.387979122974855
858.062,87.29144212832958
858.18,110.66945852115349
858.298,130.3763641920963
858.415,145.85558026024728
858.533,166.04994784354986
858.651,187.47635005888708
858.768,209.8057825772545
858.886,222.05382981423645
859.003,232.0092363585774
859.121,236.97936151763685
859.239,226.71052563773515
859.356,209.7767546928984
859.474,189.69493180000956
859.592,175.28670198071367
859.709,156.34080982375536
859.827,141.7827964546758
859.944,125.92694758776065
860.062,113.25984330959017
860.18,96.21784725652805
860.297,86.84598107359577
860.415,86.82909324564193
860.532,88.54986775535056
860.65,85.90700590142293
860.768,90.6979102812618
860.885,96.55201812430415
861.003,107.29703505825566
861.12,120.19443294458824
861.238,122.77927671836652
861.356,126.68013780816209
861.473,125.55762227458104
861.591,124.33986864576187
861.708,121.16021025503805
861.826,128.37708866085103
861.943,131.57491944761637
862.061,131.0671225287541
862.178,114.02945548002162
862.296,103.23248107198177
862.414,96.56191359034881
862.531,93.09740671477645
862.649,95.43722884353316
862.766,106.9458821411212
862.884,116.67098565515965
863.001,123.21946579257482
863.119,122.66491562695964
863.236,125.87746502844396
863.354,127.48481962473325
863.471,122.54239067123889
863.589,123.23026474804747
863.706,127.24714315386043
863.824,144.0995193951714
863.941,155.0021120866988
864.059,153.14280001632147
864.176,151.25751391997014
864.294,147.005994057385
864.411,138.04971229003792
864.529,125.05273788199821
864.646,124.80901022720505
864.764,141.31333452046374
864.881,149.4202562163199
864.999,156.3548835398816
865.116,175.4947056686381
865.233,194.18257974544645
865.351,211.44361399541492
865.468,212.17304651378151
865.586,220.09988162955045
865.703,227.55312367172627
865.821,220.67303238056888
865.938,212.06133935780974
866.056,204.61501430041875
866.173,198.27171954605825
866.29,202.2764767397498
866.408,200.2457360979435
866.525,210.1318785730205
866.643,217.6491898792663
866.76,216.3907436097545
866.878,211.63013283807817
866.995,201.40458700146667
867.112,194.24051302632694
867.23,192.80111437586243
867.347,192.75565511933735
867.465,194.89720884982523
867.582,199.06560240715305
867.699,200.01235094283578
867.817,202.708883028302
867.934,212.43817716320305
868.051,224.8801251533374
868.169,236.5208334015316
868.286,251.8730464970314
868.404,253.3651186330133
868.521,263.6914221038499
868.638,270.83464089222474
868.756,284.78438538774833
868.873,305.72680277656787
868.99,325.4202747932361
869.108,355.2715720035299
869.225,396.82224640887705
869.342,422.89886507443
869.46,457.7798127443119
869.577,483.05383400726737
869.694,500.72179466416225
869.812,502.25815358945545
869.929,504.87936099959717
870.046,509.62351213268255
870.164,522.793637291742
870.281,518.7559702430093
870.398,512.407480683454
870.516,503.4208958858033
870.633,485.97543662927797
870.75,460.8520552948305
870.867,441.87759170930053
870.985,420.16806318870545
871.102,409.70701951659504
871.219,380.4849368834455
871.337,356.72778931523095
871.454,341.6078711842457
871.571,320.8178231831306
871.688,300.65634661058687
871.806,281.004826748
871.923,255.10395623606263
872.04,237.3329558539954
872.157,210.07277798275075
872.275,202.02731872622473
872.392,193.61475990259913
872.509,185.98228765906032
872.626,179.94375480946115
872.744,165.41258126722138
872.861,147.04850729208124
872.978,125.69309132559908
873.095,103.40607362751524
873.213,87.4073676177429
873.33,67.44848844779737
873.447,60.35108113932381
873.564,45.51741439333358
873.681,40.718598816365855
873.799,34.840636490277795
873.916,26.260311039704956
874.033,19.296105285249332
874.15,13.076589382099302
874.267,-0.39144999443263595
874.385,-1.458477023312347
874.502,-9.961064823435557
874.619,-11.045330161372794
874.736,-12.782484509344163
874.853,-8.77772191361715
874.97,-10.899894324003634
875.088,-6.306848575398513
875.205,-6.509120432142438
875.322,2.892657353714218
875.439,2.2006804022453887
875.556,-4.178350723638295
875.673,-8.619836783405406
875.791,-17.213269814980393
875.908,-21.70680760881794
876.025,-23.037616269856784
876.142,-16.468647212600956
876.259,-6.670526456775501
876.376,-1.8562655557022572
876.493,-1.7804897845628123
876.61,-4.7002648054023615
876.728,-11.585582358422922
876.845,-5.793028130356348
876.962,-6.9404197091590385
877.079,3.0356504026317435
877.196,7.353066553505458
877.313,11.016759115157406
877.43,11.521444645017247
877.547,1.4248887549928106
877.664,-4.348384434433739
877.781,-11.874477709277798
877.898,-12.697704433826088
878.016,-8.689799001731433
878.133,-8.654009835167546
878.25,-4.392817081175259
878.367,0.02554424518207732
878.484,-10.634858582780248
878.601,-8.343618414201057
878.718,-22.33332249857417
878.835,-27.366553496084098
878.952,-26.215746810561463
879.069,-25.635585224206586
879.186,-19.002144482394776
879.303,-9.905581326219902
879.42,-10.260177686534126
879.537,-6.7693230924117245
879.654,-15.718913320926534
879.771,-24.40670804964398
879.888,-30.230710187211294
880.005,-33.79213644174466
880.122,-36.65178697325626
880.239,-38.80966178174613
880.356,-40.26576086721429
