wavelength_nm,intensity
792.446,0.25047581767024135
792.565,0.21329866785160856
792.684,0.18188166491096697
792.803,0.15622480884831663
792.922,0.13632809966365736
793.041,0.10804070517735963
793.16,0.10850485157159638
793.279,0.1170975682325387
793.398,0.12627309654708568
793.518,0.14550062379442297
793.637,0.17090400185051188
793.756,0.1971785932032265
793.875,0.2204490007744736
793.994,0.22317980383182756
794.113,0.21511432142453274
794.232,0.19979298413904859
794.351,0.17867807843100442
794.47,0.1627491449757185
794.589,0.15313876105880397
794.708,0.15067533035800063
794.827,0.15112746001711147
794.946,0.1542044952552796
795.066,0.15233964817293372
795.185,0.15881291317605084
795.304,0.16604097935426154
795.423,0.16160229781714336
795.542,0.16069353222324934
795.661,0.1523088552891736
795.78,0.1467856634069456
795.899,0.14791373441688663
796.018,0.13898905544809215
796.137,0.14023128544172897
796.256,0.1383709446350552
796.375,0.13339376315510895
796.494,0.12789431464153578
796.613,0.1119244190236949
796.732,0.09964032873035936
796.851,0.09516038914533784
796.97,0.09494435216239674
797.089,0.10798749956428455
797.208,0.12352191214222961
797.327,0.1424199538095653
797.446,0.15329749171204657
797.565,0.16493703226810247
797.684,0.16528159285178612
797.803,0.16773283731222377
797.922,0.16631919933780343
798.041,0.1606418735315353
798.16,0.15763151187726468
798.279,0.15327152065916977
798.398,0.14886796877624342
798.517,0.15276647877340238
798.636,0.15167579055548921
798.755,0.15437412913195184
798.874,0.15600598246599362
798.993,0.1552307335451346
799.112,0.15432254949194565
799.231,0.15659504501738533
799.35,0.1501614159441322
799.469,0.14756037433008617
799.588,0.1478155604462703
799.707,0.14689535965795536
799.826,0.1484686314082586
799.945,0.14363623229052794
800.064,0.14918178604587656
800.183,0.15523054058462102
800.302,0.1591921384411908
800.421,0.17279791728221658
800.54,0.18475815445694355
800.659,0.19349640452604663
800.778,0.20039834725872777
800.897,0.19612622841624072
801.016,0.19636113629190022
801.135,0.18890308054916682
801.254,0.19302089596237276
801.373,0.20232167944455548
801.492,0.20487882138328894
801.611,0.2087916012534094
801.729,0.20973474545554924
801.848,0.2012793006973682
801.967,0.18638889427928387
802.086,0.16503348436348153
802.205,0.14518692575192138
802.324,0.12934916946470787
802.443,0.10645376735306832
802.562,0.09180561765598722
802.681,0.08105591782765928
802.8,0.06563487873113259
802.919,0.058740453457778855
803.038,0.04876069674501494
803.157,0.04319137765938627
803.276,0.04107070043748104
803.394,0.045572845818465366
803.513,0.04683542376859782
803.632,0.04044814107806188
803.751,0.030462218230512532
803.87,0.03271231895311785
803.989,0.025966301833119727
804.108,0.023334830623236626
804.227,0.023504778366407533
804.346,0.031657600390653615
804.465,0.039582057982214515
804.583,0.04268720915124702
804.702,0.051157313068780005
804.821,0.057189568786385245
804.94,0.053487984781126555
805.059,0.05439923334466252
805.178,0.0519646435085118
805.297,0.052638580721800624
805.416,0.061270397400282894
805.535,0.06490846420942689
805.653,0.06804229992092342
805.772,0.07590242225805369
805.891,0.08386598853185118
806.01,0.10154950277462181
806.129,0.12882362691208632
806.248,0.16252176689636422
806.367,0.19421204626823058
806.485,0.22007899397569086
806.604,0.2422813409416678
806.723,0.2579368204018817
806.842,0.25805991866596334
806.961,0.25282881038552474
807.08,0.24504865216651123
807.198,0.2342072306741825
807.317,0.21673707766804587
807.436,0.20686976276685815
807.555,0.20520612272691266
807.674,0.20243018364187879
807.793,0.20639863714623924
807.912,0.21857977806318635
808.03,0.24546639859041686
808.149,0.27658441197384437
808.268,0.3066644798607747
808.387,0.33867098059757106
808.506,0.3496234103478979
808.624,0.3389840202148726
808.743,0.3183985286273535
808.862,0.2931317676623627
808.981,0.2784923068243132
809.1,0.2631513690732912
809.219,0.2516632970220013
809.337,0.24832557556983292
809.456,0.2340856711747193
809.575,0.21732826077073591
809.694,0.21421134682650556
809.812,0.2144185622364689
809.931,0.2258854584593724
810.05,0.24179253831128494
810.169,0.2593263836808622
810.288,0.27475429621963077
810.406,0.2812973352247094
810.525,0.282190255582793
810.644,0.2817117660446365
810.763,0.2800841762100685
810.882,0.28469402295177204
811.0,0.28836205807798543
811.119,0.29877824102331996
811.238,0.31582916385002535
811.357,0.3279404574940528
811.475,0.33780236853170653
811.594,0.3393547072298211
811.713,0.34907091535407364
811.832,0.3559496718967299
811.95,0.3657905536479132
812.069,0.3729201595363221
812.188,0.3890998690664018
812.307,0.3934919124839487
812.425,0.40096699950722664
812.544,0.4077248376526793
812.663,0.41946436355375033
812.782,0.4295583477885224
812.9,0.4475796219766416
813.019,0.4665569776532125
813.138,0.4837348272446842
813.257,0.4901854875984809
813.375,0.5094159457586402
813.494,0.5164441604444241
813.613,0.5175946895617667
813.731,0.5066976906694797
813.85,0.4955776311314187
813.969,0.49529441353905646
814.088,0.4895916484049269
814.206,0.48370487701418263
814.325,0.49384542609756743
814.444,0.489657520635243
814.562,0.4855522302269089
814.681,0.4768798294247989
814.8,0.4748158818959718
814.918,0.4688532548647453
815.037,0.46683887636831245
815.156,0.45987660718380274
815.274,0.4587417034893945
815.393,0.4539965219356078
815.512,0.4616428474344289
815.631,0.46789898688837583
815.749,0.4717382604901321
815.868,0.4684816520000621
815.987,0.4707955512867781
816.105,0.46005927622679926
816.224,0.4553734273026959
816.343,0.4467348235681269
816.461,0.43973650417823906
816.58,0.4219208700372324
816.698,0.39757939767693307
816.817,0.3813687487211756
816.936,0.3727444148595687
817.055,0.36036710440896347
817.173,0.3531134293976509
817.292,0.3446220306683736
817.41,0.33392556104349924
817.529,0.32733055332627337
817.648,0.3119152620266589
817.766,0.31304626394942214
817.885,0.3170147174537814
818.004,0.3187150122031327
818.122,0.3236290325527089
818.241,0.33342710468500597
818.359,0.33743686571636067
818.478,0.3507977191297238
818.597,0.33841017824516095
818.715,0.36032026281684953
818.834,0.3747628978815633
818.953,0.4746272692443681
819.071,0.5868999416831155
819.19,0.7257098851857601
819.308,0.8306058995809104
819.427,0.8923092061398514
819.546,0.8502066225783825
819.664,0.7610299409278065
819.783,0.618718679209227
819.901,0.5224021216600788
820.02,0.41615597050066777
820.138,0.35068648513054
820.257,0.29834708137222865
820.376,0.26575579508424724
820.494,0.23029583854873753
820.613,0.21836765357346255
820.731,0.22296172835031353
820.85,0.23506325839705164
820.969,0.25505302400797825
821.087,0.27980442091253105
821.206,0.3088946102434684
821.324,0.320907516868654
821.443,0.32176513806730545
821.561,0.3174788455861395
821.68,0.2951847244729119
821.798,0.26722921902350877
821.917,0.23299496947083875
822.035,0.2160813415102195
822.154,0.20908527525816978
822.273,0.2039435414452307
822.391,0.20741855776348567
822.51,0.21654219063684477
822.628,0.21549816350182704
822.747,0.2271002479948966
822.865,0.22670737769451185
822.984,0.2300900153614864
823.102,0.2291871848641977
823.221,0.22471313089668957
823.339,0.22845401747960425
823.458,0.24179777751997977
823.576,0.246159779099713
823.695,0.2614810431142397
823.813,0.2650379234405397
823.932,0.26192025845036454
824.05,0.24721921184479612
824.169,0.2446730928190449
824.287,0.2410064132428062
824.406,0.24189708046305342
824.524,0.24214109712433957
824.643,0.24978592053127072
824.761,0.24958156276317267
824.88,0.24402825577217185
824.998,0.23612342392622745
825.117,0.240536496630245
825.235,0.23941060548718204
825.354,0.240827004869186
825.472,0.24380557981755313
825.591,0.24133531643228362
825.709,0.23772346321005638
825.828,0.23611540057006797
825.946,0.22893983433707488
826.064,0.2243974351885379
826.183,0.22845451211445159
826.301,0.22906353710518595
826.42,0.23073454106266905
826.538,0.23264663076861494
826.657,0.23637249643262165
826.775,0.2382515401169712
826.894,0.2340163187600891
827.012,0.2232500018622966
827.13,0.21953074906988154
827.249,0.21604657365836616
827.367,0.2116641472961921
827.486,0.21336894832121656
827.604,0.22730227942870437
827.723,0.23889159614070227
827.841,0.2516352704707291
827.959,0.25927859178576956
828.078,0.281059601976396
828.196,0.30185298674886496
828.315,0.30695927486045627
828.433,0.31539870487758587
828.552,0.32514871006938084
828.67,0.30674801113693484
828.788,0.2743673429774301
828.907,0.23771247234284243
829.025,0.20621205271176338
829.143,0.17742071610395235
829.262,0.15093658200647656
829.38,0.14266950789568197
829.499,0.1375385108017502
829.617,0.1266864704300755
829.735,0.12443438209390298
829.854,0.13504231125688387
829.972,0.1587718364040771
830.091,0.2002958683799011
830.209,0.2502196547877292
830.327,0.3065627039102331
830.446,0.36307659201053044
830.564,0.4088559153596255
830.682,0.4409555000983221
830.801,0.4519544490019363
830.919,0.43362618030789235
831.037,0.3991139980601103
831.156,0.3466198982653818
831.274,0.2940165212856025
831.392,0.24428702161576937
831.511,0.21597547469293604
831.629,0.20336942505664213
831.747,0.195805146851596
831.866,0.1844937126636282
831.984,0.18164656627994502
832.102,0.17937246795257672
832.221,0.16824659962573785
832.339,0.15518399581269715
832.457,0.1535806369326287
832.576,0.14913311198340598
832.694,0.1466887298487093
832.812,0.1447007137813533
832.93,0.14619671274053608
833.049,0.14858690198914576
833.167,0.14583084226114404
833.285,0.1371711428919277
833.404,0.13856061853082877
833.522,0.1427553787913033
833.64,0.1478218418096348
833.759,0.15445338184701674
833.877,0.16571151633492168
833.995,0.18928043965797092
834.113,0.20580448973675633
834.232,0.2146393229854742
834.35,0.23034021826673595
834.468,0.24595699640211663
834.586,0.2556803170042038
834.705,0.2580839438227455
834.823,0.25141118039152877
834.941,0.24127309096838917
835.059,0.2202576031185013
835.178,0.20552912087727931
835.296,0.1938115818310331
835.414,0.19604246808214038
835.532,0.21596874785203654
835.651,0.23606776818936703
835.769,0.2492421449104148
835.887,0.26547628281288704
836.005,0.28191695835033503
836.124,0.3005897424374132
836.242,0.31352303340999765
836.36,0.32427829114101825
836.478,0.3424478744447005
836.596,0.35529179094978636
836.715,0.3664961741561361
836.833,0.38236680582105004
836.951,0.3981360462833393
837.069,0.4129882596463358
837.188,0.42409050060411524
837.306,0.43413376677892745
837.424,0.4394514518654915
837.542,0.45211136211396186
837.66,0.4679001297708307
837.779,0.4737593189840041
837.897,0.48200383011966275
838.015,0.4845163586002815
838.133,0.4810205195179652
838.251,0.4840482655171053
838.369,0.48026327374582245
838.487,0.48100183170348415
838.606,0.4843232366672625
838.724,0.4819734936975756
838.842,0.4795140980198652
838.96,0.4701773746204305
839.078,0.4623532577549647
839.196,0.46527585732175336
839.315,0.4678807644536519
839.433,0.45941976062651485
839.551,0.45548005339048625
839.669,0.4547923750978961
839.787,0.4514722807667951
839.905,0.4413447059868886
840.023,0.4383040007474638
840.142,0.4447918154169084
840.26,0.44455927096721015
840.378,0.4367989930070997
840.496,0.42353730349717694
840.614,0.42303438250714653
840.732,0.420360938735006
840.85,0.4084759164429408
840.968,0.4068479286267508
841.087,0.4155393120999017
841.205,0.413987930970139
841.323,0.41950163904844234
841.441,0.42312871971198396
841.559,0.4365118872058413
841.677,0.4452896409627089
841.795,0.4553516832861537
841.913,0.46971271260087843
842.031,0.4924479042064438
842.149,0.5080714417553303
842.267,0.5179765154761933
842.385,0.533883197346483
842.504,0.5466662791299923
842.622,0.5469662262555588
842.74,0.549704068519786
842.858,0.5521933145760969
842.976,0.5614404720488185
843.094,0.5650540338853431
843.212,0.5568401241742305
843.33,0.5580300607450563
843.448,0.5593559366319938
843.566,0.5571211036919468
843.684,0.5639431338070788
843.802,0.5746540798273206
843.92,0.5877939084348787
844.038,0.5939955745991374
844.156,0.5958043730289457
844.274,0.6031566415815068
844.392,0.6053184316056375
844.51,0.6020561678123286
844.628,0.6001480398585163
844.746,0.5911830842020367
844.864,0.5755571020560984
844.982,0.5494059620317889
845.1,0.5292158736758562
845.218,0.5110408415913428
845.336,0.4739003972944251
845.454,0.44149905291277247
845.572,0.41569489611522226
845.69,0.38176141800502106
845.808,0.35470451657059876
845.926,0.333992451282636
846.044,0.3168831533945981
846.162,0.3056740724533623
846.28,0.28151095104643886
846.398,0.26703932651852946
846.516,0.24731488664872403
846.634,0.22392308942769207
846.752,0.21070345849070904
846.87,0.20111513469957504
846.988,0.1875304954331439
847.106,0.18120546627462902
847.224,0.1684046698284529
847.342,0.16287090969880355
847.46,0.15185474963312848
847.578,0.14588673235070093
847.696,0.14415649745749431
847.814,0.14817956451402348
847.932,0.15199092612668913
848.05,0.15838266128660988
848.168,0.17239311806923652
848.285,0.18765250116503696
848.403,0.20097953768436516
848.521,0.21561639833241314
848.639,0.22831781357925052
848.757,0.250270612781117
848.875,0.2664831678225446
848.993,0.274825512402473
849.111,0.2870094569929529
849.229,0.2890189821615479
849.347,0.2931089045988091
849.465,0.2871092758060119
849.582,0.2795399609873978
849.7,0.2832678792789921
849.818,0.2903026528680366
849.936,0.2883151115153889
850.054,0.2950855169316641
850.172,0.3013519705185983
850.29,0.3083717231887354
850.408,0.3109204993461037
850.525,0.31396421478146874
850.643,0.3256231782561372
850.761,0.33770648268993786
850.879,0.33945990119116254
850.997,0.34617097397775387
851.115,0.3409659517951542
851.233,0.33864569708870856
851.35,0.34422043735995933
851.468,0.3569564007202834
851.586,0.38082737126661664
851.704,0.4169321292170311
851.822,0.4578218008853779
851.94,0.509738329123601
852.057,0.562023620920999
852.175,0.6134226785028642
852.293,0.6642929997391912
852.411,0.7168306429742326
852.529,0.7640163328025897
852.647,0.8047753224764427
852.764,0.8268520442592948
852.882,0.8538796609140051
853.0,0.8710911070627707
853.118,0.8668256433578252
853.236,0.8583791068750224
853.353,0.8423019435872923
853.471,0.8213857912735631
853.589,0.7936779304758814
853.707,0.7531729978150937
853.824,0.7245608776991903
853.942,0.6945510610789594
854.06,0.66967314140342
854.178,0.6393058269131946
854.296,0.6036654188405483
854.413,0.5683261801919941
854.531,0.5284431135739703
854.649,0.4724583729332262
854.767,0.41800877020481186
854.884,0.37258073137214437
855.002,0.329808391002294
855.12,0.28191617042287764
855.238,0.24843577048910628
855.355,0.21526855671455292
855.473,0.1910515574709366
855.591,0.15761800731177378
855.708,0.13005779496698333
855.826,0.10911985182784775
855.944,0.08129185236308659
856.062,0.062159336697424156
856.179,0.05625485250222695
856.297,0.04669080459156161
856.415,0.05154556816729848
856.532,0.043846124862929006
856.65,0.04035094245618086
856.768,0.036298962813619585
856.886,0.027273273354544755
857.003,0.025755326663626135
857.121,0.029408704214865567
857.239,0.02776719370757366
857.356,0.04225032852130081
857.474,0.04352318622374776
857.592,0.055053754057404265
857.709,0.06864383594988395
857.827,0.08728772062313025
857.945,0.10875268084220265
858.062,0.13703720658724206
858.18,0.16398860874509116
858.298,0.19310346536442735
858.415,0.21528026242374976
858.533,0.2406625235778977
858.651,0.2645434438872571
858.768,0.2803446119163595
858.886,0.292503958156378
859.003,0.30538581059583936
859.121,0.3076606411488845
859.239,0.29841517794594713
859.356,0.28104114447630413
859.474,0.25945599639098893
859.592,0.2376447834761184
859.709,0.21429167323540968
859.827,0.1955327110425102
859.944,0.1822608905264611
860.062,0.1730289461505405
860.18,0.16065011926353262
860.297,0.14846731536826538
860.415,0.1425640066222103
860.532,0.14272013656337518
860.65,0.14668106526376867
860.768,0.1473967244342319
860.885,0.15027088965167942
861.003,0.15176538346748808
861.12,0.14593117094840669
861.238,0.14755709780465429
861.356,0.1537644049276397
861.473,0.1595879275725426
861.591,0.16513131007982376
861.708,0.1670794356466337
861.826,0.17287667168344878
861.943,0.16863768075232638
862.061,0.16271108958196445
862.178,0.1589520170099312
862.296,0.1502052483147165
862.414,0.14397673667431682
862.531,0.13900247176267982
862.649,0.13791787380209786
862.766,0.14559572888611116
862.884,0.14740415990708233
863.001,0.15337864278700364
863.119,0.15482356757041754
863.236,0.15801542522275466
863.354,0.16531099792057657
863.471,0.16064090661681354
863.589,0.16322591914529452
863.706,0.17174945196379132
863.824,0.17630821323669643
863.941,0.18224439277340448
864.059,0.18610993863873615
864.176,0.19316067035836879
864.294,0.19421580229613777
864.411,0.18232590631956358
864.529,0.1788612437581148
864.646,0.17435713360827818
864.764,0.18177813097897658
864.881,0.18689266625145312
864.999,0.19524946687007838
865.116,0.20789323774485763
865.233,0.22703355604706035
865.351,0.23863637724156123
865.468,0.2504577528061638
865.586,0.26113002807435504
865.703,0.27166711507238017
865.821,0.2713027701734053
865.938,0.2706763102394976
866.056,0.26580944489804864
866.173,0.2631611692792135
866.29,0.25921809045056576
866.408,0.2612878854605251
866.525,0.26315414701928985
866.643,0.263404157703625
866.76,0.27112707554436055
866.878,0.27934643475498366
866.995,0.2703180238302567
867.112,0.2697989634665365
867.23,0.26823069191713866
867.347,0.27078566260780496
867.465,0.2658624688204534
867.582,0.263050465185528
867.699,0.2611141811229005
867.817,0.26367816436491154
867.934,0.2616660246618021
868.051,0.2786658620197099
868.169,0.28933513310412023
868.286,0.30456700830663425
868.404,0.31467224388607407
868.521,0.32160205720850277
868.638,0.3340948678482637
868.756,0.35172032647866197
868.873,0.3716094375883958
868.99,0.40410335279922194
869.108,0.43416913646867683
869.225,0.4685286498077944
869.342,0.49888583930405206
869.46,0.5332543651945143
869.577,0.5715576207927535
869.694,0.5933175873523968
869.812,0.6037044651613495
869.929,0.6102294647192257
870.046,0.6110938309868718
870.164,0.6036884303500833
870.281,0.5865584868126846
870.398,0.5695742461886872
870.516,0.5576325280418831
870.633,0.5362126100645488
870.75,0.5220778377572731
870.867,0.5000503236101369
870.985,0.48639922489167725
871.102,0.47353221814018065
871.219,0.45592536042747367
871.337,0.43181444482788967
871.454,0.4160326287624242
871.571,0.3920561503870609
871.688,0.36419676447415084
871.806,0.3283522580701004
871.923,0.3066424363578546
872.04,0.28849632765637473
872.157,0.2672078427194799
872.275,0.2537730452332865
872.392,0.24354446288786422
872.509,0.22953286211562882
872.626,0.21228124913508062
872.744,0.20005112934525532
872.861,0.18866518519802244
872.978,0.1708127354611809
873.095,0.16152371159341228
873.213,0.14986260135139948
873.33,0.12536393040786997
873.447,0.10739320667126386
873.564,0.08960379602647935
873.681,0.08029072373436097
873.799,0.06754941367167495
873.916,0.06032155326765079
874.033,0.06462772221751258
874.15,0.06294135088093802
874.267,0.05668186883534129
874.385,0.05357706802278301
874.502,0.04828112748889566
874.619,0.047255556113442856
874.736,0.04352820185709246
874.853,0.04280260204191011
874.97,0.04319440795661655
875.088,0.046574068751203186
875.205,0.050216304563628064
875.322,0.05409914768469934
875.439,0.05175009943376085
875.556,0.04798339219829895
875.673,0.04381682440014757
875.791,0.04346046425555584
875.908,0.04400892616935285
876.025,0.04044797210735788
876.142,0.04076451657626372
876.259,0.041314812155531705
876.376,0.04085486346955657
876.493,0.039322678810324974
876.61,0.04046746823567507
876.728,0.04816870284954652
876.845,0.0555678259182142
876.962,0.05764080324979888
877.079,0.057740135072833265
877.196,0.057202785496908784
877.313,0.05787654034635283
877.43,0.056303476343869396
877.547,0.0570791864009431
877.664,0.05289066566910979
877.781,0.04675384827648459
877.898,0.04341991033150572
878.016,0.04317403953524447
878.133,0.04684293236912189
878.25,0.04757459036185607
878.367,0.04748392170587609
878.484,0.04815783360578637
878.601,0.03413281139108196
878.718,0.024499067122193977
878.835,0.01594116275910668
878.952,0.01762347691330072
879.069,0.02142063641615667
879.186,0.026055740127403675
879.303,0.03303378636832309
879.42,0.040089473656993904
879.537,0.04045498497744192
879.654,0.04158782154674437
879.771,0.031881582884782295
879.888,0.029356655310925163
880.005,0.026325811985896543
880.122,0.023174207480960517
880.239,0.01990184179611711
880.356,0.016508714931366325
