wavelength_nm,intensity
792.446,0.21865318756049604
792.565,0.18708562103740214
792.684,0.16012386857949495
792.803,0.13776793018677447
792.922,0.12001780585924057
793.041,0.0989532679151921
793.16,0.09624265334132215
793.279,0.1010664138407735
793.398,0.10659495824521906
793.518,0.12029694610561543
793.637,0.14478291147553396
793.756,0.1710884130518447
793.875,0.18738887707180063
793.994,0.19140114130425273
794.113,0.19413587166614643
794.232,0.17893086731716962
794.351,0.16771823167552516
794.47,0.16068245051959495
794.589,0.15541254794170414
794.708,0.15483798929203818
794.827,0.15753172281429154
794.946,0.15145394133760495
795.066,0.1458415945697768
795.185,0.14249191161327737
795.304,0.15307572808220232
795.423,0.152280509972119
795.542,0.14658677241971074
795.661,0.1411691606401744
795.78,0.1387111589458533
795.899,0.13036046444792795
796.018,0.13003007815200257
796.137,0.12949109028967168
796.256,0.12572525497043346
796.375,0.11591751327296332
796.494,0.10173924514485619
796.613,0.08990232963247238
796.732,0.08549052659766912
796.851,0.0806511076543316
796.97,0.08674636355748595
797.089,0.0887156491447513
797.208,0.09654872418894084
797.327,0.11090057199236927
797.446,0.12688946952618751
797.565,0.14086342967447685
797.684,0.1528377045087499
797.803,0.15260228270216636
797.922,0.1441023803398424
798.041,0.1367521981715509
798.16,0.13335821102855616
798.279,0.12586333413212214
798.398,0.12260379250735975
798.517,0.12702151199995937
798.636,0.12874127770740157
798.755,0.13110312627097626
798.874,0.12686448365244954
798.993,0.13437746453789806
799.112,0.13754297173736438
799.231,0.14200108517490384
799.35,0.13975139217363594
799.469,0.13811243150406965
799.588,0.129253806794892
799.707,0.1218451438406426
799.826,0.11768126016498932
799.945,0.11870166801974255
800.064,0.1306121628513224
800.183,0.1465741100708928
800.302,0.157938985198435
800.421,0.17022387763908328
800.54,0.17939059868826013
800.659,0.17929263687341138
800.778,0.18007369553202848
800.897,0.18137565521195873
801.016,0.1891460721345603
801.135,0.19365060846404497
801.254,0.2021264121863413
801.373,0.21353409283762548
801.492,0.21189814664156179
801.611,0.2095797236444261
801.729,0.20028158869851553
801.848,0.1921494521035535
801.967,0.17459648291711197
802.086,0.15812992998114056
802.205,0.1371054931086796
802.324,0.12243134611757367
802.443,0.10185593691613834
802.562,0.09257668103052255
802.681,0.07988768715608202
802.8,0.06719310109266838
802.919,0.05580955889405187
803.038,0.04878926757396981
803.157,0.04185232601453512
803.276,0.03691516336743049
803.394,0.034918582661654644
803.513,0.03124905194767158
803.632,0.02465395954842091
803.751,0.019355763896728953
803.87,0.022582353081816876
803.989,0.02351068241051242
804.108,0.02801924500726001
804.227,0.033534326173805376
804.346,0.03881799518812139
804.465,0.03744654311695669
804.583,0.03683486587889501
804.702,0.04061847365546578
804.821,0.045258414712672786
804.94,0.047255760779990656
805.059,0.050475837097001784
805.178,0.05505078309735771
805.297,0.05336445420525436
805.416,0.053164174115032714
805.535,0.05589108772395375
805.653,0.06166515565890435
805.772,0.07611495211689129
805.891,0.09088548863269066
806.01,0.10842108770964581
806.129,0.13360032261056343
806.248,0.162636640577694
806.367,0.19443963652949642
806.485,0.21572272285063673
806.604,0.23638422473546475
806.723,0.254082499166874
806.842,0.25097367169138846
806.961,0.24262267479423943
807.08,0.23102508993439275
807.198,0.22199583649907578
807.317,0.2126482546618452
807.436,0.19706613872577355
807.555,0.18976056123945426
807.674,0.189991167510558
807.793,0.1916518400114705
807.912,0.2049224557617187
808.03,0.22882572245163996
808.149,0.2590527516560901
808.268,0.2928929288011991
808.387,0.31159562580379796
808.506,0.3153682384408909
808.624,0.30760265229801886
808.743,0.2906296582876777
808.862,0.27199146911429617
808.981,0.2571328268189375
809.1,0.24867873492798725
809.219,0.24613481978695845
809.337,0.23919941964680405
809.456,0.23731989446582963
809.575,0.2333953504604409
809.694,0.2392316716576667
809.812,0.2411063717772903
809.931,0.2500952293639214
810.05,0.26439016321047903
810.169,0.2779212294713842
810.288,0.2864669594530788
810.406,0.29680147801143536
810.525,0.29330076898056434
810.644,0.29319254842993486
810.763,0.28551679359745147
810.882,0.29216943421928143
811.0,0.3015308807308796
811.119,0.31380913180395087
811.238,0.33633900436591985
811.357,0.35810862671043997
811.475,0.36341801793934686
811.594,0.3632627716020712
811.713,0.36302432579611377
811.832,0.36777483363757046
811.95,0.3611812747926534
812.069,0.3496916080842139
812.188,0.3549413127377625
812.307,0.34614537955157615
812.425,0.3377129918698477
812.544,0.32804647873600373
812.663,0.32661791879107405
812.782,0.3308716413992414
812.9,0.33213922655536743
813.019,0.3373328620017605
813.138,0.3480598650102037
813.257,0.3536116199087491
813.375,0.37382758260983884
813.494,0.38767335990445384
813.613,0.39472330813397516
813.731,0.4078474204719794
813.85,0.42169982960830105
813.969,0.43554801848171854
814.088,0.4398421350348253
814.206,0.44705365904410577
814.325,0.45755698811862877
814.444,0.46005809583216967
814.562,0.45526538345792633
814.681,0.4650319752083237
814.8,0.47756042758214157
814.918,0.4780159135765677
815.037,0.4704402392643832
815.156,0.46763105045509384
815.274,0.4656442100174147
815.393,0.46443028058589675
815.512,0.46611386308543284
815.631,0.47246746793576877
815.749,0.4763582479341787
815.868,0.47325183203749643
815.987,0.4746912421832916
816.105,0.47463728215571616
816.224,0.4709544989252663
816.343,0.4593701777488335
816.461,0.44306941132965494
816.58,0.4142326554010286
816.698,0.38808661852115256
816.817,0.37434694879009683
816.936,0.3618166858284323
817.055,0.35018895623355695
817.173,0.34199049169565926
817.292,0.3353010725933482
817.41,0.3278688872199056
817.529,0.31497025559617864
817.648,0.3086136343685954
817.766,0.30719170626537284
817.885,0.29547535114951023
818.004,0.29751645020649864
818.122,0.3056739160010116
818.241,0.3175958563060326
818.359,0.32083852450130457
818.478,0.33604066401878074
818.597,0.33107662921134196
818.715,0.35133758427540107
818.834,0.3651457129373043
818.953,0.4744194450506217
819.071,0.6008325662340324
819.19,0.7271135418930598
819.308,0.8122424829320165
819.427,0.8434081534646432
819.546,0.7834390380698639
819.664,0.6829623074613786
819.783,0.5401785030415285
819.901,0.45705040988974055
820.02,0.37684283825552306
820.138,0.33012175156623996
820.257,0.29824261878779845
820.376,0.2737575568080588
820.494,0.2528922746106844
820.613,0.24201032576044357
820.731,0.2390865869580414
820.85,0.2471409577587526
820.969,0.25871683650563265
821.087,0.28355941313908045
821.206,0.3128218108225819
821.324,0.3298080666125916
821.443,0.32663171493064136
821.561,0.31768023491170283
821.68,0.29745100662345575
821.798,0.26926839144497483
821.917,0.23849453484334157
822.035,0.22223114789560117
822.154,0.2151444211855999
822.273,0.21788367230587713
822.391,0.22285966276535768
822.51,0.23260635899063725
822.628,0.23310826787701078
822.747,0.23689233551341735
822.865,0.23850899670118908
822.984,0.23943715214088268
823.102,0.23580199759178147
823.221,0.2440402512761755
823.339,0.2543916508861509
823.458,0.26355595083065697
823.576,0.25994310338547766
823.695,0.26897898675875737
823.813,0.26507313248908954
823.932,0.2650438911442401
824.05,0.258464801772139
824.169,0.26015923637628735
824.287,0.26311974985168274
824.406,0.2631845600801258
824.524,0.25921901923509905
824.643,0.2641853633793701
824.761,0.25971278809114384
824.88,0.26183768951151604
824.998,0.26264345732698874
825.117,0.2677327919901807
825.235,0.26928735502379086
825.354,0.26342571034539614
825.472,0.26261150010037315
825.591,0.2624809724458236
825.709,0.2604525322738047
825.828,0.2558352622574359
825.946,0.2512161835569652
826.064,0.2530113015761123
826.183,0.24716593505463352
826.301,0.23966441679062336
826.42,0.24185081347045573
826.538,0.24311900152128352
826.657,0.25116010863858246
826.775,0.2544540228834054
826.894,0.25177083906654113
827.012,0.25166925035761967
827.13,0.24297400058643348
827.249,0.23633401884957178
827.367,0.23056702863917
827.486,0.22975522997294884
827.604,0.2320127682274509
827.723,0.23726789893330547
827.841,0.24079935369016223
827.959,0.25370220367304985
828.078,0.27305120379468684
828.196,0.293869458301671
828.315,0.30665052355503875
828.433,0.3177585560142585
828.552,0.31127231242604797
828.67,0.29202941986797226
828.788,0.2616058450873837
828.907,0.2289952357168913
829.025,0.195279597471244
829.143,0.1669272423898241
829.262,0.14053218571619158
829.38,0.1259821889316402
829.499,0.11580578056763433
829.617,0.11586091784987404
829.735,0.12430449100410904
829.854,0.13790342498195468
829.972,0.16757405291415522
830.091,0.20441064173062368
830.209,0.2505778245080392
830.327,0.3020358869944122
830.446,0.3567124823602511
830.564,0.4082057937069543
830.682,0.44158754535311795
830.801,0.44955427089574773
830.919,0.4364419890215149
831.037,0.3910929275065289
831.156,0.3362157181433577
831.274,0.28452299858872326
831.392,0.24540123643617107
831.511,0.2283701390080779
831.629,0.21887522533740777
831.747,0.21273783225434473
831.866,0.21453151895759381
831.984,0.2114634627952542
832.102,0.2096705289246706
832.221,0.20404258186360955
832.339,0.20034811810735292
832.457,0.20211045428617125
832.576,0.19386715001393412
832.694,0.18249241066681265
832.812,0.17874489217690404
832.93,0.17865754741430065
833.049,0.17558857379204118
833.167,0.16595589430966257
833.285,0.16642452457795476
833.404,0.1667107698670736
833.522,0.1683736759321497
833.64,0.17147598376264983
833.759,0.18258333646985597
833.877,0.19998552149120857
833.995,0.21228027093861124
834.113,0.22430251198134554
834.232,0.24648051425558337
834.35,0.26445935494018513
834.468,0.2758015307606499
834.586,0.2894208398652576
834.705,0.294822694200771
834.823,0.2971407421427469
834.941,0.28416214574125553
835.059,0.2717876498297591
835.178,0.2657604293261147
835.296,0.25799687208475997
835.414,0.24724717739136381
835.532,0.2545903526627891
835.651,0.26635395187896854
835.769,0.28438283282371934
835.887,0.2925405188356472
836.005,0.31173660392074787
836.124,0.32863807177538823
836.242,0.33861227952020534
836.36,0.3479233030943691
836.478,0.3657188637899901
836.596,0.384865511509642
836.715,0.39640121652899707
836.833,0.40168490350319397
836.951,0.41725759143772545
837.069,0.42283247655230927
837.188,0.4273414438362433
837.306,0.43280117606301377
837.424,0.44430010450563284
837.542,0.44792221368499324
837.66,0.4473306918019031
837.779,0.4569256787800464
837.897,0.4689250098241581
838.015,0.4728527866167194
838.133,0.4785000190953743
838.251,0.48001018813855434
838.369,0.48222634687612986
838.487,0.470496948294269
838.606,0.46383487967089954
838.724,0.4650423955743816
838.842,0.4614810143961663
838.96,0.4553645654768341
839.078,0.4495676507488166
839.196,0.4505701824540965
839.315,0.4538570821799265
839.433,0.4523684529823525
839.551,0.4507194537944207
839.669,0.4474378157572807
839.787,0.4467064223036528
839.905,0.4379794393307493
840.023,0.4340798342255009
840.142,0.4375711152548325
840.26,0.43607163395264825
840.378,0.42456349772590574
840.496,0.4163556070902138
840.614,0.41380045716728964
840.732,0.407573678517749
840.85,0.39835352767975984
840.968,0.4022746726306148
841.087,0.4019864067819233
841.205,0.40016859707782537
841.323,0.4024842334409988
841.441,0.4239248954964102
841.559,0.446659369579296
841.677,0.46040588946572836
841.795,0.4761956194924732
841.913,0.49885412884308367
842.031,0.5120357363950594
842.149,0.5192848600931916
842.267,0.5204797152079605
842.385,0.533242913837724
842.504,0.5345511131562044
842.622,0.5329569773860259
842.74,0.5287287946689527
842.858,0.5360936741495987
842.976,0.5284078903246201
843.094,0.5216795032841846
843.212,0.5139822644598947
843.33,0.5229894291049586
843.448,0.5282164439772989
843.566,0.532026053408543
843.684,0.5334843735074712
843.802,0.5432162175826485
843.92,0.5381047941292054
844.038,0.5454817315038634
844.156,0.5558285281736464
844.274,0.5753712777115871
844.392,0.5812994591207179
844.51,0.5769326106225079
844.628,0.567875241353678
844.746,0.5538753413293795
844.864,0.5262940323848037
844.982,0.502284874541246
845.1,0.4773448472799718
845.218,0.45791889495032867
845.336,0.42944891921707723
845.454,0.4070717973280271
845.572,0.386615497955069
845.69,0.3683302223989493
845.808,0.34816391537697705
845.926,0.3375709733057345
846.044,0.3200441392829623
846.162,0.3048288035422667
846.28,0.28126699356655005
846.398,0.256336612620485
846.516,0.22908629286653487
846.634,0.20960909448734105
846.752,0.1926375264838154
846.87,0.17923953971013043
846.988,0.16667259420405023
847.106,0.15289451210301602
847.224,0.14098561603668464
847.342,0.12957101881803026
847.46,0.12380244495533729
847.578,0.12015134419100211
847.696,0.1271907587766887
847.814,0.13652719772620897
847.932,0.15434148767192563
848.05,0.16336583053577552
848.168,0.17295545360083997
848.285,0.17788205675147417
848.403,0.1821519589556405
848.521,0.1802921522178003
848.639,0.18379931410464645
848.757,0.20070822229099322
848.875,0.21797766150829506
848.993,0.22602763496411565
849.111,0.2291549731895875
849.229,0.23207612142745637
849.347,0.23151977303229995
849.465,0.21497345138799356
849.582,0.20073742223636276
849.7,0.19978014886531142
849.818,0.19930157388653147
849.936,0.19908043494490502
850.054,0.20338884388884015
850.172,0.21610763390605936
850.29,0.22639977275338835
850.408,0.22566315884275398
850.525,0.22772578502697674
850.643,0.23371566729086773
850.761,0.24552770367839355
850.879,0.2533509887267906
850.997,0.2679140336331262
851.115,0.27876385007850424
851.233,0.28681744090252814
851.35,0.29001712649207095
851.468,0.2952805206417466
851.586,0.31784880138256755
851.704,0.3490396821312819
851.822,0.38516766758315946
851.94,0.4353895224508193
852.057,0.49276713451982757
852.175,0.549086063494593
852.293,0.598440955782799
852.411,0.6421816926190751
852.529,0.6867930094030085
852.647,0.712292564178117
852.764,0.7379916770991222
852.882,0.7586632511118749
853.0,0.7806630021500359
853.118,0.786519644685096
853.236,0.7809544471174059
853.353,0.7672411276711895
853.471,0.7438875219624776
853.589,0.7106229302707034
853.707,0.6861250304202644
853.824,0.6526403821627738
853.942,0.6274961791932983
854.06,0.6006656797462622
854.178,0.5702630291982074
854.296,0.5415273824972946
854.413,0.5068441795750236
854.531,0.46637559910585413
854.649,0.4231361145927553
854.767,0.3756202979683444
854.884,0.3327943992198532
855.002,0.28822312031314284
855.12,0.2483387448088491
855.238,0.2165108511885909
855.355,0.18930776281658815
855.473,0.1599480486417435
855.591,0.13020956390113858
855.708,0.10681877225470612
855.826,0.08436514236881942
855.944,0.06256788601917396
856.062,0.05027899384970261
856.179,0.046053225154710525
856.297,0.04117964313430983
856.415,0.03334539713438043
856.532,0.028352133654365355
856.65,0.02317753695816137
856.768,0.02049742297931513
856.886,0.015130471325280925
857.003,0.015596016989502519
857.121,0.017483689340305326
857.239,0.01903888693709798
857.356,0.024344618443613915
857.474,0.036175533504563206
857.592,0.05086992948197163
857.709,0.06962763977203307
857.827,0.0870607223982768
857.945,0.1089279800049261
858.062,0.13480856011629078
858.18,0.16136192088184895
858.298,0.18812335578682843
858.415,0.21446955496614473
858.533,0.24025084181100467
858.651,0.2576428488971012
858.768,0.2697631447212052
858.886,0.2831374615225443
859.003,0.2902157489655819
859.121,0.29185050015695757
859.239,0.28479150976576995
859.356,0.27032113482018205
859.474,0.24674403542212392
859.592,0.22397240334405907
859.709,0.20704884986175454
859.827,0.18797115361422814
859.944,0.17030242228198963
860.062,0.1594819718537966
860.18,0.14796819251992066
860.297,0.13534086667404788
860.415,0.12528548962090857
860.532,0.12807116679571762
860.65,0.133373929345506
860.768,0.13570321523196563
860.885,0.14442318494472
861.003,0.14928643725777557
861.12,0.151507804992829
861.238,0.1453447161267239
861.356,0.1450188537517685
861.473,0.14378864932592234
861.591,0.14091193947275443
861.708,0.14022675185624517
861.826,0.14157030490723416
861.943,0.1405384528378834
862.061,0.13354879533726433
862.178,0.12729949252897443
862.296,0.12887516003969218
862.414,0.12924744972802454
862.531,0.13413542072380485
862.649,0.13782543994950525
862.766,0.139362522199385
862.884,0.1424984811952396
863.001,0.1365445967902409
863.119,0.13588171627765383
863.236,0.1373398193217561
863.354,0.1408230456651531
863.471,0.14398975229073854
863.589,0.15025111741447225
863.706,0.15620500624090305
863.824,0.16863157257290934
863.941,0.1700420469356647
864.059,0.1753321486967414
864.176,0.17720745487365447
864.294,0.17363379874660037
864.411,0.16606897970161497
864.529,0.16213901280650977
864.646,0.16069900102485712
864.764,0.1680437679255573
864.881,0.1702536806612997
864.999,0.17616476396398767
865.116,0.1953546030472552
865.233,0.21344536509134013
865.351,0.2274756313269255
865.468,0.24373118190240267
865.586,0.2557634551002199
865.703,0.2615021105185379
865.821,0.25718207075214805
865.938,0.24399344994002276
866.056,0.24060608827545163
866.173,0.23350489525522244
866.29,0.22908899523143839
866.408,0.23702942209632533
866.525,0.24639509203341617
866.643,0.2560778845830193
866.76,0.2674813386081172
866.878,0.26989683843676204
866.995,0.2636113619464364
867.112,0.2579167222626927
867.23,0.24553417166526142
867.347,0.2414727737254263
867.465,0.23753436630451236
867.582,0.23958571773399814
867.699,0.2484130027034583
867.817,0.25707087426205166
867.934,0.26274321126330424
868.051,0.2742799050172332
868.169,0.28026815884159695
868.286,0.29116518131819563
868.404,0.3031932342531084
868.521,0.32053218660555216
868.638,0.33970152726899894
868.756,0.36466589179455394
868.873,0.3840775961276396
868.99,0.40412595726455247
869.108,0.4259896343449534
869.225,0.455460033862747
869.342,0.4890946270775423
869.46,0.5317111455417847
869.577,0.567964110441259
869.694,0.5910450319221588
869.812,0.595876330816083
869.929,0.5979294909296706
870.046,0.5960234415444583
870.164,0.5910323799763073
870.281,0.5779468541579831
870.398,0.5756434971650795
870.516,0.5648899680486523
870.633,0.5500765460184261
870.75,0.5281863459926295
870.867,0.505124721563579
870.985,0.48125220376222955
871.102,0.4561009463009207
871.219,0.42987171311495
871.337,0.4090878248647428
871.454,0.392979385017641
871.571,0.38396641290182804
871.688,0.3648585719192715
871.806,0.3395999992012567
871.923,0.3212686865930652
872.04,0.29455412317311624
872.157,0.27563378244244474
872.275,0.2510884341552328
872.392,0.23174184687124166
872.509,0.2150287036394444
872.626,0.199342892977459
872.744,0.18560563798779278
872.861,0.17483341913564698
872.978,0.15558992684545692
873.095,0.14602470318389982
873.213,0.13222293846126965
873.33,0.11651421780066105
873.447,0.09997261243051783
873.564,0.08670994082578046
873.681,0.07741829470126652
873.799,0.06798760146320917
873.916,0.06404309599790911
874.033,0.0601996415067004
874.15,0.061831645033441865
874.267,0.05592968614864585
874.385,0.047559307088815866
874.502,0.04063034730087777
874.619,0.033200074866965634
874.736,0.026591560128120056
874.853,0.026614659194443488
874.97,0.02638495060338421
875.088,0.03162727360983121
875.205,0.030678274959144252
875.322,0.030053139140737876
875.439,0.026529394959199766
875.556,0.020562462682908365
875.673,0.019831063791948066
875.791,0.021975383674903783
875.908,0.027656475684370147
876.025,0.03053915021012672
876.142,0.02620096462751269
876.259,0.03027323593008962
876.376,0.026775727866551528
876.493,0.023172901540957004
876.61,0.028744329012587017
876.728,0.032270474602597625
876.845,0.042826182613218494
876.962,0.03826550999859135
877.079,0.03508739610620226
877.196,0.03760214138950818
877.313,0.03219577147392051
877.43,0.028063201909355164
877.547,0.02677028366190121
877.664,0.02540437311442867
877.781,0.025256084353068607
877.898,0.024039037060067617
878.016,0.02217707182529127
878.133,0.024207069117931235
878.25,0.023133834302499656
878.367,0.022335033707764206
878.484,0.02298437251128776
878.601,0.021131087200668093
878.718,0.01887084538766145
878.835,0.021391125178302127
878.952,0.015707930593890154
879.069,0.015261572124087734
879.186,0.01191256723375528
879.303,0.011646883215364489
879.42,0.012304089247505203
879.537,0.012097218285165287
879.654,0.016821686692086106
879.771,0.022745277336506088
879.888,0.025362790200129933
880.005,0.02444897973325167
880.122,0.021474084864852357
880.239,0.016438105594932008
880.356,0.009341041923490613
