wavelength_nm,intensity
792.446,0.20479669623452446
792.565,0.21452309069297076
792.684,0.22004973867706026
792.803,0.22137664018679293
792.922,0.21850379522216856
793.041,0.20057165008261152
793.16,0.19321743328556884
793.279,0.19623075803872958
793.398,0.18832660614533017
793.518,0.17416544452364846
793.637,0.18839984205404603
793.756,0.1925476576113135
793.875,0.18380062698669417
793.994,0.17673935382451472
794.113,0.18235987692795796
794.232,0.18598838331433154
794.351,0.18480995096499553
794.47,0.17043338254481805
794.589,0.1666372014299605
794.708,0.15401561969179312
794.827,0.1492610697486635
794.946,0.1396167345032819
795.066,0.14930417967190202
795.185,0.15002241552373416
795.304,0.15870318783479043
795.423,0.15104672449544287
795.542,0.14292861448392877
795.661,0.14472454186312692
795.78,0.13873334622472105
795.899,0.13663924822959017
796.018,0.13641488445175165
796.137,0.13151571852828875
796.256,0.13393130203415549
796.375,0.1468003708703748
796.494,0.14882206760786995
796.613,0.16586378369424998
796.732,0.18651943314311598
796.851,0.22632669198200173
796.97,0.26681341720920393
797.089,0.32301257376088593
797.208,0.4147501207978964
797.327,0.5040202834921729
797.446,0.5411538027716735
797.565,0.5525715313771047
797.684,0.509390558472933
797.803,0.4366748751456576
797.922,0.34756167185691544
798.041,0.2704371868249491
798.16,0.2357622318276233
798.279,0.1982411477230001
798.398,0.16820061142784049
798.517,0.15682660977816898
798.636,0.14033576853303448
798.755,0.12632194466229302
798.874,0.11450609342203455
798.993,0.11021045061873781
799.112,0.1076988912035347
799.231,0.10906330663720515
799.35,0.10608948328614931
799.469,0.1163324986374421
799.588,0.12250572217472576
799.707,0.12074460546373043
799.826,0.11733771172402216
799.945,0.10647869412704114
800.064,0.09854918798997685
800.183,0.10726090482312944
800.302,0.10058996821713076
800.421,0.11098910871339686
800.54,0.11522005398824638
800.659,0.11246048442183454
800.778,0.10476895824446883
800.897,0.0916987036303046
801.016,0.08849676943216948
801.135,0.09530232165610894
801.254,0.09705934114018389
801.373,0.10644095830095433
801.492,0.1018461060385758
801.611,0.09389981250588388
801.729,0.0834483730460952
801.848,0.0839561638101618
801.967,0.08016313291429995
802.086,0.08462083925860978
802.205,0.08852328678007823
802.324,0.09303840386458612
802.443,0.07434732709997069
802.562,0.07463549548359566
802.681,0.06993895635942819
802.8,0.0794903813673662
802.919,0.06984247181891692
803.038,0.07122994153624465
803.157,0.07100184055639161
803.276,0.08624166659664984
803.394,0.0850030055928457
803.513,0.10318980418817372
803.632,0.11472083315441448
803.751,0.13188594709159748
803.87,0.14460771989648144
803.989,0.1796970707851463
804.108,0.21741093032978998
804.227,0.2678505276852856
804.346,0.304519111078258
804.465,0.33076023263207766
804.583,0.33280154682224505
804.702,0.3245938284781308
804.821,0.29624623523717253
804.94,0.26390928231416855
805.059,0.21824872025279618
805.178,0.17244168637399238
805.297,0.14307944290682656
805.416,0.12400351570928855
805.535,0.12701953326636442
805.653,0.12488425901870595
805.772,0.12055866151816345
805.891,0.12493138016592559
806.01,0.11048896296842117
806.129,0.0979477329000405
806.248,0.10368695459448143
806.367,0.10005383250722369
806.485,0.10711452785980191
806.604,0.09370615924083193
806.723,0.09477465479742961
806.842,0.09616570216655951
806.961,0.08982884754908019
807.08,0.09123190711588619
807.198,0.09476843996147491
807.317,0.0941031480725748
807.436,0.09919232439249454
807.555,0.1035822832934088
807.674,0.1124267530573444
807.793,0.11563748332451486
807.912,0.11231241313717151
808.03,0.11799062802139171
808.149,0.11293647754684161
808.268,0.1197239077306475
808.387,0.12748870440531507
808.506,0.12802685352282264
808.624,0.11546677540362833
808.743,0.10961547461759942
808.862,0.09890298808401779
808.981,0.0931477253473999
809.1,0.09115372946843397
809.219,0.08721879949405154
809.337,0.08900853953973997
809.456,0.08468448752228129
809.575,0.06617477566754211
809.694,0.07198653950336986
809.812,0.07604486653550152
809.931,0.07636588794596239
810.05,0.08980931782972931
810.169,0.1015501808360019
810.288,0.10413406266847519
810.406,0.11110353104688633
810.525,0.08993359900158286
810.644,0.0947323540999265
810.763,0.09349821145549404
810.882,0.09806913534574281
811.0,0.10204732387618543
811.119,0.11663580999316847
811.238,0.12410303352387922
811.357,0.13574196046652523
811.475,0.12703673814027852
811.594,0.13310652750694937
811.713,0.12185833716341435
811.832,0.11454958461605354
811.95,0.1038192734624665
812.069,0.09690516890565168
812.188,0.1088688104168071
812.307,0.12002813846575605
812.425,0.12797496313881287
812.544,0.1309823703477362
812.663,0.12599140012103316
812.782,0.1230909821976725
812.9,0.11646085917771296
813.019,0.1050996964547131
813.138,0.11924992964236705
813.257,0.1257596602079986
813.375,0.13049575022073145
813.494,0.13383236859600445
813.613,0.13329680474317704
813.731,0.13362941929912592
813.85,0.12240208193021082
813.969,0.11087025847234724
814.088,0.10714661306533707
814.206,0.10026354285433409
814.325,0.09477939566878187
814.444,0.09091551834291575
814.562,0.09024662743180781
814.681,0.09313355772038445
814.8,0.09196159050599292
814.918,0.0932426880000159
815.037,0.08605443165435543
815.156,0.09192938835712602
815.274,0.09160102043436895
815.393,0.09279156792955373
815.512,0.10647832960555079
815.631,0.10532862752641317
815.749,0.11386946387768791
815.868,0.11678128083182758
815.987,0.10808834241241515
816.105,0.1089977430688864
816.224,0.08309481825775952
816.343,0.0688002609445785
816.461,0.06440034166755494
816.58,0.04720494591226912
816.698,0.05260976254178624
816.817,0.06282246874618179
816.936,0.0643053169112163
817.055,0.06664064264168307
817.173,0.04902549726030998
817.292,0.045864333412150904
817.41,0.04890948017389026
817.529,0.04388851730763407
817.648,0.047350114336254016
817.766,0.04879828381593437
817.885,0.054476799192112596
818.004,0.06198195701578195
818.122,0.05502086172268349
818.241,0.05927993366647704
818.359,0.06198010719524871
818.478,0.06106821805704661
818.597,0.06393933892496156
818.715,0.06444383683995042
818.834,0.07570567507008868
818.953,0.09581368745556415
819.071,0.11030154580037503
819.19,0.13832345498622955
819.308,0.15210622380922162
819.427,0.16129776693672176
819.546,0.16001391199390977
819.664,0.1453518538716868
819.783,0.12174243784602017
819.901,0.1066854724348868
820.02,0.08820306066782395
820.138,0.08357246020367291
820.257,0.08165454195655153
820.376,0.07628512562357101
820.494,0.06965258380132242
820.613,0.06978606538267884
820.731,0.07085118470467348
820.85,0.07798418450980182
820.969,0.08008585026125958
821.087,0.09119108610963336
821.206,0.09478597865047511
821.324,0.08248674628855956
821.443,0.06407063225155375
821.561,0.05313652831487206
821.68,0.05177051815328508
821.798,0.05750906453177758
821.917,0.05919721607606121
822.035,0.07077841608435068
822.154,0.0830528277172766
822.273,0.08379540243636241
822.391,0.0842554211014419
822.51,0.08286118404989005
822.628,0.08201025284740363
822.747,0.08584926055927317
822.865,0.0893943816065147
822.984,0.09954101632563203
823.102,0.10687709142557864
823.221,0.11446266245352957
823.339,0.12832419688028035
823.458,0.14309882714627375
823.576,0.1701238275974548
823.695,0.21520747157597464
823.813,0.2594122846499049
823.932,0.28235072139474454
824.05,0.2697617530405628
824.169,0.2503951342252281
824.287,0.21314297493951906
824.406,0.168850847483257
824.524,0.15178649932555127
824.643,0.15075016268079178
824.761,0.16030240687435993
824.88,0.17503442715709983
824.998,0.1756399064295508
825.117,0.17802435250280696
825.235,0.16028623398491543
825.354,0.14655079076883631
825.472,0.13399862738454352
825.591,0.11867713426578766
825.709,0.1111474994082628
825.828,0.10846737650100728
825.946,0.09757860131684543
826.064,0.09086410072362269
826.183,0.07487118491132479
826.301,0.06709239847292209
826.42,0.05912911913439093
826.538,0.06290668571053058
826.657,0.066632728022491
826.775,0.06848875237855152
826.894,0.06586083194009373
827.012,0.060021250737985074
827.13,0.04877685708543135
827.249,0.04134711304590006
827.367,0.04419862918489706
827.486,0.05621562733757403
827.604,0.06709715251717774
827.723,0.07834922791573021
827.841,0.08124889806694309
827.959,0.0763763865010039
828.078,0.07568858631452909
828.196,0.0809420019431081
828.315,0.07266578259440085
828.433,0.06954148397049092
828.552,0.07806916884770551
828.67,0.08259705882324456
828.788,0.07578753578981451
828.907,0.06812577313740695
829.025,0.07676536422050262
829.143,0.08684531482935678
829.262,0.07925661202069592
829.38,0.08345786974865012
829.499,0.10171102939031348
829.617,0.10650175032475359
829.735,0.1065746495405307
829.854,0.12272949147713548
829.972,0.1448493524639124
830.091,0.17017959645379854
830.209,0.20560584042149832
830.327,0.271331777167888
830.446,0.3699000242873823
830.564,0.4892173359080382
830.682,0.6459880987789055
830.801,0.7997414756117794
830.919,0.8968531755251339
831.037,0.929321008287322
831.156,0.8697678236689496
831.274,0.7532130358749454
831.392,0.5986090994094748
831.511,0.4548599580984992
831.629,0.33459547729055206
831.747,0.25405366768672466
831.866,0.19408601063265718
831.984,0.16653704414814693
832.102,0.13947362069984573
832.221,0.12135467538749575
832.339,0.10810114120317157
832.457,0.11187776258586256
832.576,0.10171379494043971
832.694,0.10362694489553165
832.812,0.08730205385150205
832.93,0.08441417030179102
833.049,0.08158963861315888
833.167,0.06775774366783757
833.285,0.06624242712883918
833.404,0.07632368697937078
833.522,0.08269959906097664
833.64,0.0942290128711502
833.759,0.08539581788320198
833.877,0.08422406225322764
833.995,0.08101044420779974
834.113,0.07266281864237867
834.232,0.06055361009913156
834.35,0.051046768964116494
834.468,0.05753633533102466
834.586,0.06724921872907255
834.705,0.07710030042824124
834.823,0.08102768420984441
834.941,0.0839751820616615
835.059,0.09360068599208196
835.178,0.08694962782860882
835.296,0.08205955567864465
835.414,0.09087380779698327
835.532,0.07625680346558233
835.651,0.07512439557674996
835.769,0.06444950914339338
835.887,0.058410013400915166
836.005,0.07364217472764006
836.124,0.09137159927745342
836.242,0.11021022635427205
836.36,0.12430961086514394
836.478,0.12761429341369784
836.596,0.12694140791388192
836.715,0.1203597206939823
836.833,0.10579477314401353
836.951,0.10516657901855014
837.069,0.10385703032745176
837.188,0.09952940656769158
837.306,0.09788183657493424
837.424,0.09590498837347139
837.542,0.08915907054387329
837.66,0.08582989375424765
837.779,0.08903622205264769
837.897,0.0954074091501651
838.015,0.09896059433298313
838.133,0.0943405636274838
838.251,0.09471714115645066
838.369,0.09077678189716654
838.487,0.09252977439664876
838.606,0.09108937153611253
838.724,0.09291956202134027
838.842,0.09649469006219902
838.96,0.08596866950958176
839.078,0.0723444523003029
839.196,0.07070168441855908
839.315,0.07566217749763943
839.433,0.08136851564596206
839.551,0.08634558705011314
839.669,0.0940023640654338
839.787,0.10734731332360448
839.905,0.1030176562988137
840.023,0.10094999156707335
840.142,0.09460699259845078
840.26,0.09114650650472322
840.378,0.08530766090023847
840.496,0.0785509100180776
840.614,0.08539922814967092
840.732,0.08855313335556306
840.85,0.08522260514942856
840.968,0.09375824449400695
841.087,0.10188422215137116
841.205,0.10839293332834771
841.323,0.10417841618962159
841.441,0.0983621144943555
841.559,0.09824119129972164
841.677,0.09066176755778885
841.795,0.07607993344812206
841.913,0.08310545220736847
842.031,0.09367670997978114
842.149,0.0965166813175279
842.267,0.09255733467423961
842.385,0.0970680213664114
842.504,0.09384973620278861
842.622,0.0959296977530564
842.74,0.09112153534317388
842.858,0.09577686324709651
842.976,0.08938228963215214
843.094,0.09352599638048589
843.212,0.09227544611724534
843.33,0.0979228913224054
843.448,0.0989666228302006
843.566,0.1133719137329879
843.684,0.11951867207565489
843.802,0.12527300628419372
843.92,0.11515925669752863
844.038,0.12539813288765528
844.156,0.12230601820836323
844.274,0.12551011969843762
844.392,0.12454565380586027
844.51,0.13315790580916445
844.628,0.13046632219548396
844.746,0.15214525255183975
844.864,0.15177219182595839
844.982,0.1569184515528716
845.1,0.14708386652841
845.218,0.14350539457018724
845.336,0.11001900237984079
845.454,0.09279655128009669
845.572,0.07762634180611952
845.69,0.07968153215440033
845.808,0.07348635017040711
845.926,0.0822371410392354
846.044,0.09025719735971718
846.162,0.11194796127964984
846.28,0.10049882000929697
846.398,0.10330865294667699
846.516,0.09568028178843953
846.634,0.08621794545369466
846.752,0.08694212262740866
846.87,0.0769096100990393
846.988,0.06537884083559009
847.106,0.05786767698568908
847.224,0.047049863748684
847.342,0.048450672026405225
847.46,0.051052020187409265
847.578,0.05564115259536657
847.696,0.07210151010445962
847.814,0.07966182237586034
847.932,0.08402840226700029
848.05,0.08332569554349334
848.168,0.07612518099441601
848.285,0.08203697632367596
848.403,0.07413748114033822
848.521,0.058483683617198336
848.639,0.059316117893755904
848.757,0.064375654960247
848.875,0.06680766975757785
848.993,0.07333773534193977
849.111,0.07535195636692446
849.229,0.07957795962872502
849.347,0.07696474150785626
849.465,0.08309975596336172
849.582,0.07751152895468744
849.7,0.07028232551664473
849.818,0.07130683913005342
849.936,0.06848870044792482
850.054,0.06646968330639655
850.172,0.059865165058936465
850.29,0.06559781105852859
850.408,0.0683801995484441
850.525,0.0647840121691184
850.643,0.06865504481278073
850.761,0.08222857552436408
850.879,0.07995978917870539
850.997,0.086953912124837
851.115,0.08777725425866671
851.233,0.08632127570932624
851.35,0.08922145102861698
851.468,0.09247911795612768
851.586,0.09316470126100551
851.704,0.10176940304737384
851.822,0.11493081878659289
851.94,0.12542004212199448
852.057,0.12768472432818023
852.175,0.13034337358687248
852.293,0.14806240387255065
852.411,0.14389126421746856
852.529,0.14495183156864772
852.647,0.15405503325879805
852.764,0.17378543108459868
852.882,0.17230005193642112
853.0,0.18127276055285907
853.118,0.18519618615383698
853.236,0.19123812685966615
853.353,0.18064353222921972
853.471,0.17048568992711483
853.589,0.16547699778871885
853.707,0.15010742191000284
853.824,0.1400214839546376
853.942,0.1403883075159815
854.06,0.14257271317545384
854.178,0.1425933306228685
854.296,0.14006667000895007
854.413,0.1381578541521975
854.531,0.1392344002470961
854.649,0.12844007132015256
854.767,0.1253070799438206
854.884,0.10965879079649973
855.002,0.10366004612474042
855.12,0.08939021217177884
855.238,0.07826471173594185
855.355,0.08451364356794144
855.473,0.0901553854302711
855.591,0.09055198058302913
855.708,0.08865294480904894
855.826,0.07711041471628077
855.944,0.07346105380135712
856.062,0.06582732295103483
856.179,0.0643938255123345
856.297,0.06799763819786257
856.415,0.07564291592181768
856.532,0.06745961945390738
856.65,0.06549043510311595
856.768,0.06429805319201712
856.886,0.06279081527940827
857.003,0.06506182166658188
857.121,0.06867388162946991
857.239,0.06490876002243541
857.356,0.07371475330839249
857.474,0.058658210502418526
857.592,0.05337158753451481
857.709,0.060918751364140294
857.827,0.0669095700554426
857.945,0.07951036797986114
858.062,0.08840654512666438
858.18,0.10086632545180133
858.298,0.11297435981034594
858.415,0.11276589203878329
858.533,0.1155055880618577
858.651,0.123965674336624
858.768,0.1214150746264642
858.886,0.1301321523627235
859.003,0.13045240027422256
859.121,0.13397771786351986
859.239,0.13003030963985243
859.356,0.12074866413772148
859.474,0.12216611911798
859.592,0.12010287109127296
859.709,0.11406757368821632
859.827,0.12356361518081496
859.944,0.12013906790084349
860.062,0.1198195745718477
860.18,0.1108016191792032
860.297,0.10731154580168782
860.415,0.10888578694392825
860.532,0.10832339979075056
860.65,0.11046165708240496
860.768,0.11732646795095511
860.885,0.11506441813959947
861.003,0.11181978360971198
861.12,0.11558240332071179
861.238,0.1132037056034556
861.356,0.11727778176706816
861.473,0.11951760799812874
861.591,0.13201171351542856
861.708,0.1393471445590844
861.826,0.14208895761411786
861.943,0.13834782054541545
862.061,0.13324290065957523
862.178,0.12163477151663837
862.296,0.11633061385713447
862.414,0.11115591399871763
862.531,0.11551585644269176
862.649,0.11349772932315681
862.766,0.12104952724637236
862.884,0.11639718047292322
863.001,0.1124049703787946
863.119,0.12341252722962999
863.236,0.12624477195930497
863.354,0.13061803692414053
863.471,0.12394579098799789
863.589,0.11901373297683329
863.706,0.12544680681465029
863.824,0.12317250289082572
863.941,0.12743266705748335
864.059,0.14805034523782873
864.176,0.16152091256151627
864.294,0.16933182481800285
864.411,0.16208770729336183
864.529,0.15123106212606735
864.646,0.14661012169542875
864.764,0.1395537544094959
864.881,0.13466517002155073
864.999,0.1285088102411659
865.116,0.12250788495183579
865.233,0.12926470317747019
865.351,0.12399594466998462
865.468,0.12438110540114482
865.586,0.13936527112231845
865.703,0.15344934916394903
865.821,0.16929206231652166
865.938,0.1700786758084351
866.056,0.16903439158245329
866.173,0.1782804183120292
866.29,0.1752561014267673
866.408,0.17368318709605476
866.525,0.17124342591854227
866.643,0.1674827552601923
866.76,0.1643013140616854
866.878,0.16226368460112162
866.995,0.15787984293769897
867.112,0.16207525508983772
867.23,0.16819876898416689
867.347,0.17353932443622547
867.465,0.17352566918017115
867.582,0.18081563136604684
867.699,0.17772473638195269
867.817,0.17528497520444075
867.934,0.17598104248194155
868.051,0.1703974634775567
868.169,0.17602164163064193
868.286,0.18074302076355783
868.404,0.17535518136974054
868.521,0.18030159447671046
868.638,0.17093637945863724
868.756,0.16769368640920468
868.873,0.17510082604902566
868.99,0.1735305748422668
869.108,0.18072999081373065
869.225,0.18603725721637349
869.342,0.1807945580780116
869.46,0.20015779270618053
869.577,0.20725068371951183
869.694,0.21941948898783584
869.812,0.2160822550380606
869.929,0.208318909077898
870.046,0.20870472241483834
870.164,0.19798797199046383
870.281,0.19583715976188426
870.398,0.20855590012656472
870.516,0.2117766089117948
870.633,0.2176497891545133
870.75,0.2083511522352724
870.867,0.19128950899215708
870.985,0.18443828298600046
871.102,0.1775457785585679
871.219,0.18268793127610583
871.337,0.18100982354923834
871.454,0.18751815885482015
871.571,0.20211972785448568
871.688,0.19924587747258543
871.806,0.18802979130696734
871.923,0.1858456900289716
872.04,0.1855430858239833
872.157,0.17329770225041347
872.275,0.1631175713026292
872.392,0.16601737365148594
872.509,0.16343247221851803
872.626,0.15485687345259813
872.744,0.16190848604465252
872.861,0.1707470548093725
872.978,0.1725696235191191
873.095,0.17745478477516277
873.213,0.17398606147638174
873.33,0.17333026125581644
873.447,0.172200372965714
873.564,0.16448546987864918
873.681,0.16201848802749552
873.799,0.1568764111635232
873.916,0.15359474965751202
874.033,0.15985992228296303
874.15,0.15521089195491922
874.267,0.14897320396410824
874.385,0.15948383069183245
874.502,0.1522376376757804
874.619,0.15154457149897968
874.736,0.14821859582928726
874.853,0.15264838466373398
874.97,0.15215005534035048
875.088,0.15489539814787856
875.205,0.15640311918335273
875.322,0.17158266925598126
875.439,0.1671938927474062
875.556,0.17451220913754528
875.673,0.18046966918754712
875.791,0.17693575546798168
875.908,0.16946574454543645
876.025,0.16092648935564066
876.142,0.160773411494792
876.259,0.16017426037176558
876.376,0.1578880202243224
876.493,0.15773760548742724
876.61,0.16904794468356593
876.728,0.17652738007288
876.845,0.18215061806674276
876.962,0.17658474077080832
877.079,0.1832532549163417
877.196,0.17798432340180118
877.313,0.17087605596977917
877.43,0.15650201164518984
877.547,0.1616170696727383
877.664,0.16840087093485934
877.781,0.15601380661992256
877.898,0.160879502129218
878.016,0.16619160537414523
878.133,0.16852251153421788
878.25,0.17152048610455323
878.367,0.174008635158097
878.484,0.18866804397940984
878.601,0.186785944405517
878.718,0.1833585038776175
878.835,0.18801497610996531
878.952,0.17963146190497142
879.069,0.18621470431753318
879.186,0.18433720193045539
879.303,0.1766980308704093
879.42,0.18530524748748012
879.537,0.17569935938792058
879.654,0.17972999749124213
879.771,0.17045034207596202
879.888,0.1575381855883784
880.005,0.1582807977027566
880.122,0.16320518020480668
880.239,0.1723113330945288
880.356,0.18559925637192304
