wavelength_nm,intensity
792.446,0.26590222968230465
792.565,0.2346940545940608
792.684,0.2081873896672064
792.803,0.18638223490174144
792.922,0.16927859029766576
793.041,0.1546229912727392
793.16,0.1372072234491139
793.279,0.14446352525924078
793.398,0.148361937479136
793.518,0.17120330844456316
793.637,0.20020492144329932
793.756,0.23187053883109165
793.875,0.24980752490474972
793.994,0.254783764987367
794.113,0.24197209170569764
794.232,0.220653621800037
794.351,0.2034341151693252
794.47,0.19011945555171894
794.589,0.17775071053602398
794.708,0.18297790755384213
794.827,0.18652884094038225
794.946,0.1813102236468444
795.066,0.18435709823191238
795.185,0.19921289082338095
795.304,0.2120567380711016
795.423,0.2086602397216083
795.542,0.19839996194781545
795.661,0.1794473510124681
795.78,0.16159937957821902
795.899,0.14548665737967556
796.018,0.14095334556303263
796.137,0.14218116212267534
796.256,0.13886826392558715
796.375,0.13966702956375548
796.494,0.1433679828929998
796.613,0.14646067505505062
796.732,0.15321486050699046
796.851,0.15909803491835944
796.97,0.17905098900266492
797.089,0.19268052981434852
797.208,0.21803426385516417
797.327,0.252742042292658
797.446,0.27562803313733075
797.565,0.29386166849097023
797.684,0.28225073293532676
797.803,0.25385034942852525
797.922,0.2240857897611438
798.041,0.18940397561557262
798.16,0.1800151886485455
798.279,0.1653599855480571
798.398,0.1559252365994072
798.517,0.1637783867104466
798.636,0.16460861026412887
798.755,0.16981472698775338
798.874,0.1609657606407189
798.993,0.16673425417110704
799.112,0.18715124637193042
799.231,0.17703238950251937
799.35,0.17352099279453156
799.469,0.17547917031528257
799.588,0.16839002858237836
799.707,0.16527008179468244
799.826,0.15943250734117786
799.945,0.15943021786386302
800.064,0.16686333194102795
800.183,0.17283360302838885
800.302,0.17493334599976587
800.421,0.19147812726268865
800.54,0.19801358768701932
800.659,0.2122268288767502
800.778,0.21851776715909016
800.897,0.21807040448473103
801.016,0.21468019638220331
801.135,0.21010920372558892
801.254,0.20011153546163757
801.373,0.196663414220217
801.492,0.19011586758251114
801.611,0.1962234142583578
801.729,0.20685998288870705
801.848,0.21367535681768454
801.967,0.20130003246253403
802.086,0.18828980851063587
802.205,0.17013288787041575
802.324,0.1349079736020004
802.443,0.1017824876220425
802.562,0.08182931768396066
802.681,0.07512011030591187
802.8,0.0667570430437489
802.919,0.057804125092724506
803.038,0.059627158711465664
803.157,0.056810232442212845
803.276,0.05422616083270855
803.394,0.043976895202284566
803.513,0.04330021559890039
803.632,0.042351458442108976
803.751,0.04137216337040561
803.87,0.05153107228380541
803.989,0.049652195430376134
804.108,0.05208231720464049
804.227,0.0691739342508465
804.346,0.0794579217664963
804.465,0.09250390663954705
804.583,0.10018846905318336
804.702,0.09924037528605445
804.821,0.10535415368428327
804.94,0.08104020426193981
805.059,0.07384900327680749
805.178,0.07782462498212925
805.297,0.07524130008048174
805.416,0.0758732724926566
805.535,0.0747234921444902
805.653,0.06519836812005816
805.772,0.06643749978598004
805.891,0.06904444443184596
806.01,0.09039616836220055
806.129,0.12403749177709486
806.248,0.15463415837297614
806.367,0.19415597117921068
806.485,0.2241819827295804
806.604,0.23223680586546602
806.723,0.23974896144061797
806.842,0.24686537723333726
806.961,0.24556508350700892
807.08,0.23611297924878955
807.198,0.21968234175402063
807.317,0.20794266850954649
807.436,0.20695338978838185
807.555,0.1953434848736486
807.674,0.19716942818198185
807.793,0.21513276039616452
807.912,0.23246870027234454
808.03,0.25216728172223246
808.149,0.27559911569961826
808.268,0.30223333176465383
808.387,0.3377379102700616
808.506,0.3450849061528151
808.624,0.3362033535592402
808.743,0.31900697567244746
808.862,0.299802942304047
808.981,0.28322966689311646
809.1,0.2604178594648183
809.219,0.2427882055018662
809.337,0.2396368362620459
809.456,0.2281674243324024
809.575,0.21634409877619357
809.694,0.21906876820289495
809.812,0.2337567906730439
809.931,0.2411402503839889
810.05,0.24694182343073973
810.169,0.2545740951458152
810.288,0.2653508358096479
810.406,0.26044062309235066
810.525,0.25356458104931234
810.644,0.2531662308379567
810.763,0.26870793587400194
810.882,0.28311175497736246
811.0,0.3080182799573522
811.119,0.3298587711002307
811.238,0.34687055308254383
811.357,0.33989904841145513
811.475,0.3286229271895386
811.594,0.31899437313630397
811.713,0.33069634621646565
811.832,0.3429605513438421
811.95,0.35914166071205966
812.069,0.37581451908424457
812.188,0.3908711888590858
812.307,0.39125681095384934
812.425,0.38887761689926215
812.544,0.3920988378686895
812.663,0.3992270507822925
812.782,0.40745025100717813
812.9,0.4153474217094095
813.019,0.4241915794790872
813.138,0.4320136775938652
813.257,0.44453960954535854
813.375,0.4497759932551384
813.494,0.4637443913512695
813.613,0.481207954626118
813.731,0.47822710740636865
813.85,0.47853014965493273
813.969,0.48871488934341833
814.088,0.5266818487172917
814.206,0.5811626323998162
814.325,0.6143313809698903
814.444,0.6495839300745603
814.562,0.6667783045001121
814.681,0.6456910216521674
814.8,0.623064979775051
814.918,0.6059766664477177
815.037,0.6063426651434722
815.156,0.6084041639942483
815.274,0.6011944103441931
815.393,0.6025581582309507
815.512,0.6022662313812447
815.631,0.5872506372505294
815.749,0.5616317884244547
815.868,0.5323150303541812
815.987,0.5030636248256578
816.105,0.4763013015381611
816.224,0.44971119802989185
816.343,0.42695408634388
816.461,0.4210432632823836
816.58,0.406602049355125
816.698,0.39511333304585017
816.817,0.3808673078459698
816.936,0.3726292345734217
817.055,0.362318085421628
817.173,0.3450723741202214
817.292,0.3226487992156088
817.41,0.3248758446340474
817.529,0.31794725177979105
817.648,0.31988473150376673
817.766,0.31263868885113655
817.885,0.316031504306171
818.004,0.3085420119770854
818.122,0.30349666860237157
818.241,0.3053633656010346
818.359,0.3131833187847426
818.478,0.31927660245702494
818.597,0.34129712268220325
818.715,0.37797919624821036
818.834,0.44036672690197
818.953,0.5385121272993436
819.071,0.6832033791492826
819.19,0.8170121028446439
819.308,0.8977226699406466
819.427,0.9130844998263181
819.546,0.8492992509277464
819.664,0.7219158282541055
819.783,0.579871900042941
819.901,0.46426219642518374
820.02,0.3898985261823864
820.138,0.34102238042463706
820.257,0.30707354192466463
820.376,0.2683593505636038
820.494,0.23531197707578827
820.613,0.20521761649964285
820.731,0.20960926368119087
820.85,0.21301202471367928
820.969,0.2251702003870178
821.087,0.25087734845828896
821.206,0.28031444164651065
821.324,0.28853615664134946
821.443,0.29796761275972106
821.561,0.2908048096543133
821.68,0.2837760647407864
821.798,0.25640479355849155
821.917,0.2287954350274163
822.035,0.214368822853137
822.154,0.20863454384041227
822.273,0.2019511328291712
822.391,0.20673881318079093
822.51,0.20538984574087266
822.628,0.20186162833373927
822.747,0.21121586693358813
822.865,0.21253304881379595
822.984,0.2226380132881774
823.102,0.22656879367729427
823.221,0.2364313809407551
823.339,0.24121584389576928
823.458,0.25196965001885385
823.576,0.252725932424232
823.695,0.2803839403107247
823.813,0.2879825528297017
823.932,0.29430493136197333
824.05,0.28737270834660156
824.169,0.2797079913707933
824.287,0.2704914167657723
824.406,0.26842496988290865
824.524,0.263171155429886
824.643,0.2690988666452614
824.761,0.2637109940003578
824.88,0.25060994922739765
824.998,0.24377210317911122
825.117,0.24601160541946115
825.235,0.2360593194573989
825.354,0.23033576510002618
825.472,0.23016436481759095
825.591,0.2360759890499412
825.709,0.24269973039756243
825.828,0.24484271073975816
825.946,0.2490072886155174
826.064,0.2545135208756201
826.183,0.24096204057794082
826.301,0.23699196737036968
826.42,0.2328889084364526
826.538,0.24071381118332627
826.657,0.24647207284416484
826.775,0.2462824406476338
826.894,0.23726427216659743
827.012,0.2239380096312777
827.13,0.21737364229442813
827.249,0.21340893141453182
827.367,0.2172710740094071
827.486,0.23076610204007297
827.604,0.24430188376107073
827.723,0.26509503975773036
827.841,0.27334463885648247
827.959,0.2751948361076101
828.078,0.28833273311510554
828.196,0.292956326239864
828.315,0.3046431773784407
828.433,0.31784220492143334
828.552,0.317418775238261
828.67,0.3120083808171208
828.788,0.2798303191067468
828.907,0.24849736023798952
829.025,0.21288963337247596
829.143,0.1783394105953463
829.262,0.15388822264417934
829.38,0.13485265905242638
829.499,0.1280731591328338
829.617,0.12719848170988343
829.735,0.1264861916247752
829.854,0.150270795241909
829.972,0.18584134000690855
830.091,0.23724752613377575
830.209,0.2916450836101204
830.327,0.35328569949430877
830.446,0.4312063422005079
830.564,0.5005880143166644
830.682,0.5599003075242664
830.801,0.6077289078989714
830.919,0.6264958372049775
831.037,0.5964435991228849
831.156,0.5365773553992583
831.274,0.46222371099545156
831.392,0.3804126774936966
831.511,0.30948770540543463
831.629,0.2686416379458632
831.747,0.23834595018731494
831.866,0.22358278077284988
831.984,0.2060904546880745
832.102,0.1919876442541765
832.221,0.17540387133096214
832.339,0.17346379431507655
832.457,0.17014156279508225
832.576,0.17522856003819295
832.694,0.16566961000611818
832.812,0.15432484664495802
832.93,0.13859245724483626
833.049,0.11932390572237413
833.167,0.10647045450689249
833.285,0.10876801009279899
833.404,0.11891854113399897
833.522,0.1356488050845332
833.64,0.14820782870198324
833.759,0.1573075669137709
833.877,0.17369776809344853
833.995,0.19805013499275115
834.113,0.20644710814320896
834.232,0.21687406895880637
834.35,0.23785623557033453
834.468,0.24626267131790364
834.586,0.2429266819222451
834.705,0.24475354161230184
834.823,0.24647422721438886
834.941,0.24574647399996397
835.059,0.23297922268910354
835.178,0.2280270277321293
835.296,0.22559083692037488
835.414,0.21896774065979766
835.532,0.21834830646441256
835.651,0.22967077600177388
835.769,0.24279606010354893
835.887,0.25681363553048303
836.005,0.27517684130542697
836.124,0.3020339741179419
836.242,0.3191059313886897
836.36,0.3248708845234388
836.478,0.3481749390183437
836.596,0.36323495094534364
836.715,0.37502179805938063
836.833,0.3920551465708667
836.951,0.4102918014126755
837.069,0.4332719713159966
837.188,0.4398112445670501
837.306,0.44174749574168276
837.424,0.4504070333555238
837.542,0.4541825629227617
837.66,0.46023815421750874
837.779,0.4685598651878095
837.897,0.47358910696551637
838.015,0.4805444968441671
838.133,0.4734956317661765
838.251,0.47242897944267703
838.369,0.4603320190912211
838.487,0.4645676363729936
838.606,0.4713707361456683
838.724,0.4745070762540181
838.842,0.47696561814421845
838.96,0.4671068933644061
839.078,0.4510214336881121
839.196,0.4525426407006819
839.315,0.4445167595202649
839.433,0.45021843718844745
839.551,0.45174286159762256
839.669,0.4567270598228586
839.787,0.45844989035601713
839.905,0.4472806126923779
840.023,0.4447221608096297
840.142,0.44106228682238824
840.26,0.42518595792542846
840.378,0.4194068920409346
840.496,0.4081485997378866
840.614,0.40850189178279056
840.732,0.4069440502442412
840.85,0.40079283881908634
840.968,0.40395706303134815
841.087,0.401325683492217
841.205,0.40849020415020354
841.323,0.4256318716807309
841.441,0.4487536070346795
841.559,0.47039105008812304
841.677,0.4813124175153789
841.795,0.4873369073096107
841.913,0.48830579457163165
842.031,0.49344228290284453
842.149,0.5023838789524034
842.267,0.5029602438285974
842.385,0.5113495201276071
842.504,0.5141823524895391
842.622,0.5297807421151337
842.74,0.5413552410532325
842.858,0.5449838428421694
842.976,0.55292911840967
843.094,0.546001441937141
843.212,0.5384056194362781
843.33,0.5346299191712518
843.448,0.5364664310511256
843.566,0.5392048864459735
843.684,0.5488167734549363
843.802,0.5566548024689315
843.92,0.5630803943732701
844.038,0.5609777403429163
844.156,0.5647650670310398
844.274,0.5735897643372783
844.392,0.5888406751295173
844.51,0.5911887530696082
844.628,0.591198856143297
844.746,0.5884237662224694
844.864,0.5746880785334634
844.982,0.5436427971088016
845.1,0.5111314552977309
845.218,0.490051523624724
845.336,0.47250965575183645
845.454,0.45320787193593715
845.572,0.42640526416792013
845.69,0.3998139321103074
845.808,0.37105729213743516
845.926,0.3441174087809322
846.044,0.33115604120822956
846.162,0.3290844886783922
846.28,0.30594542317809503
846.398,0.29565663971872896
846.516,0.27454882394181057
846.634,0.23671805307690713
846.752,0.21025327195242977
846.87,0.186210144287747
846.988,0.1750425820557891
847.106,0.16092689958473608
847.224,0.1372045522417927
847.342,0.13642791644457644
847.46,0.13638871454924534
847.578,0.13297264045105892
847.696,0.1410362995445677
847.814,0.14229072835569934
847.932,0.15457691675988455
848.05,0.16012837679426137
848.168,0.16817664856662323
848.285,0.18123919465421195
848.403,0.20154988906698493
848.521,0.206409469390099
848.639,0.21450467823244923
848.757,0.21963237493932491
848.875,0.23736583154514107
848.993,0.24745582628267856
849.111,0.25430697510437483
849.229,0.25725649430957076
849.347,0.2696522899474592
849.465,0.2597483097151192
849.582,0.2538596404459944
849.7,0.25396819844885155
849.818,0.26286453904588225
849.936,0.2662044357058354
850.054,0.27819054950933564
850.172,0.2888564582391932
850.29,0.30137451494807665
850.408,0.29305885617314054
850.525,0.29873565523396056
850.643,0.3096010425533374
850.761,0.31587413245164386
850.879,0.32413557345192723
850.997,0.3332635666045285
851.115,0.3345872280585942
851.233,0.3316596361317343
851.35,0.335133590983569
851.468,0.3551653412309919
851.586,0.3824405237021212
851.704,0.41419324978207117
851.822,0.4571414435823751
851.94,0.501599668856025
852.057,0.5534428918040073
852.175,0.6078053362938145
852.293,0.6658088012751058
852.411,0.7114499560339124
852.529,0.7567511392181092
852.647,0.7898390848891927
852.764,0.8177094857322735
852.882,0.8386410345636015
853.0,0.855715997330901
853.118,0.865396310234053
853.236,0.8663135072503375
853.353,0.8501956617079385
853.471,0.826098672584791
853.589,0.7948751499812574
853.707,0.7578399366433048
853.824,0.7197247505115603
853.942,0.6939096716012674
854.06,0.6719007728748558
854.178,0.6442035169505561
854.296,0.6123375874915296
854.413,0.5763179990152666
854.531,0.527775230486262
854.649,0.47684729860731323
854.767,0.4303304174740123
854.884,0.3955044831382566
855.002,0.347285599200836
855.12,0.29912784579891327
855.238,0.24978930784290382
855.355,0.2086283195916262
855.473,0.16719652375543717
855.591,0.1425803809943379
855.708,0.12299224984190679
855.826,0.10704463273280143
855.944,0.09375945010011959
856.062,0.08038675459684942
856.179,0.06247823627328012
856.297,0.051638604665682306
856.415,0.04925068029744793
856.532,0.0455473706897231
856.65,0.03331623098075864
856.768,0.033752890260372086
856.886,0.030860776911756968
857.003,0.027480640032614936
857.121,0.03105672252451425
857.239,0.039222252393733434
857.356,0.05418660657035032
857.474,0.0597017751586434
857.592,0.07052489538264388
857.709,0.09379388807076709
857.827,0.10827937630918397
857.945,0.12622190879486092
858.062,0.15256144737057917
858.18,0.18127089268530933
858.298,0.209463925382054
858.415,0.23482502772432293
858.533,0.2591994617743486
858.651,0.2835524465136733
858.768,0.3004314189392564
858.886,0.3123159193681264
859.003,0.3196917746876593
859.121,0.3173178458280813
859.239,0.31361620463611506
859.356,0.301421708872113
859.474,0.2835914067214397
859.592,0.2661568443531984
859.709,0.24449569531133747
859.827,0.22447970840023845
859.944,0.19626257754263626
860.062,0.18304387719266407
860.18,0.162995945529207
860.297,0.1571630342351552
860.415,0.15927176417363845
860.532,0.15903151160245382
860.65,0.16602679536383852
860.768,0.1768891068566869
860.885,0.17985274362942882
861.003,0.18606115081358207
861.12,0.17987959288503258
861.238,0.1789477537505373
861.356,0.17331744310700176
861.473,0.17261725652807638
861.591,0.18060404078303033
861.708,0.1833754251410516
861.826,0.18534246034778765
861.943,0.18176699366940188
862.061,0.17266725701998997
862.178,0.1637552018392113
862.296,0.1556131769125963
862.414,0.1584789382377017
862.531,0.16815271077928434
862.649,0.16852606220094063
862.766,0.17269701408219734
862.884,0.16235321741213027
863.001,0.16172488602405224
863.119,0.16460780679771758
863.236,0.16806342416709807
863.354,0.17777687793347674
863.471,0.18460861680718482
863.589,0.19471995528706615
863.706,0.19594591680908457
863.824,0.19903904082761964
863.941,0.21655575382699965
864.059,0.22446532056343022
864.176,0.22859980861649598
864.294,0.22744167925410563
864.411,0.21591602556441764
864.529,0.21199736991481682
864.646,0.2101646597308821
864.764,0.22059452047467293
864.881,0.228275652052139
864.999,0.22979439666522605
865.116,0.23675912126528123
865.233,0.25072811827472735
865.351,0.25601979664010976
865.468,0.2650962058786725
865.586,0.2809044812807242
865.703,0.3008235170786101
865.821,0.30629751458495047
865.938,0.299818883703194
866.056,0.29139587280639767
866.173,0.28024343712290756
866.29,0.2672388534603918
866.408,0.2665000581222067
866.525,0.2706892419175617
866.643,0.28847728869731015
866.76,0.2952157230694711
866.878,0.29657252538676704
866.995,0.2825201428965102
867.112,0.2636588249471035
867.23,0.26000614075019585
867.347,0.2605628837783472
867.465,0.26615056263140324
867.582,0.28061503871804194
867.699,0.2816618984957099
867.817,0.28191727870851324
867.934,0.2793252629257674
868.051,0.287184423782053
868.169,0.3073533440496059
868.286,0.31665282611945933
868.404,0.32604346775979165
868.521,0.33528396422521756
868.638,0.3473235957371156
868.756,0.3544792192024102
868.873,0.3854896935637514
868.99,0.42429699236488283
869.108,0.4674788780834701
869.225,0.4895546420723357
869.342,0.5125162625931499
869.46,0.5417871978566442
869.577,0.5734786878327394
869.694,0.5882874253561274
869.812,0.6102966964818202
869.929,0.6194535406355115
870.046,0.6294683572172404
870.164,0.6159843814605583
870.281,0.6021636515258717
870.398,0.5888308934096311
870.516,0.5738830021976102
870.633,0.5549047855048834
870.75,0.5352841619566634
870.867,0.5164367860592123
870.985,0.5069949329041216
871.102,0.48875457249950693
871.219,0.46783412072281005
871.337,0.43998661405524575
871.454,0.4266677979909607
871.571,0.40576021580068444
871.688,0.3764530835399214
871.806,0.35434970227806795
871.923,0.3398082755038296
872.04,0.3189596789179809
872.157,0.2955661216174661
872.275,0.27431749538704486
872.392,0.26452280107092363
872.509,0.2503052588882694
872.626,0.2348500914781712
872.744,0.2269665307455036
872.861,0.20754109592466213
872.978,0.18395234989676892
873.095,0.16697213649583414
873.213,0.14894239273477794
873.33,0.12803301958250365
873.447,0.10956099027898275
873.564,0.09899443520399476
873.681,0.08952803186079122
873.799,0.07676319011125657
873.916,0.07210711839442892
874.033,0.0816902181873763
874.15,0.08249085604472774
874.267,0.08229554205167508
874.385,0.07504373838157156
874.502,0.0686256467743312
874.619,0.06119412959345216
874.736,0.05765484608687291
874.853,0.05595231254840194
874.97,0.05562833004032363
875.088,0.05299616075157826
875.205,0.05325687090054482
875.322,0.04955765030614236
875.439,0.05046602132339967
875.556,0.05933219922108975
875.673,0.058492632155361386
875.791,0.06018557975232815
875.908,0.05591670253963155
876.025,0.05832943064599334
876.142,0.05862920937208352
876.259,0.06167982880985865
876.376,0.05764351950511426
876.493,0.0648968155870932
876.61,0.058882609293174834
876.728,0.06134644171676193
876.845,0.06905951548271183
876.962,0.07532897039983948
877.079,0.08046098680340771
877.196,0.0810043585514555
877.313,0.07529957356418845
877.43,0.07781877052428073
877.547,0.07357011055299106
877.664,0.07130969806960519
877.781,0.07407087507787778
877.898,0.07050201778548687
878.016,0.07153028974599632
878.133,0.05993898664049237
878.25,0.06657205623660914
878.367,0.06702110157188303
878.484,0.06616486021936552
878.601,0.06441219935402656
878.718,0.06009404656926022
878.835,0.057093545900249704
878.952,0.05278451745120787
879.069,0.04696036283265479
879.186,0.059575767186155246
879.303,0.0605991968092865
879.42,0.061369803861739895
879.537,0.0634863380741767
879.654,0.06235318743996203
879.771,0.056334766907968306
879.888,0.05006260465406335
880.005,0.04607432184911946
880.122,0.04251488850507869
880.239,0.03938430462194109
880.356,0.03668257019970666
