wavelength_nm,intensity
792.446,0.2622317232018208
792.565,0.2311523021413262
792.684,0.20450954674725655
792.803,0.18230345701961181
792.922,0.16453403295839186
793.041,0.14177805681834482
793.16,0.14020733988147324
793.279,0.1440578092902619
793.398,0.15370069256688096
793.518,0.17345704194019393
793.637,0.1995016784408788
793.756,0.23056556394570119
793.875,0.25276786010742597
793.994,0.25950414930534893
794.113,0.25350399254190004
794.232,0.22649922257146562
794.351,0.20231433660155618
794.47,0.1878707859761894
794.589,0.17723164003058284
794.708,0.17993771705350808
794.827,0.1843328341408093
794.946,0.20047355390038066
795.066,0.20305227549599214
795.185,0.2088799153330797
795.304,0.21077218214316934
795.423,0.20796855628230143
795.542,0.19991445454217283
795.661,0.18463993233433224
795.78,0.167007076646232
795.899,0.15556947539746588
796.018,0.14372180773734866
796.137,0.1470601457469388
796.256,0.15279204320604567
796.375,0.15806419660484913
796.494,0.15601025162816942
796.613,0.14992519124651116
796.732,0.13726371337355814
796.851,0.12892419095944951
796.97,0.12561114338932605
797.089,0.12713218267724535
797.208,0.1479227303787458
797.327,0.16449790375915385
797.446,0.18054107468078257
797.565,0.19188925616143468
797.684,0.19798786499280702
797.803,0.20130633194281622
797.922,0.19487081832854958
798.041,0.18235747017247228
798.16,0.18414225261482897
798.279,0.17316168573642338
798.398,0.16496758334924766
798.517,0.17011960716058475
798.636,0.17420491636442026
798.755,0.17529601818140744
798.874,0.1750819526759224
798.993,0.1757810526811775
799.112,0.17913203591050095
799.231,0.17312465330720445
799.35,0.16913418325136872
799.469,0.1797119095582707
799.588,0.1733197509830896
799.707,0.16464422701606765
799.826,0.15805697076500141
799.945,0.15642844710934914
800.064,0.16115414636967798
800.183,0.17285278108293858
800.302,0.17731473718883012
800.421,0.19445713899727463
800.54,0.2035933102545809
800.659,0.21628007856700057
800.778,0.21841712070192756
800.897,0.22314733611216125
801.016,0.2192128663151443
801.135,0.21391451924689328
801.254,0.20573667499937465
801.373,0.21343219443706618
801.492,0.21699272702196992
801.611,0.22753432412963398
801.729,0.23266015427152356
801.848,0.2292332997238004
801.967,0.2046491861023112
802.086,0.1840934781958577
802.205,0.16675055933164235
802.324,0.14509928941322325
802.443,0.1160887227168736
802.562,0.08797019291944545
802.681,0.07721508565219015
802.8,0.062069838812936234
802.919,0.04624816550333487
803.038,0.05496423697464575
803.157,0.059840910507827416
803.276,0.057191385797006916
803.394,0.05070423363893131
803.513,0.03965892463205618
803.632,0.039687671199861316
803.751,0.03483719410504688
803.87,0.028061683435024666
803.989,0.03102147868081451
804.108,0.0332420534807141
804.227,0.034880901838878195
804.346,0.03678770514058487
804.465,0.04576192022284734
804.583,0.05467319272919756
804.702,0.06607727224271545
804.821,0.06760461551335248
804.94,0.06131162512051817
805.059,0.05252677696761541
805.178,0.044663913337775904
805.297,0.03909641527132458
805.416,0.04285582744788798
805.535,0.04722332226747483
805.653,0.0593630042007397
805.772,0.0681850386217175
805.891,0.07735599299277834
806.01,0.08932420352349285
806.129,0.11480881767198453
806.248,0.15028954102138864
806.367,0.18444059462599677
806.485,0.2134740323678206
806.604,0.23832099914794252
806.723,0.25031319683918835
806.842,0.24827462000636152
806.961,0.23757406765622707
807.08,0.22860410394959235
807.198,0.21667696528532815
807.317,0.2031773032242303
807.436,0.19291933356476088
807.555,0.18772667763845735
807.674,0.193395362233074
807.793,0.20121192772238908
807.912,0.21628413964867316
808.03,0.24455434805659423
808.149,0.27232055413514544
808.268,0.3041142626987513
808.387,0.3211338384639628
808.506,0.32699400781454063
808.624,0.32421387916735356
808.743,0.30470141512307314
808.862,0.28203848490524014
808.981,0.26439299723158277
809.1,0.24368465669252493
809.219,0.23693754196900665
809.337,0.2266669270898033
809.456,0.21204545339236502
809.575,0.20599563221413936
809.694,0.20484402722260386
809.812,0.20812457174758842
809.931,0.2181206311809341
810.05,0.23661879442495942
810.169,0.2659033301014862
810.288,0.2768550068546768
810.406,0.27166867353823887
810.525,0.26820750948541494
810.644,0.2615913631091337
810.763,0.2623229926278783
810.882,0.2726279567147092
811.0,0.2886512698109328
811.119,0.2979238420295385
811.238,0.31126727177228464
811.357,0.3195228070323408
811.475,0.3278325360912539
811.594,0.3396576362360232
811.713,0.3547741064313731
811.832,0.37039096603616933
811.95,0.37231124620984435
812.069,0.36251031092073516
812.188,0.3648551091854569
812.307,0.36119704099678684
812.425,0.3625311249128258
812.544,0.366050122152782
812.663,0.3760362460563379
812.782,0.38691114826114825
812.9,0.4003710946714366
813.019,0.41409026808625754
813.138,0.4344969562800301
813.257,0.4477103209055193
813.375,0.4581209629001215
813.494,0.4591253678731133
813.613,0.4605859039864845
813.731,0.456636092513967
813.85,0.4631294260811898
813.969,0.46539744979752995
814.088,0.46933283605870324
814.206,0.46241681732874673
814.325,0.4616201817197245
814.444,0.4526755084525549
814.562,0.44548219811844675
814.681,0.44449407775346317
814.8,0.44662481051269903
814.918,0.44021550380205554
815.037,0.43215780237617896
815.156,0.4276786981348252
815.274,0.4268558688563561
815.393,0.4248687761324428
815.512,0.4278991259527051
815.631,0.4373830539868532
815.749,0.4454669755505293
815.868,0.4510859824961938
815.987,0.4517245793269017
816.105,0.45116007382298495
816.224,0.4449422518683039
816.343,0.43439163569500705
816.461,0.4177026685711759
816.58,0.40334313156821366
816.698,0.38292563108302147
816.817,0.37608729013142694
816.936,0.366287258072298
817.055,0.35329701772045474
817.173,0.3370750204967734
817.292,0.3253619473379931
817.41,0.31499197716088523
817.529,0.30998990276056126
817.648,0.30216975081967445
817.766,0.31090490119961506
817.885,0.3165067467756409
818.004,0.3183863816001732
818.122,0.3172880671775145
818.241,0.3266852851334914
818.359,0.34072900730749156
818.478,0.3518113031319239
818.597,0.34184798501560487
818.715,0.35804713978138214
818.834,0.37218316724237693
818.953,0.4710497936241349
819.071,0.5917093771608545
819.19,0.7173653718595001
819.308,0.8129350500401253
819.427,0.8398102716463449
819.546,0.7809620528581549
819.664,0.6738675827048548
819.783,0.5314841392417847
819.901,0.45588562992260706
820.02,0.3722177498885117
820.138,0.32442567054059834
820.257,0.2880859768786007
820.376,0.252082339842141
820.494,0.22491951785921716
820.613,0.20555157061188917
820.731,0.21143703040193412
820.85,0.2207339898300263
820.969,0.22998940067899495
821.087,0.26526235112922003
821.206,0.29001989814122886
821.324,0.3013708025460012
821.443,0.29940990349153673
821.561,0.28956561316334306
821.68,0.2726327739446561
821.798,0.24493975596291523
821.917,0.2225098590801681
822.035,0.21830623998300494
822.154,0.21985890555443427
822.273,0.22753005101681678
822.391,0.22675960907724332
822.51,0.22505793702731053
822.628,0.21553790626227703
822.747,0.2156652749237674
822.865,0.20690034442280789
822.984,0.20978527421613774
823.102,0.21820429410274658
823.221,0.22457388516258037
823.339,0.2279844948048229
823.458,0.23541718755223434
823.576,0.23684701384625378
823.695,0.2472034620419992
823.813,0.24290048764693078
823.932,0.24403405450719856
824.05,0.23623287039591176
824.169,0.22439515149976047
824.287,0.22345038617386243
824.406,0.22536163404772722
824.524,0.22740114057888677
824.643,0.2334329236258441
824.761,0.24156200668856675
824.88,0.24594539502029106
824.998,0.24129738677249937
825.117,0.24136062610534142
825.235,0.2385759813082491
825.354,0.2284327218563596
825.472,0.21666184197879904
825.591,0.2195187716427191
825.709,0.2303322542088252
825.828,0.23007127903094468
825.946,0.23126173436253342
826.064,0.2401748734600754
826.183,0.2412325313084223
826.301,0.24103198581420154
826.42,0.23673832785246268
826.538,0.2452506605815241
826.657,0.2494635284963893
826.775,0.244498744003658
826.894,0.241197649065919
827.012,0.23677930369418293
827.13,0.23233837757292308
827.249,0.2302142363527992
827.367,0.21997457375384222
827.486,0.2238280085476436
827.604,0.2299485505936288
827.723,0.2500917380938584
827.841,0.26594548641455773
827.959,0.28527576693193263
828.078,0.3026930063496561
828.196,0.32290393609845686
828.315,0.3241091005881138
828.433,0.3311021627956964
828.552,0.32332018897490344
828.67,0.30759972685154346
828.788,0.27153671909723415
828.907,0.235994875041933
829.025,0.20179493059199094
829.143,0.17281966612971114
829.262,0.14489132946501956
829.38,0.1370251551743759
829.499,0.12865371552578062
829.617,0.11992673063180065
829.735,0.12400590829273944
829.854,0.13784545411291377
829.972,0.16024131620997178
830.091,0.19224787238888313
830.209,0.23910628176089713
830.327,0.30033914512546667
830.446,0.36338246256660645
830.564,0.41750728717584873
830.682,0.44970710722751783
830.801,0.466105821992453
830.919,0.4494725131240761
831.037,0.41427782814718267
831.156,0.36537301528945354
831.274,0.3172892384844078
831.392,0.27366109517538717
831.511,0.24603276774890953
831.629,0.21767192080788175
831.747,0.20680031598798315
831.866,0.19508148144595377
831.984,0.18892925327651744
832.102,0.1843992261528668
832.221,0.1778162621139621
832.339,0.16392660412095106
832.457,0.1646937718531769
832.576,0.15271584476065786
832.694,0.1476425591019856
832.812,0.13884685808757294
832.93,0.13912055617891717
833.049,0.14157477351905406
833.167,0.13715584673708728
833.285,0.13608696550531701
833.404,0.14474284689920153
833.522,0.14728972537434293
833.64,0.1564963122980818
833.759,0.16121277275577303
833.877,0.17487864370155842
833.995,0.19172295733038847
834.113,0.19882149796335608
834.232,0.21935739102291246
834.35,0.2391092804590045
834.468,0.24873325211870734
834.586,0.2544661090204787
834.705,0.25747482429970575
834.823,0.25210879119556706
834.941,0.24371151827536103
835.059,0.22096101772788296
835.178,0.2155344682150203
835.296,0.2092760438897029
835.414,0.2106264289239058
835.532,0.22463467891113803
835.651,0.24912039667738686
835.769,0.26492697755669004
835.887,0.2771107029824038
836.005,0.29324334988482964
836.124,0.3140935669777557
836.242,0.32692671475977214
836.36,0.34602556891963676
836.478,0.3725381347631366
836.596,0.39434487240588845
836.715,0.40418923218094244
836.833,0.4125802949166484
836.951,0.43256883060774853
837.069,0.44299216080059145
837.188,0.44767636769448005
837.306,0.4604173860184403
837.424,0.4773665528236453
837.542,0.47522595398147827
837.66,0.47058792424198514
837.779,0.46792796816077187
837.897,0.4669706005936487
838.015,0.46526535860229923
838.133,0.4608739106476053
838.251,0.46436946688656444
838.369,0.47456337666424675
838.487,0.47335581439240104
838.606,0.4780192469967284
838.724,0.48611043737875986
838.842,0.4853897160666459
838.96,0.47651011833661294
839.078,0.46997801532706807
839.196,0.46275132846217276
839.315,0.45391598900120617
839.433,0.44053288658615763
839.551,0.4434142464380705
839.669,0.4448919868995874
839.787,0.44211009477094576
839.905,0.4389759429497335
840.023,0.4536652283426019
840.142,0.4554392282378703
840.26,0.4468802771510741
840.378,0.43831139053448737
840.496,0.43716073175144066
840.614,0.4274420333691048
840.732,0.41400473715519903
840.85,0.40913548054058213
840.968,0.41484846638277195
841.087,0.4117025725718071
841.205,0.4141223819034543
841.323,0.4185329101131149
841.441,0.4331625823272406
841.559,0.45210969385030575
841.677,0.4547462783773814
841.795,0.4687427863748617
841.913,0.48769080112790847
842.031,0.5017640836737697
842.149,0.5124547699409742
842.267,0.5153469685526589
842.385,0.5256628143777691
842.504,0.5323449659895184
842.622,0.5280420345729575
842.74,0.5282624789009929
842.858,0.5398238788698329
842.976,0.5496429482054208
843.094,0.5533661183995794
843.212,0.5578326468680594
843.33,0.5659129984903194
843.448,0.5751196778988239
843.566,0.5819897013466113
843.684,0.5822408554939995
843.802,0.5920084407206736
843.92,0.5921042393113385
844.038,0.5894415735401828
844.156,0.5902283430662738
844.274,0.5944356445302214
844.392,0.5972736493430493
844.51,0.597073188499962
844.628,0.5895357905216206
844.746,0.5836214968190457
844.864,0.5610489325778152
844.982,0.5332403441370192
845.1,0.501410575821035
845.218,0.4817987994573576
845.336,0.454468019676484
845.454,0.43839509837816737
845.572,0.4218624330195473
845.69,0.40352511415898973
845.808,0.381776295660385
845.926,0.35840708257595677
846.044,0.3363936176929341
846.162,0.32157166991823305
846.28,0.2956580579774697
846.398,0.2838483821892359
846.516,0.2679904296263854
846.634,0.24514870285083168
846.752,0.2218716192244603
846.87,0.20248745681598201
846.988,0.18200361190569742
847.106,0.16879076834205797
847.224,0.18102552626169566
847.342,0.22176042151515835
847.46,0.2649288628370473
847.578,0.3009383759937505
847.696,0.3072155891781001
847.814,0.2955575891712803
847.932,0.2599958322591752
848.05,0.22232074173219674
848.168,0.20347054339373044
848.285,0.2050471156149905
848.403,0.21297391486594738
848.521,0.22862139683237492
848.639,0.23378702530611084
848.757,0.2503396741496796
848.875,0.26536947724536714
848.993,0.27592919516533443
849.111,0.2780364869235743
849.229,0.2907206017587355
849.347,0.29140079014707526
849.465,0.29024200229420144
849.582,0.284050416987476
849.7,0.28774287736228327
849.818,0.2882550649741665
849.936,0.28315006533452336
850.054,0.28361889790732064
850.172,0.29494455485113324
850.29,0.30211445065259623
850.408,0.3061763320896112
850.525,0.30632903416907603
850.643,0.31415286847674684
850.761,0.3191938512131117
850.879,0.31751841581113455
850.997,0.33289686567946875
851.115,0.3368991339377413
851.233,0.34106217713262255
851.35,0.34869813960425555
851.468,0.3543198992183707
851.586,0.3818043405213737
851.704,0.40670464084887936
851.822,0.43951000996965695
851.94,0.4885626799877579
852.057,0.5425993730407394
852.175,0.5915581071408216
852.293,0.6449715715069477
852.411,0.68715879043985
852.529,0.7351004875813826
852.647,0.7637121599006105
852.764,0.7941899053604804
852.882,0.8207973103519806
853.0,0.8493827890017607
853.118,0.8534175735393466
853.236,0.8460165632881278
853.353,0.8289491857807854
853.471,0.803567576298801
853.589,0.7667456558781077
853.707,0.725803200284322
853.824,0.7016463706565057
853.942,0.686879519910643
854.06,0.6649383134260964
854.178,0.6293493019294
854.296,0.596588303503057
854.413,0.5609460014374842
854.531,0.5141135831379257
854.649,0.4549069140993566
854.767,0.4124777419569282
854.884,0.3741411048581832
855.002,0.3295938584104278
855.12,0.27832658090440665
855.238,0.24355408931048877
855.355,0.21653402064306226
855.473,0.18430379488949067
855.591,0.14353560797884773
855.708,0.12279838899263992
855.826,0.10022467933774998
855.944,0.07620068191007934
856.062,0.05858387510054569
856.179,0.04891472079180169
856.297,0.04360822096514525
856.415,0.03744064041762518
856.532,0.030381460120308075
856.65,0.03185062430647473
856.768,0.024851138210335535
856.886,0.022431901617301377
857.003,0.022442837230720485
857.121,0.02449645864020771
857.239,0.03206392842721091
857.356,0.039031009750427684
857.474,0.04850206443948713
857.592,0.06346063913869919
857.709,0.08282688226603271
857.827,0.1094552217610199
857.945,0.13359075692374583
858.062,0.15386322388881854
858.18,0.17530739300929402
858.298,0.19702494843758783
858.415,0.21873889094595783
858.533,0.23700430138706186
858.651,0.26428846318794874
858.768,0.28209141987880654
858.886,0.297261461175196
859.003,0.3042572711439905
859.121,0.3066429952900178
859.239,0.30974859373086183
859.356,0.2901650550502491
859.474,0.26596239824705936
859.592,0.2503079099835776
859.709,0.2246375044613445
859.827,0.2116854803008642
859.944,0.19707241620541752
860.062,0.17852488231295416
860.18,0.1643119490990685
860.297,0.14998882182750703
860.415,0.1439528296311591
860.532,0.14904282434014965
860.65,0.15229926218781198
860.768,0.16165340563686575
860.885,0.1688569585012784
861.003,0.17231481663469256
861.12,0.17389756932765504
861.238,0.17459696309924855
861.356,0.17418357753431202
861.473,0.17884815092227474
861.591,0.1774005670291507
861.708,0.1667228759607018
861.826,0.16794072374136057
861.943,0.16442925934176666
862.061,0.16470955440219975
862.178,0.16244454737631664
862.296,0.16235813106448438
862.414,0.17244298756812704
862.531,0.17601465267914157
862.649,0.16740806795701135
862.766,0.17723911683600763
862.884,0.17486301252246855
863.001,0.1765794432526126
863.119,0.17619767073701043
863.236,0.17931591439758837
863.354,0.1863234663561357
863.471,0.17606397076886732
863.589,0.17309444435784402
863.706,0.17836779475296757
863.824,0.1869686443979097
863.941,0.19546562259504247
864.059,0.20431305402478392
864.176,0.21420010316259844
864.294,0.2164295685219213
864.411,0.20993021934534614
864.529,0.20200467002885136
864.646,0.19565977317901845
864.764,0.20564888730467998
864.881,0.21973053647402455
864.999,0.23104649544170114
865.116,0.242948650667014
865.233,0.26097741485310877
865.351,0.2782781756745581
865.468,0.28353888084994766
865.586,0.28747816056320774
865.703,0.29256634881223587
865.821,0.2928367083428781
865.938,0.29104860674693606
866.056,0.2835150592421728
866.173,0.2828885114017321
866.29,0.2876605691574277
866.408,0.2905611343925957
866.525,0.29778546154656993
866.643,0.2955069060709724
866.76,0.2868822567492223
866.878,0.27842470497394817
866.995,0.264831387526994
867.112,0.25996959430588074
867.23,0.26217918860562284
867.347,0.2683386076120581
867.465,0.27409879896691347
867.582,0.2755370348629245
867.699,0.26926620287152975
867.817,0.2598891629756488
867.934,0.2588660971735716
868.051,0.2668762344109724
868.169,0.28175724211345754
868.286,0.29868858187269837
868.404,0.30706181756244083
868.521,0.3243562557740234
868.638,0.34036539772271435
868.756,0.3596071997732243
868.873,0.37531285644831625
868.99,0.39650473202769687
869.108,0.4263558734344426
869.225,0.45905851189104663
869.342,0.48548189552008847
869.46,0.526242248636745
869.577,0.5579170113750284
869.694,0.5834850362121108
869.812,0.5883925784649497
869.929,0.587834676103062
870.046,0.5927178311464154
870.164,0.5930405780159537
870.281,0.5759364056330483
870.398,0.5668059475219671
870.516,0.5476505398523249
870.633,0.5274780952241332
870.75,0.5054748034245566
870.867,0.48639075092340933
870.985,0.4773415835106132
871.102,0.4606881228882014
871.219,0.43422739113263775
871.337,0.4151885001305379
871.454,0.4043997117744327
871.571,0.38798831678691537
871.688,0.36697135212653575
871.806,0.3432510201331733
871.923,0.3189499112620604
872.04,0.2945286728034809
872.157,0.26630122320517924
872.275,0.24649639317923344
872.392,0.23766129127192184
872.509,0.2301440019068157
872.626,0.21529429155635982
872.744,0.19907528455478418
872.861,0.18707616802420557
872.978,0.16775998541795334
873.095,0.14821438239653986
873.213,0.14166987172091666
873.33,0.12663228242996813
873.447,0.12030514673494194
873.564,0.10919897811518367
873.681,0.09083993495049077
873.799,0.07552102129414891
873.916,0.057405885604386905
874.033,0.05543740505813495
874.15,0.06428743613137279
874.267,0.056795354701742795
874.385,0.052785945040942375
874.502,0.04806613358853047
874.619,0.03943887804040472
874.736,0.03390788689414278
874.853,0.036517927825087046
874.97,0.044053535407727225
875.088,0.0526904508533776
875.205,0.05025413800140108
875.322,0.045124274715574966
875.439,0.04534381039089676
875.556,0.047418367269703124
875.673,0.05033436270960839
875.791,0.05113937896911447
875.908,0.0486119200015489
876.025,0.04613600325238394
876.142,0.044085733595757334
876.259,0.041717922845471295
876.376,0.03579752314946525
876.493,0.03778585403912958
876.61,0.0428779647233489
876.728,0.042459226659063376
876.845,0.042444283326563394
876.962,0.046702142689139914
877.079,0.05124053073443992
877.196,0.05768441910568699
877.313,0.051101082436331186
877.43,0.049456480197924244
877.547,0.05361748849477571
877.664,0.05278689787021848
877.781,0.04657356729864124
877.898,0.047368461711570664
878.016,0.04353936096623606
878.133,0.0482372242775467
878.25,0.043375352739037254
878.367,0.037879593237251485
878.484,0.037360227119030934
878.601,0.032353702379296925
878.718,0.02509788627939133
878.835,0.0302451198006694
878.952,0.024306428583395098
879.069,0.03312897618154337
879.186,0.03565062141543543
879.303,0.037338511000389575
879.42,0.03717496909143538
879.537,0.03530329588223868
879.654,0.03785020589001675
879.771,0.03960505035629937
879.888,0.03165899398870691
880.005,0.02556817532823643
880.122,0.01849282387823177
880.239,0.010432939638692969
880.356,0.0013885226096200173
