wavelength_nm,intensity
792.446,0.26423182001140827
792.565,0.23215336390493327
792.684,0.20517630914476487
792.803,0.18330065573090304
792.922,0.16652640366334764
793.041,0.14314980804161467
793.16,0.13897222847162216
793.279,0.15215117043061455
793.398,0.16954802602693508
793.518,0.18384774015486965
793.637,0.21197174131916596
793.756,0.2237964884216571
793.875,0.23421211768233888
793.994,0.22980626445465982
794.113,0.2267597551133547
794.232,0.2119803230356203
794.351,0.2013561580650971
794.47,0.19416897053455337
794.589,0.19414751624341747
794.708,0.1987507489495472
794.827,0.20342435173060283
794.946,0.2026459900481905
795.066,0.2047673903557134
795.185,0.19677695416503954
795.304,0.19494132501544748
795.423,0.18531178098198695
795.542,0.17786628378616626
795.661,0.17590621974798565
795.78,0.16767721183988005
795.899,0.16250844401940662
796.018,0.15827422512081515
796.137,0.14979892195046884
796.256,0.14415472703842266
796.375,0.14206336273849002
796.494,0.1333939202402327
796.613,0.12747361593688997
796.732,0.12213183169760888
796.851,0.12296521013588332
796.97,0.12159330145744447
797.089,0.12597776769358732
797.208,0.13920151425277844
797.327,0.160363762946848
797.446,0.16536730519292203
797.565,0.17534824298253682
797.684,0.1791923953356239
797.803,0.18398740187185625
797.922,0.1748645806623741
798.041,0.16598891288677808
798.16,0.16460336723256547
798.279,0.15462065803435432
798.398,0.14540944514539167
798.517,0.15595763439264054
798.636,0.15959325103588562
798.755,0.17429070018882722
798.874,0.17890549067951697
798.993,0.18351427396868877
799.112,0.1844612388467764
799.231,0.17653213439609827
799.35,0.17460250791867765
799.469,0.17797724038170984
799.588,0.17454066449490024
799.707,0.17710356658134815
799.826,0.17329711871535491
799.945,0.16956104092428767
800.064,0.16768805377546653
800.183,0.17540084390618843
800.302,0.17951789484252462
800.421,0.18672608004572866
800.54,0.19984535154271005
800.659,0.20745172838939713
800.778,0.20985844323637504
800.897,0.21502675443837257
801.016,0.21885803421677766
801.135,0.2239508263139765
801.254,0.2266930862743203
801.373,0.22689258364923115
801.492,0.2319870920897208
801.611,0.23120655744554136
801.729,0.2282093654411954
801.848,0.2236914932811334
801.967,0.2113470957146765
802.086,0.19621449847219125
802.205,0.1766364357690739
802.324,0.15003429923155207
802.443,0.13226272208109538
802.562,0.11471089168705938
802.681,0.0945552560407294
802.8,0.08117635726592959
802.919,0.06977116098132027
803.038,0.06441912486774012
803.157,0.06119855865715619
803.276,0.057971176363197714
803.394,0.06640405224953537
803.513,0.07048840333220499
803.632,0.058052351452454576
803.751,0.06254164241057204
803.87,0.06866310072528245
803.989,0.07362609761751167
804.108,0.0685285240750813
804.227,0.06816909808554286
804.346,0.06798369942278633
804.465,0.06294578293551296
804.583,0.050002081448993305
804.702,0.05499319887207462
804.821,0.06254789725883075
804.94,0.06610059320470035
805.059,0.0647843535178293
805.178,0.06955078596899816
805.297,0.06501828395211068
805.416,0.06441288269876883
805.535,0.07483809502638897
805.653,0.07958247703967788
805.772,0.09123108535593824
805.891,0.10354705345912704
806.01,0.11570811520136783
806.129,0.12941946683715674
806.248,0.15361243214887094
806.367,0.1866566612672743
806.485,0.22315386377126933
806.604,0.2373660998741831
806.723,0.24787189264044987
806.842,0.24547507471755514
806.961,0.2333714773131102
807.08,0.21368507524957447
807.198,0.21143071381982215
807.317,0.20566986304680987
807.436,0.20593166088148207
807.555,0.1986329665198449
807.674,0.20291358217010372
807.793,0.20886763252896678
807.912,0.2231167700126342
808.03,0.24614157074255144
808.149,0.2715477977885592
808.268,0.3007222565296854
808.387,0.3263138486511077
808.506,0.3348106615954036
808.624,0.33608596014333825
808.743,0.32491948617571165
808.862,0.3077792793841905
808.981,0.29350193320185075
809.1,0.2718949429958244
809.219,0.26639497640302523
809.337,0.2507625771925387
809.456,0.24355141633873595
809.575,0.23379406021291854
809.694,0.23783267145916348
809.812,0.24066383520027698
809.931,0.25116705345160684
810.05,0.2646652907455156
810.169,0.28014333002545
810.288,0.28852600614090246
810.406,0.29388362720618577
810.525,0.2926916822734858
810.644,0.2860769507132628
810.763,0.2872346797457721
810.882,0.29447427122950076
811.0,0.3033958791382877
811.119,0.3094966768485194
811.238,0.3213360683517952
811.357,0.333361683102131
811.475,0.3403584120101997
811.594,0.3397740526024685
811.713,0.34837556248750656
811.832,0.36019950690116453
811.95,0.36390171486239664
812.069,0.3600768993214916
812.188,0.3663047064352482
812.307,0.3696679365965325
812.425,0.37766357729989153
812.544,0.3850464834484079
812.663,0.39676229823474113
812.782,0.4081811856317529
812.9,0.41520280151753985
813.019,0.4260252596209721
813.138,0.4412956213627097
813.257,0.45684145620263283
813.375,0.4783841945008769
813.494,0.4921724938109424
813.613,0.4944724493035286
813.731,0.48015476905385185
813.85,0.46872483639107426
813.969,0.4631270382306937
814.088,0.4590267495916024
814.206,0.4572890074924021
814.325,0.45938643447666444
814.444,0.46051412750158194
814.562,0.4484740347988978
814.681,0.4375667286681919
814.8,0.43740802239659793
814.918,0.4326949992026638
815.037,0.4255627901402396
815.156,0.4234388708005918
815.274,0.421493451163195
815.393,0.4222950389628456
815.512,0.42934411634128555
815.631,0.4399494570184209
815.749,0.4525878063235991
815.868,0.45345804785488497
815.987,0.45328131997873644
816.105,0.4488849621219686
816.224,0.4391318968543765
816.343,0.4326416001827401
816.461,0.42389602842689256
816.58,0.40860174884470724
816.698,0.3891994015958099
816.817,0.3764169904198218
816.936,0.3701249313982816
817.055,0.36113907158171143
817.173,0.35130448000780307
817.292,0.3508308247423333
817.41,0.34670908181210647
817.529,0.33922416420340784
817.648,0.3256067520164088
817.766,0.3294471256125564
817.885,0.32687180798740895
818.004,0.3310691809880588
818.122,0.3323736573719371
818.241,0.3418736729697489
818.359,0.34690604698141014
818.478,0.3630017823728867
818.597,0.3600980886634663
818.715,0.38720707184346737
818.834,0.40470777808913433
818.953,0.5101411675260789
819.071,0.6287624652246855
819.19,0.7444042423547106
819.308,0.8249890367145729
819.427,0.8501873199581442
819.546,0.7935342807212595
819.664,0.6944303714184592
819.783,0.5581930239849315
819.901,0.4799240928621873
820.02,0.4073729301685382
820.138,0.3568578300316191
820.257,0.3186722293998553
820.376,0.28319890174684015
820.494,0.2537387828134095
820.613,0.2368062535600837
820.731,0.23230434059092836
820.85,0.23730753676664504
820.969,0.2590613852896674
821.087,0.28531548592136685
821.206,0.3114271300599235
821.324,0.3259096902311488
821.443,0.3277179133708993
821.561,0.3245461664521726
821.68,0.3075398344373389
821.798,0.27701043363369215
821.917,0.2511735153873008
822.035,0.2326130345225789
822.154,0.2144859303388032
822.273,0.20942277311353116
822.391,0.20896284859438907
822.51,0.21852636889396362
822.628,0.22108463405182716
822.747,0.22688163899957403
822.865,0.23135448509840986
822.984,0.2371549227327384
823.102,0.2342423436509341
823.221,0.23519067880195554
823.339,0.23602230260919738
823.458,0.24425394051505156
823.576,0.24170179352433085
823.695,0.2530726233091976
823.813,0.25491088245653815
823.932,0.2562187915269981
824.05,0.2541678167772136
824.169,0.2467730071912863
824.287,0.24497176039032437
824.406,0.23930616666995483
824.524,0.2398537356625569
824.643,0.24817204890460076
824.761,0.24694749344937322
824.88,0.2500103635347545
824.998,0.25382499198153957
825.117,0.2540910806744383
825.235,0.25380021596944763
825.354,0.24561932115629942
825.472,0.24717180914570958
825.591,0.24713153056118659
825.709,0.24533543279009734
825.828,0.2451132218167415
825.946,0.24186767213650756
826.064,0.24163602127505207
826.183,0.24012998552012116
826.301,0.2397713252551409
826.42,0.2458360797562645
826.538,0.2451229946017182
826.657,0.24929376428135983
826.775,0.2525771844796185
826.894,0.2496405765917421
827.012,0.24250922570096428
827.13,0.2408796132290899
827.249,0.24111309139946163
827.367,0.24053817187983065
827.486,0.23413798323096605
827.604,0.24237906102492024
827.723,0.2610014412137389
827.841,0.27265117678337336
827.959,0.28475745966838095
828.078,0.3070313602085387
828.196,0.31831122379898935
828.315,0.32103854877100424
828.433,0.3191248814844901
828.552,0.31693316658485393
828.67,0.3034135859654352
828.788,0.26553325643395065
828.907,0.23402416619742367
829.025,0.2046207642965135
829.143,0.17270026165992602
829.262,0.1545409274293838
829.38,0.1476259740530275
829.499,0.14249943551372518
829.617,0.139022198996117
829.735,0.13649253178457293
829.854,0.15037658527093734
829.972,0.18057525961124793
830.091,0.21863225590778101
830.209,0.2673213218462571
830.327,0.318420665052005
830.446,0.36514295681095166
830.564,0.40348863513877753
830.682,0.42665154071551303
830.801,0.42559770062963165
830.919,0.41159061772750805
831.037,0.37669048794554916
831.156,0.33447616122952145
831.274,0.2931500421665223
831.392,0.252998760086128
831.511,0.2318619871537051
831.629,0.22501291394618061
831.747,0.21334863963610334
831.866,0.20752079068665022
831.984,0.20383665450750132
832.102,0.200546972019841
832.221,0.179722472319726
832.339,0.1548245931489371
832.457,0.14677881132200235
832.576,0.14162611552914406
832.694,0.1370559569590181
832.812,0.13458658711184124
832.93,0.14573094879626533
833.049,0.1526474521155774
833.167,0.14357906065484616
833.285,0.1425234547557161
833.404,0.14732099398404755
833.522,0.14975933647566655
833.64,0.15419543133942548
833.759,0.15969420743041782
833.877,0.17284442750549117
833.995,0.18967438469265988
834.113,0.20721891533150294
834.232,0.22643430616401392
834.35,0.24557761057830818
834.468,0.2513034013161783
834.586,0.25407364890715994
834.705,0.2575836404565094
834.823,0.252521355439578
834.941,0.2444760657831041
835.059,0.23768370672896982
835.178,0.22736082952550357
835.296,0.22865502188633255
835.414,0.22847573353194447
835.532,0.2444077596490108
835.651,0.26791229236542274
835.769,0.28649349435195626
835.887,0.29624754279351406
836.005,0.31276226745783287
836.124,0.32662781625268444
836.242,0.3445413606990674
836.36,0.3567823905691047
836.478,0.3707861049988718
836.596,0.38199990340931966
836.715,0.39403754659938783
836.833,0.4050282203820218
836.951,0.42106580161147705
837.069,0.43740545926012675
837.188,0.44977693122027085
837.306,0.4619904995976544
837.424,0.4672777646247074
837.542,0.469404383481612
837.66,0.47678987818176105
837.779,0.4865945587504001
837.897,0.48494951322560426
838.015,0.4867749138349602
838.133,0.4859176698806763
838.251,0.4865433465297093
838.369,0.48832755490008356
838.487,0.4813532634571167
838.606,0.4873064696810289
838.724,0.48697271043046186
838.842,0.4763803673303281
838.96,0.4735184344123005
839.078,0.4589458912206249
839.196,0.4519252585088044
839.315,0.4513091607868883
839.433,0.4500082420919126
839.551,0.4514406000876573
839.669,0.44697817705088794
839.787,0.44746311355006907
839.905,0.44741512545743295
840.023,0.43277221219083145
840.142,0.4333103553320294
840.26,0.4228870720460469
840.378,0.41782049617088857
840.496,0.40296046547799125
840.614,0.4005370582707824
840.732,0.39876328699917024
840.85,0.39829565297191505
840.968,0.39454722874415016
841.087,0.40456044502263017
841.205,0.40138613762566355
841.323,0.4079314822849285
841.441,0.42086162398625293
841.559,0.43506786692434374
841.677,0.45346542017875413
841.795,0.46404846242980535
841.913,0.47888546152729294
842.031,0.4990491320280146
842.149,0.503599227611636
842.267,0.5099772288000406
842.385,0.5174305190601793
842.504,0.5195459816856934
842.622,0.528276231354244
842.74,0.5305169870399917
842.858,0.5447060665451736
842.976,0.5579837677629005
843.094,0.5550746354043743
843.212,0.5520685296499137
843.33,0.5441399513372205
843.448,0.5440902469012942
843.566,0.5449038631406785
843.684,0.549616153165288
843.802,0.5676369690673512
843.92,0.5799518016988967
844.038,0.5890845338691579
844.156,0.5971599985722396
844.274,0.6026849771450793
844.392,0.6073706638486808
844.51,0.5974116514228818
844.628,0.5878911647079015
844.746,0.5825388176748139
844.864,0.5641594250639762
844.982,0.5401401283993196
845.1,0.5091799394663596
845.218,0.4926430413782773
845.336,0.4616107660271008
845.454,0.43086597817714617
845.572,0.4072783418501449
845.69,0.387216074642603
845.808,0.36838270923132843
845.926,0.35094644725882695
846.044,0.3356066986161306
846.162,0.34039708226047505
846.28,0.32058540117340095
846.398,0.30121482031208197
846.516,0.2758739393134504
846.634,0.2512813839896409
846.752,0.23303586615549138
846.87,0.21458781981301844
846.988,0.2028910098052068
847.106,0.19447420736975046
847.224,0.17275065455956187
847.342,0.1569927342576325
847.46,0.15085231372173336
847.578,0.14718796009000426
847.696,0.15527670508614952
847.814,0.16637304237307182
847.932,0.1813592179688868
848.05,0.1909806790808391
848.168,0.20359126155561041
848.285,0.21838932355460344
848.403,0.23770394292353708
848.521,0.24021212878821147
848.639,0.2522880703278749
848.757,0.264457552576891
848.875,0.27620309803306076
848.993,0.2849913839990511
849.111,0.2912626525289717
849.229,0.2957952653052349
849.347,0.2964334951545002
849.465,0.28296939035428154
849.582,0.2836316490096188
849.7,0.2884852179812756
849.818,0.2947041380408244
849.936,0.29643138770815003
850.054,0.2982882212939368
850.172,0.30856028603488916
850.29,0.32035217275991223
850.408,0.3247543434460683
850.525,0.332681883251684
850.643,0.3433229618001752
850.761,0.3448219378098147
850.879,0.34468008963337665
850.997,0.3401049267366055
851.115,0.33440040995443765
851.233,0.34080812777598257
851.35,0.3443735811078363
851.468,0.3520694145691833
851.586,0.37755171355387956
851.704,0.4132350988878982
851.822,0.45367361330928935
851.94,0.5027041422448064
852.057,0.5475914184761486
852.175,0.5989870684664929
852.293,0.6428702838726721
852.411,0.6851607327049185
852.529,0.7293803513961096
852.647,0.7695099240251428
852.764,0.7967858017488048
852.882,0.8274686209048558
853.0,0.8362689212738814
853.118,0.8362249046650225
853.236,0.8265796636870024
853.353,0.8108362549964995
853.471,0.791811197933841
853.589,0.757477216888213
853.707,0.7253779148073058
853.824,0.6965705591582991
853.942,0.6622262800529259
854.06,0.6355463319129606
854.178,0.6026085961344608
854.296,0.5691061834132629
854.413,0.533346779264563
854.531,0.48507351618208505
854.649,0.4405710593096622
854.767,0.3994703948397561
854.884,0.3605340392596446
855.002,0.31887642139184913
855.12,0.2822064971273397
855.238,0.24690964749553124
855.355,0.21273185368937397
855.473,0.1840219278023863
855.591,0.14931829991063914
855.708,0.12884570563296935
855.826,0.10657465700945153
855.944,0.08496564256592039
856.062,0.08031078110910389
856.179,0.06618579790801163
856.297,0.05223143665562544
856.415,0.04555140155191436
856.532,0.03468232604569999
856.65,0.03201976477364017
856.768,0.029868716885462675
856.886,0.032438138944784284
857.003,0.04385634099273783
857.121,0.045441858419578346
857.239,0.05182439856796315
857.356,0.05801041479489531
857.474,0.06674571230400927
857.592,0.07403777624077115
857.709,0.09021209962686191
857.827,0.10999335027076479
857.945,0.1278009190890967
858.062,0.14978516528548938
858.18,0.1768995990581504
858.298,0.20062915362847078
858.415,0.22297886633342076
858.533,0.241458224917445
858.651,0.2622743848919971
858.768,0.2755772521107387
858.886,0.2803009773900357
859.003,0.2892992556352598
859.121,0.28837192062934713
859.239,0.2890836934662212
859.356,0.27652298363475003
859.474,0.25883641456507733
859.592,0.24217621878334844
859.709,0.2203927382783543
859.827,0.2062615743357315
859.944,0.19527818398857583
860.062,0.19017670209925275
860.18,0.18151426025905837
860.297,0.17014398529237587
860.415,0.15899611741944863
860.532,0.1531698346224421
860.65,0.1488225043519576
860.768,0.15141012185081776
860.885,0.1561484581307327
861.003,0.1680076011393618
861.12,0.177803293718409
861.238,0.1823220888496575
861.356,0.1852730043846905
861.473,0.18661398991288158
861.591,0.18862692383945062
861.708,0.18534579688531222
861.826,0.18726347375923763
861.943,0.18835129865202452
862.061,0.18489338833892593
862.178,0.17828169722884246
862.296,0.18089106044899106
862.414,0.1812142544056927
862.531,0.17518526184286187
862.649,0.1722070694795636
862.766,0.17217841306163612
862.884,0.17708424360497743
863.001,0.1763518864377907
863.119,0.1805085331346647
863.236,0.1861403768900466
863.354,0.18709346883450023
863.471,0.1883623679444752
863.589,0.19560414170669913
863.706,0.20348010431490182
863.824,0.22499927974227896
863.941,0.23895367211511961
864.059,0.23822732214945136
864.176,0.2285828524443907
864.294,0.22122541017442265
864.411,0.21581344302466302
864.529,0.20474097570159397
864.646,0.20644153514922542
864.764,0.2143355193619833
864.881,0.2267203157953186
864.999,0.23307559824780594
865.116,0.25145729813946227
865.233,0.2696467675825403
865.351,0.28742860549403537
865.468,0.29697714463919755
865.586,0.3081441955076559
865.703,0.3032196698525049
865.821,0.2934576306320194
865.938,0.2798012084845358
866.056,0.27535210992095727
866.173,0.26689191708660104
866.29,0.27220452098988046
866.408,0.2844511517882994
866.525,0.2946690648169026
866.643,0.298503038975092
866.76,0.29374928947738255
866.878,0.2897035315871595
866.995,0.2832154171940198
867.112,0.2812747543500565
867.23,0.27728048675855993
867.347,0.2713870853157089
867.465,0.2703715315055277
867.582,0.27301178890491257
867.699,0.27324487483884335
867.817,0.27365045327350723
867.934,0.27456836018049746
868.051,0.28411346663907655
868.169,0.2870051683305743
868.286,0.2896171060656594
868.404,0.30170154242309
868.521,0.31779535670800724
868.638,0.340656712588849
868.756,0.35853809841121376
868.873,0.3782757095026608
868.99,0.4031408961756002
869.108,0.43004767319303705
869.225,0.4561855284161613
869.342,0.4781355060095478
869.46,0.5094172420754277
869.577,0.547923925224251
869.694,0.580317851742619
869.812,0.5938371510912219
869.929,0.5949344158721088
870.046,0.5941437030330321
870.164,0.5884785752478667
870.281,0.5673406126954531
870.398,0.5551508058900224
870.516,0.5519031476300564
870.633,0.5451876177508752
870.75,0.5233639760537567
870.867,0.49838826990294405
870.985,0.48722054552722993
871.102,0.47882042470805347
871.219,0.45395971355772935
871.337,0.42970916244731183
871.454,0.4159549087322474
871.571,0.40103783243761415
871.688,0.3770584635671548
871.806,0.3505226013649354
871.923,0.3277000478725266
872.04,0.304017606391389
872.157,0.27729895362869156
872.275,0.249232113211011
872.392,0.2419253030681226
872.509,0.23631080741003788
872.626,0.2273116827823452
872.744,0.21451943948181634
872.861,0.19771095288063725
872.978,0.1802639865752524
873.095,0.16923099514787165
873.213,0.15642845378759745
873.33,0.14780806989307715
873.447,0.13437429593815356
873.564,0.12034849707013551
873.681,0.10598964641959638
873.799,0.0896679186646752
873.916,0.07099466036681594
874.033,0.07123948308768355
874.15,0.07134495859228494
874.267,0.06616829650352041
874.385,0.0667259094687398
874.502,0.06797790599115454
874.619,0.06236645445559058
874.736,0.06864761112153792
874.853,0.07195878889751806
874.97,0.07980985701714675
875.088,0.08291163924168427
875.205,0.08366276125812047
875.322,0.08151687651766301
875.439,0.0714829087154636
875.556,0.06273902065479561
875.673,0.06587457463174998
875.791,0.06175868575289819
875.908,0.05977145563755082
876.025,0.0560894766569313
876.142,0.06251780365268492
876.259,0.0666048834627174
876.376,0.0650355621458243
876.493,0.06654398342674794
876.61,0.06824013562509332
876.728,0.06273901918232365
876.845,0.06815639870440383
876.962,0.0657774832134663
877.079,0.07106854103426122
877.196,0.07890748266089348
877.313,0.08133834394991951
877.43,0.07922369656596953
877.547,0.07958246120893644
877.664,0.07339181763166631
877.781,0.07334001289404043
877.898,0.06694046502587159
878.016,0.05886373996610959
878.133,0.061093092282350346
878.25,0.05611682211179714
878.367,0.06108714651809305
878.484,0.05887612178548723
878.601,0.05947596394029285
878.718,0.06516372664618897
878.835,0.06578259004030701
878.952,0.06560508708741947
879.069,0.07215960208957511
879.186,0.06432992163521617
879.303,0.06750312530699172
879.42,0.055613106478046334
879.537,0.047119435425666684
879.654,0.04697186901845323
879.771,0.033848508730595465
879.888,0.02752386600183518
880.005,0.026593033519024444
880.122,0.0287433852097528
880.239,0.03397492107402031
880.356,0.042287641111826944
