wavelength_nm,intensity
792.446,0.27395046908357595
792.565,0.2371519722674601
792.684,0.20567228402981635
792.803,0.17951140437064467
792.922,0.15866933328994498
793.041,0.1371074633021904
793.16,0.13415302580958038
793.279,0.1313329487890951
793.398,0.13489051551213183
793.518,0.1556947417265162
793.637,0.1819846074389276
793.756,0.2039846418552224
793.875,0.21807159091043615
793.994,0.2218075584825719
794.113,0.21636819870272117
794.232,0.1997649765834376
794.351,0.18720376533390723
794.47,0.17749472832875857
794.589,0.1757413241675304
794.708,0.1704818581309134
794.827,0.170827463123101
794.946,0.17686472700390687
795.066,0.1820488018867205
795.185,0.18467629556382698
795.304,0.1869551984604764
795.423,0.17778434979089414
795.542,0.1752658373856223
795.661,0.16304425955174062
795.78,0.157652672384201
795.899,0.15424887375704044
796.018,0.15554694520717915
796.137,0.1545481990310518
796.256,0.1531515965680217
796.375,0.14628502999537904
796.494,0.14710313598120536
796.613,0.14135997224493918
796.732,0.13562651232054865
796.851,0.12239051292212502
796.97,0.12206879423609292
797.089,0.11540451481870476
797.208,0.13022074265872902
797.327,0.1432619193725717
797.446,0.16066831853633448
797.565,0.17490157121675076
797.684,0.18343122185547092
797.803,0.18170543623573515
797.922,0.17827252617294753
798.041,0.160804171902594
798.16,0.16177977821963324
798.279,0.15674648564442628
798.398,0.15085104670641872
798.517,0.1523021398053661
798.636,0.15681963745702743
798.755,0.16390342012627168
798.874,0.16633907690706662
798.993,0.16772970779355792
799.112,0.17551589715318783
799.231,0.17626159777348033
799.35,0.16772821489942336
799.469,0.16434830257841831
799.588,0.15702938908295566
799.707,0.15660316780749312
799.826,0.15638669815795872
799.945,0.15709507642488318
800.064,0.16198281182195498
800.183,0.16561651614586254
800.302,0.16364514944096534
800.421,0.175206868067301
800.54,0.1858795682364111
800.659,0.19956418232231782
800.778,0.2097322842738927
800.897,0.21693699136804928
801.016,0.21589793705028446
801.135,0.21208508543021076
801.254,0.2039562768666628
801.373,0.21204104505323662
801.492,0.21582777102595274
801.611,0.22192997580161888
801.729,0.2241245301796566
801.848,0.223036210355446
801.967,0.2035412522972106
802.086,0.1810806600403549
802.205,0.15778703285632573
802.324,0.13796425956572317
802.443,0.11336215398277989
802.562,0.10145418988811349
802.681,0.08894437123949528
802.8,0.08205399687146087
802.919,0.07270533932306819
803.038,0.06404922387956892
803.157,0.06258742282564247
803.276,0.059144714615436786
803.394,0.052646616175905686
803.513,0.057054260235346946
803.632,0.050997342071664405
803.751,0.05040529734404944
803.87,0.04720930704690451
803.989,0.04156233993502933
804.108,0.04280597983991268
804.227,0.041065180455327824
804.346,0.04186417810334942
804.465,0.045767206244568495
804.583,0.03927840556169786
804.702,0.035589636847798034
804.821,0.038275110104047605
804.94,0.040128271028488885
805.059,0.0437687069462009
805.178,0.04722626525544969
805.297,0.05903752992854331
805.416,0.06438728786977578
805.535,0.06777428373080954
805.653,0.0705312175136322
805.772,0.08289627178777739
805.891,0.09348115656993514
806.01,0.11053124359123005
806.129,0.13595112830374267
806.248,0.1728145997564818
806.367,0.19949073091099714
806.485,0.22693414520675087
806.604,0.24691458172304143
806.723,0.2596373134033928
806.842,0.26348255011163413
806.961,0.2529758490557489
807.08,0.24302674395918133
807.198,0.2341764089457674
807.317,0.21860730387904825
807.436,0.21315404946918906
807.555,0.21080228262420997
807.674,0.21780499042738372
807.793,0.22879297912319124
807.912,0.2476164226850742
808.03,0.27425815283048355
808.149,0.30023479863887526
808.268,0.3277550969825669
808.387,0.34901792956058153
808.506,0.35544214088655124
808.624,0.34787569482899683
808.743,0.33054497468330907
808.862,0.314794482979222
808.981,0.28662012628599887
809.1,0.2681391312095097
809.219,0.27074526578593416
809.337,0.2631146252805864
809.456,0.2534006510102374
809.575,0.24595886161293157
809.694,0.2488314777924031
809.812,0.24663049325503017
809.931,0.24928141465549575
810.05,0.27221255642905917
810.169,0.2981690481666316
810.288,0.30788509105965733
810.406,0.3105763206017602
810.525,0.3113439560512769
810.644,0.31033206169220784
810.763,0.30347996547811584
810.882,0.3053299491753041
811.0,0.3106986843480265
811.119,0.3216844337026311
811.238,0.34105203717661864
811.357,0.35517808934360573
811.475,0.36461048235103444
811.594,0.3747072132484134
811.713,0.3795392529797038
811.832,0.3809339039658023
811.95,0.3792897689406789
812.069,0.3783577444178168
812.188,0.38994960879111673
812.307,0.3957326220862229
812.425,0.3923806161709802
812.544,0.39873466147261677
812.663,0.4039160384314313
812.782,0.4124847921819246
812.9,0.4223911790771264
813.019,0.4427134883502667
813.138,0.4673928091555859
813.257,0.4837208801712839
813.375,0.4933070412745883
813.494,0.5056460991623156
813.613,0.5048641104999928
813.731,0.4962257664537082
813.85,0.49007085180052956
813.969,0.49705564487408505
814.088,0.4993661864118336
814.206,0.49803033402552954
814.325,0.5003729727871744
814.444,0.5010092335528348
814.562,0.48973518491170254
814.681,0.4772406953154369
814.8,0.4783091489330985
814.918,0.47191910345370114
815.037,0.46952926780828486
815.156,0.4680291970671613
815.274,0.466957586942702
815.393,0.4649991977022193
815.512,0.46646252181851366
815.631,0.46755859397766697
815.749,0.4777613203586096
815.868,0.47556630739777367
815.987,0.48077306355687743
816.105,0.4814533646995114
816.224,0.4713437734834597
816.343,0.45740714815305417
816.461,0.44800892099219614
816.58,0.4254052987626762
816.698,0.41063489205802983
816.817,0.3960928981559957
816.936,0.38429111143823935
817.055,0.37093148969090306
817.173,0.3568485607352949
817.292,0.3508817507430897
817.41,0.3448350709146769
817.529,0.3363684096938838
817.648,0.3315906898799828
817.766,0.32818717911709117
817.885,0.3190016893704307
818.004,0.31840258023960993
818.122,0.323745189764973
818.241,0.33151897738872693
818.359,0.3403910654086707
818.478,0.3489236947575565
818.597,0.33416995221350865
818.715,0.34522311232936925
818.834,0.35002242731657873
818.953,0.4516033942140093
819.071,0.566641203152727
819.19,0.7068977363366564
819.308,0.8245236788878287
819.427,0.8864104609146388
819.546,0.851827528680213
819.664,0.763378415169861
819.783,0.6234649090524469
819.901,0.5298403824570835
820.02,0.41706835566471556
820.138,0.35555851894282775
820.257,0.3149185829043306
820.376,0.2959708851272253
820.494,0.2739091834686088
820.613,0.26352116749643173
820.731,0.26438210882936664
820.85,0.270816770414277
820.969,0.27975053678070805
821.087,0.29472231347501243
821.206,0.320864670532356
821.324,0.3396112300462989
821.443,0.34172620245239854
821.561,0.33665886117636246
821.68,0.31754711832795196
821.798,0.28853823381341825
821.917,0.2622964285775873
822.035,0.23799389282275696
822.154,0.22917341569203598
822.273,0.22879824068142368
822.391,0.23373179721387413
822.51,0.23918264156400507
822.628,0.23452808551621923
822.747,0.2346873666058367
822.865,0.2403076544402583
822.984,0.2445925484711733
823.102,0.245523655828441
823.221,0.2535475032197615
823.339,0.2638480141665294
823.458,0.2695257784251383
823.576,0.2618025784834371
823.695,0.26393322627795224
823.813,0.2679568638352916
823.932,0.26814152412519954
824.05,0.2623620723469027
824.169,0.26245342675339045
824.287,0.26405708291834906
824.406,0.2625122253531841
824.524,0.2574000972531068
824.643,0.25851557703601213
824.761,0.2562235259564201
824.88,0.2531350158559553
824.998,0.251111685720613
825.117,0.2532259116796459
825.235,0.25659640805304523
825.354,0.258822601072182
825.472,0.2651057339024193
825.591,0.2648805947523466
825.709,0.25906456706774905
825.828,0.2523132412077498
825.946,0.2499876000101266
826.064,0.24866816945930437
826.183,0.24699343010441888
826.301,0.25516582046214376
826.42,0.26438099737297066
826.538,0.26775746532290945
826.657,0.2634537393967835
826.775,0.25699054210478595
826.894,0.25538895456250255
827.012,0.2414739761970521
827.13,0.23711501318794137
827.249,0.2370302060865327
827.367,0.2355092348275239
827.486,0.23693971527285557
827.604,0.236934031560587
827.723,0.24898645377444825
827.841,0.2653272143902914
827.959,0.2754187201581984
828.078,0.30113037725767594
828.196,0.3181242790574587
828.315,0.33119784085946796
828.433,0.3445976000299137
828.552,0.33919435757356664
828.67,0.31919210337379716
828.788,0.29253452712144806
828.907,0.26165803204438154
829.025,0.22708972512962244
829.143,0.19496489140412462
829.262,0.17749486438154477
829.38,0.15896825393391445
829.499,0.14554796257533587
829.617,0.13986978348758866
829.735,0.14632202062756552
829.854,0.16098636804753166
829.972,0.17684587108409439
830.091,0.20958422706590393
830.209,0.26185371900850246
830.327,0.30546095731518286
830.446,0.360450020504965
830.564,0.40223966020262447
830.682,0.42910334434135766
830.801,0.4343723148213726
830.919,0.4194013730699271
831.037,0.3847914089762458
831.156,0.3437261706440371
831.274,0.2984763500522095
831.392,0.25696175058545007
831.511,0.22873838760009885
831.629,0.21544321951487588
831.747,0.2071805975577925
831.866,0.20113268404956552
831.984,0.19881028785453114
832.102,0.1967163044621089
832.221,0.18766851343741872
832.339,0.18013146911222755
832.457,0.18262820636360216
832.576,0.18068099780903096
832.694,0.17903935730110127
832.812,0.17385521661077283
832.93,0.1723105134846519
833.049,0.1678608563643771
833.167,0.1609312282817856
833.285,0.15912523215144686
833.404,0.1636707003810806
833.522,0.16058838637036812
833.64,0.17020454493599313
833.759,0.1744133978327685
833.877,0.1813893742503883
833.995,0.19960982929071597
834.113,0.2220686107795126
834.232,0.23800643068785424
834.35,0.25667475396859785
834.468,0.25851890679811945
834.586,0.26961153879222854
834.705,0.2669605873821096
834.823,0.2609416668040633
834.941,0.25683812940086215
835.059,0.2513133567814079
835.178,0.24342607919376003
835.296,0.24246060526173924
835.414,0.2347860650882888
835.532,0.2457264218806566
835.651,0.2525672913790845
835.769,0.2601381861093901
835.887,0.27169062949699274
836.005,0.2928737329476711
836.124,0.314549491462807
836.242,0.3288891681999308
836.36,0.3441917616539489
836.478,0.36340051261146056
836.596,0.37635105135622793
836.715,0.3804233486818181
836.833,0.3821488164276291
836.951,0.3968923210281947
837.069,0.4025388752188468
837.188,0.40635738054153514
837.306,0.421038183588443
837.424,0.44063359412684777
837.542,0.452132293325601
837.66,0.45332181207704836
837.779,0.46002608176214965
837.897,0.47259443960842923
838.015,0.46844462248705176
838.133,0.46504498466837096
838.251,0.46987641866146646
838.369,0.4740241071408605
838.487,0.47157021775652475
838.606,0.47609187621666615
838.724,0.48504743025692454
838.842,0.4903633083967368
838.96,0.4836822892699426
839.078,0.4755800349268954
839.196,0.470023165083545
839.315,0.45775051097515873
839.433,0.4476089632440846
839.551,0.4467599350545724
839.669,0.43938322726099904
839.787,0.44256277389402787
839.905,0.43863390510458966
840.023,0.4404265530864643
840.142,0.44417190659655204
840.26,0.4370071897701091
840.378,0.43066878984723317
840.496,0.4219201123438524
840.614,0.4094115809621802
840.732,0.4073518156294102
840.85,0.397191606721652
840.968,0.3962037393776108
841.087,0.4025624040705247
841.205,0.4049708708829707
841.323,0.4157895568033593
841.441,0.42486006369199114
841.559,0.437467983232841
841.677,0.44511426911695035
841.795,0.4484184724102277
841.913,0.46113014809344033
842.031,0.4816183093244071
842.149,0.4898430916857198
842.267,0.5004378434859
842.385,0.5160643949671522
842.504,0.5261911244560976
842.622,0.5297782311879038
842.74,0.5306863393949558
842.858,0.531181662373758
842.976,0.5345299060440093
843.094,0.5250422459439419
843.212,0.5242477083903467
843.33,0.5321127032651923
843.448,0.5440503133395529
843.566,0.5514010061849874
843.684,0.5568258655966338
843.802,0.5578063791692203
843.92,0.5659423343295173
844.038,0.5695428771085367
844.156,0.5753476780774693
844.274,0.5891252801728717
844.392,0.6027102989248954
844.51,0.6038819029467257
844.628,0.6019273866504532
844.746,0.5871384594779967
844.864,0.5610520559410499
844.982,0.5259896264191015
845.1,0.4945698585858691
845.218,0.4711632000207434
845.336,0.437852681765888
845.454,0.4118558518770238
845.572,0.3908841036456256
845.69,0.36409081473588856
845.808,0.34563086088615635
845.926,0.3318242580543451
846.044,0.3236578092635044
846.162,0.3138379802184617
846.28,0.29164280524366104
846.398,0.274357759077953
846.516,0.26006372631115554
846.634,0.23191521424174266
846.752,0.21018194942416502
846.87,0.18716461915041827
846.988,0.17100235693925342
847.106,0.1557319346276491
847.224,0.1445734164798785
847.342,0.13848007024369544
847.46,0.1408955586131056
847.578,0.13352791268675002
847.696,0.1296233878552197
847.814,0.13236381661847132
847.932,0.14203665440023583
848.05,0.14839509381359103
848.168,0.16030278883974325
848.285,0.1730885380541372
848.403,0.18807255258529643
848.521,0.19596161968611492
848.639,0.20255634757213148
848.757,0.2185630265304876
848.875,0.22661481909199055
848.993,0.23092467250481885
849.111,0.23403871771573656
849.229,0.2360905687498011
849.347,0.24306001306363179
849.465,0.24400562954386906
849.582,0.24518861619152682
849.7,0.2597927211103137
849.818,0.2718253158820463
849.936,0.27716974493023533
850.054,0.2844944980481299
850.172,0.29510063247413787
850.29,0.30504616124553235
850.408,0.30200649683313635
850.525,0.3005224281091181
850.643,0.3086921593072642
850.761,0.3152622544400585
850.879,0.314805296880728
850.997,0.32418651166919943
851.115,0.33266079327082876
851.233,0.3373983608532549
851.35,0.3416940317718039
851.468,0.3490949224905696
851.586,0.3677373060437735
851.704,0.39317534369822094
851.822,0.4294420889588567
851.94,0.4783827589761942
852.057,0.5345848660648076
852.175,0.5921007199919743
852.293,0.6497703420150172
852.411,0.6994537268643777
852.529,0.7487385089797681
852.647,0.7888852860965402
852.764,0.8123220991633961
852.882,0.8330694634465547
853.0,0.8461261835947055
853.118,0.8441091516645928
853.236,0.8315298937313393
853.353,0.8179757759281141
853.471,0.793966920499448
853.589,0.767941911541843
853.707,0.7304231106410324
853.824,0.7041263949509086
853.942,0.6735264119174555
854.06,0.6481381223083085
854.178,0.6122167181316474
854.296,0.5776866912885449
854.413,0.5407180218763779
854.531,0.5052415001518631
854.649,0.45740306854480306
854.767,0.408205356828081
854.884,0.3653942462196894
855.002,0.3254285918320733
855.12,0.27674368925062737
855.238,0.23958616873041846
855.355,0.20973337921139226
855.473,0.17825008751015922
855.591,0.14114240932979527
855.708,0.10959495148338888
855.826,0.09710744593086276
855.944,0.08340657931664111
856.062,0.06562858274505828
856.179,0.05897142729154148
856.297,0.04925744563820675
856.415,0.04463084533531102
856.532,0.03917606331021066
856.65,0.029024070991392804
856.768,0.030923933177592785
856.886,0.03204993863919509
857.003,0.023312154530132613
857.121,0.021827532175204254
857.239,0.02279650259006711
857.356,0.035010025078109255
857.474,0.045090438204586664
857.592,0.04762555714048193
857.709,0.06091023511647002
857.827,0.08496777795525359
857.945,0.0981648351905119
858.062,0.12360100672588911
858.18,0.1583300188949757
858.298,0.19124539775819077
858.415,0.217855051231734
858.533,0.23634753987306706
858.651,0.2544593405100467
858.768,0.26901133508278763
858.886,0.2742932035259875
859.003,0.2802632961652932
859.121,0.28703134071960645
859.239,0.2805895115228536
859.356,0.26934952057711203
859.474,0.25788484906409526
859.592,0.2416809851204113
859.709,0.21607188812799413
859.827,0.19163098079599514
859.944,0.16634136314840792
860.062,0.154419866030167
860.18,0.14548639652256717
860.297,0.14374569095604628
860.415,0.15041669739160274
860.532,0.14745965749328901
860.65,0.14184700696868524
860.768,0.13259473169869596
860.885,0.12959970592944206
861.003,0.13064464391517516
861.12,0.13719217341654277
861.238,0.1466165610705759
861.356,0.15330770760331358
861.473,0.16093676604065882
861.591,0.16751034832475753
861.708,0.16633730294379645
861.826,0.16162012688701125
861.943,0.1502289676009621
862.061,0.1439621674323377
862.178,0.1407028024981059
862.296,0.1294377927664404
862.414,0.13901358515546008
862.531,0.1414182605683545
862.649,0.14059082017958124
862.766,0.14219605078333358
862.884,0.14370946839780085
863.001,0.14814298693977968
863.119,0.15141951252735092
863.236,0.1416750154718982
863.354,0.1496131029951312
863.471,0.14434952768503917
863.589,0.15148294526965836
863.706,0.16542321366153123
863.824,0.1801472514741319
863.941,0.19291186573491295
864.059,0.19593235997837938
864.176,0.18688056580143603
864.294,0.18403025386011768
864.411,0.17105513389713123
864.529,0.16525262380440486
864.646,0.16227541586163513
864.764,0.17122568560820733
864.881,0.1802005881080022
864.999,0.185252164821754
865.116,0.19938352366287
865.233,0.2201821477096435
865.351,0.2309933099951431
865.468,0.24464544981901387
865.586,0.2590313471100993
865.703,0.2723087705061554
865.821,0.2735848179532009
865.938,0.2693946335259707
866.056,0.26056453412803215
866.173,0.252560751633661
866.29,0.2452563900414059
866.408,0.2552643752824262
866.525,0.2615125066451552
866.643,0.26567207911341145
866.76,0.2706318428378774
866.878,0.2749698161552325
866.995,0.26217011125307477
867.112,0.25982812976462744
867.23,0.25666505650208415
867.347,0.25991023131282465
867.465,0.25318884488017723
867.582,0.2534422598449396
867.699,0.25648440105335824
867.817,0.26008264532695985
867.934,0.256573967072229
868.051,0.26912393244633215
868.169,0.28005623891919684
868.286,0.29755863893758
868.404,0.30939312385501944
868.521,0.3313440633579052
868.638,0.34545641968796514
868.756,0.3618057353604214
868.873,0.37765105674392874
868.99,0.4023043110038005
869.108,0.4376697205172658
869.225,0.4692937978030093
869.342,0.4991953438362342
869.46,0.5344951950606053
869.577,0.5578959335841943
869.694,0.5774890456171813
869.812,0.5927445537417406
869.929,0.5953940637927281
870.046,0.6078869713209888
870.164,0.6060077870143044
870.281,0.5968611940598049
870.398,0.5845369759395549
870.516,0.5650446266314488
870.633,0.5487582674776531
870.75,0.5348754678807559
870.867,0.5098049196382705
870.985,0.4992191767379015
871.102,0.4874167251177359
871.219,0.4614773124888435
871.337,0.4325536044846467
871.454,0.41017175857879096
871.571,0.39416457062818777
871.688,0.37014576630361223
871.806,0.346144130261586
871.923,0.33050792650346095
872.04,0.3122934945746752
872.157,0.2897952029263117
872.275,0.27501293461324616
872.392,0.26203781465025855
872.509,0.24672109023696331
872.626,0.22644571795519713
872.744,0.21024221442587857
872.861,0.1919374624019422
872.978,0.17053943373086708
873.095,0.16059264952015834
873.213,0.14798478151431194
873.33,0.1325344430759595
873.447,0.12078200340930731
873.564,0.10569284636939132
873.681,0.09172934411829078
873.799,0.07630365099758854
873.916,0.06397484133110168
874.033,0.06041198615738814
874.15,0.05391372765273228
874.267,0.054483488339504046
874.385,0.05560211982799437
874.502,0.05336390140021
874.619,0.05116893035691095
874.736,0.049895142379667926
874.853,0.03930145781592295
874.97,0.03733497163476285
875.088,0.03817088233581147
875.205,0.03643567327460999
875.322,0.041612779413131906
875.439,0.04696383542392932
875.556,0.0436724574273245
875.673,0.04492289296993866
875.791,0.041579770826958073
875.908,0.04618622495844308
876.025,0.04466876121945162
876.142,0.042378634152624446
876.259,0.04879639662197609
876.376,0.053284648162452375
876.493,0.04564896900990789
876.61,0.05126717110535564
876.728,0.05010729496224223
876.845,0.049722851963362666
876.962,0.048091574832545295
877.079,0.051409494213992
877.196,0.05092122139061872
877.313,0.0550915436929878
877.43,0.05084022061562643
877.547,0.05248945406935197
877.664,0.0506810301637199
877.781,0.04695605380339554
877.898,0.049005324864938665
878.016,0.047653300760921065
878.133,0.04276657422230572
878.25,0.04568490190138154
878.367,0.040777539369119806
878.484,0.044071917097980945
878.601,0.049518413723421056
878.718,0.05013383805301386
878.835,0.049104016402006526
878.952,0.04643228624971937
879.069,0.04380843387903635
879.186,0.03546790032509088
879.303,0.026030211122874604
879.42,0.026069282926037107
879.537,0.02516028344344099
879.654,0.031217633109092806
879.771,0.029679396927734733
879.888,0.035287894427645516
880.005,0.035431005802651884
880.122,0.03354495414932264
880.239,0.029629739467657838
880.356,0.02368536175765746
