wavelength_nm,intensity
792.446,0.26696075425629723
792.565,0.23844831516651901
792.684,0.21413192868755584
792.803,0.19401159481940772
792.922,0.1780873135620746
793.041,0.15758002202423088
793.16,0.15459151173582997
793.279,0.1670907258096917
793.398,0.17516263350042163
793.518,0.18957570797956533
793.637,0.21494246792753996
793.756,0.24015540749302344
793.875,0.255152371587338
793.994,0.25035045502099634
794.113,0.2500124687383797
794.232,0.22866073469257397
794.351,0.20652001718827578
794.47,0.19436088219135042
794.589,0.1813562582893031
794.708,0.180597620348445
794.827,0.1825742645833152
794.946,0.18960500710004002
795.066,0.20086737973101318
795.185,0.2014041814739929
795.304,0.2055280326807814
795.423,0.19967971895463543
795.542,0.18352125401293812
795.661,0.1716299966889226
795.78,0.16185350802487142
795.899,0.1442625253714021
796.018,0.13683310553679187
796.137,0.13252090284123857
796.256,0.1263419276125944
796.375,0.13716690623076938
796.494,0.13684450011654406
796.613,0.13209835280239005
796.732,0.12989486665266797
796.851,0.12371551852415562
796.97,0.12584344413180806
797.089,0.12565300086180023
797.208,0.1268332539372438
797.327,0.15296527327994336
797.446,0.15303560917155265
797.565,0.16220436836765983
797.684,0.1681324355598531
797.803,0.16978073836844687
797.922,0.1604512885735343
798.041,0.1471340192026077
798.16,0.14411225148699522
798.279,0.13645879565048427
798.398,0.12052507315045874
798.517,0.12058390978567869
798.636,0.1183620117635831
798.755,0.11986916670834784
798.874,0.12280715772162279
798.993,0.1263096281459895
799.112,0.1425005845921592
799.231,0.14623489495641434
799.35,0.1425921053440494
799.469,0.14422734300573697
799.588,0.14660552265088556
799.707,0.1451748166343466
799.826,0.14429556192102436
799.945,0.13851812210265846
800.064,0.14021405079961485
800.183,0.1455503952155305
800.302,0.14516817915311597
800.421,0.16162249339195184
800.54,0.17007291575544503
800.659,0.16875208144068596
800.778,0.17098481188062198
800.897,0.17082757120756503
801.016,0.1695789382968323
801.135,0.17186084940327911
801.254,0.17396905858119832
801.373,0.19039198090523946
801.492,0.19782844442088166
801.611,0.21220461390034562
801.729,0.22163551040257473
801.848,0.22627913989869936
801.967,0.21800708925136006
802.086,0.2040185709200102
802.205,0.17378679035944536
802.324,0.14677419146778597
802.443,0.11328922005059025
802.562,0.09619825128145187
802.681,0.08074570645898996
802.8,0.07353952843220302
802.919,0.06528832918982791
803.038,0.06816976609535433
803.157,0.061058562972724356
803.276,0.05990650987045735
803.394,0.05066077420868067
803.513,0.041554608706543344
803.632,0.03208262744169489
803.751,0.023174755474395653
803.87,0.015008816644051282
803.989,0.016425298300292594
804.108,0.018847184990997502
804.227,0.032893335352248226
804.346,0.03630424404630371
804.465,0.035086157701253035
804.583,0.043898482340337705
804.702,0.04712899199119987
804.821,0.05101625058765643
804.94,0.05748133735997897
805.059,0.06493217387268509
805.178,0.06800965023619712
805.297,0.059163570001889196
805.416,0.056783028754913416
805.535,0.06311563805652744
805.653,0.0527029439769377
805.772,0.06107124481923047
805.891,0.07992784092141936
806.01,0.10504766655702868
806.129,0.1359232750857972
806.248,0.16632641800262177
806.367,0.20220142285889092
806.485,0.22760547111033932
806.604,0.2440812813959597
806.723,0.25600003205063276
806.842,0.2550355408737959
806.961,0.2572458186798048
807.08,0.25101899618631196
807.198,0.23666899254125848
807.317,0.2268980228675085
807.436,0.21701613509481926
807.555,0.22066939458419826
807.674,0.21302679673349062
807.793,0.21457993712314294
807.912,0.2394562238076725
808.03,0.2709206270103297
808.149,0.29685377482626163
808.268,0.33567539645950256
808.387,0.3581868255628744
808.506,0.36512158654539995
808.624,0.35443292656250225
808.743,0.3441994493441195
808.862,0.3297395739972875
808.981,0.30185233029584735
809.1,0.26644149101541487
809.219,0.2567155164195377
809.337,0.24039828611405348
809.456,0.2244483412116606
809.575,0.22079356293696772
809.694,0.22633766209411416
809.812,0.23140565054354972
809.931,0.23015130735344788
810.05,0.24696405752452616
810.169,0.27534368190008063
810.288,0.29649060910706826
810.406,0.30471871697911246
810.525,0.30294012881194887
810.644,0.29340459849915623
810.763,0.2908317948877013
810.882,0.2905547866448568
811.0,0.2987106931128749
811.119,0.30812855455561694
811.238,0.3264386990623757
811.357,0.34725391836970587
811.475,0.34667136215619887
811.594,0.3443402762886589
811.713,0.34986554029692934
811.832,0.34500426609698254
811.95,0.33997870754294657
812.069,0.3379835151637035
812.188,0.35616599921696573
812.307,0.3726208815593912
812.425,0.3704394304857029
812.544,0.3726392443201151
812.663,0.3783120503279176
812.782,0.37251215787562636
812.9,0.3745550121360681
813.019,0.37851800518475065
813.138,0.38969486025312394
813.257,0.39456717243367645
813.375,0.40419640610269914
813.494,0.4124109108116663
813.613,0.41848657972599357
813.731,0.41827549450421664
813.85,0.4206542422529552
813.969,0.42362106520550386
814.088,0.4195948159390809
814.206,0.4259153417888023
814.325,0.43561991605333084
814.444,0.44645564564760787
814.562,0.44988916173342985
814.681,0.455268976536488
814.8,0.45404916445266097
814.918,0.4562186327694401
815.037,0.4429736245251428
815.156,0.43334287207080946
815.274,0.4244456440254987
815.393,0.41757738007304845
815.512,0.40714194820282557
815.631,0.4122727204818508
815.749,0.4214540961664783
815.868,0.4318670813081954
815.987,0.43892740994989965
816.105,0.4434648750393158
816.224,0.43344695563585467
816.343,0.4121070189633114
816.461,0.38360240093758846
816.58,0.35731300569917135
816.698,0.3304083289307892
816.817,0.3104883532041004
816.936,0.3125521354077392
817.055,0.31241534438430985
817.173,0.29671862759459117
817.292,0.29058388805116386
817.41,0.2944077102775937
817.529,0.2916716687092108
817.648,0.29098970476552344
817.766,0.29733115855844205
817.885,0.3138216184043019
818.004,0.3276448118898209
818.122,0.3246074079394139
818.241,0.3240551972435421
818.359,0.33129165509235436
818.478,0.32863597743056144
818.597,0.3394413915338491
818.715,0.3770982797502488
818.834,0.42705102048880517
818.953,0.54718223612424
819.071,0.6710733863637031
819.19,0.7859562948350531
819.308,0.8574857772856717
819.427,0.8596479972765643
819.546,0.793266300618574
819.664,0.6932183855553176
819.783,0.5544305157701052
819.901,0.4794057512079001
820.02,0.4109206411631618
820.138,0.3564076514669745
820.257,0.3145901820238949
820.376,0.2750753730827117
820.494,0.23739175917118566
820.613,0.22467518149258925
820.731,0.2248920727091736
820.85,0.24827619704382425
820.969,0.2754733926288018
821.087,0.3083159008909235
821.206,0.3377377368376451
821.324,0.3505699922128299
821.443,0.3540024619014931
821.561,0.34347599347836755
821.68,0.3294765328818517
821.798,0.29348494317773
821.917,0.2589635414831334
822.035,0.24792119926022488
822.154,0.23636821522333187
822.273,0.22225365093923818
822.391,0.22924387097123644
822.51,0.23941513836903977
822.628,0.24550127125496735
822.747,0.24396649362604028
822.865,0.2429883992861292
822.984,0.2514917096112045
823.102,0.25322796950382553
823.221,0.2472585607116482
823.339,0.2525546637419235
823.458,0.25478063750533303
823.576,0.2462611588347129
823.695,0.25245507062810035
823.813,0.25058858509951576
823.932,0.25241064955924125
824.05,0.2541385382745843
824.169,0.25149562605342507
824.287,0.24652343375454142
824.406,0.24741839033068003
824.524,0.2432037895754943
824.643,0.24889019874637647
824.761,0.2509278210210211
824.88,0.25005227360277094
824.998,0.24344246974879352
825.117,0.24223521443088564
825.235,0.24081240129805814
825.354,0.24674785299297405
825.472,0.23912513668830615
825.591,0.24176862291847773
825.709,0.25073548718534633
825.828,0.24047898922945105
825.946,0.22970975666525167
826.064,0.22649341880051937
826.183,0.23304938401119904
826.301,0.22969178252989314
826.42,0.22256924406761175
826.538,0.23391456907871563
826.657,0.23761491644028973
826.775,0.23225241800079932
826.894,0.22067536682923133
827.012,0.21225634228595253
827.13,0.2165709247803317
827.249,0.2021089566391835
827.367,0.19724349685060014
827.486,0.200089984129774
827.604,0.1965921654290549
827.723,0.21154232865568473
827.841,0.22298810779413003
827.959,0.23987619856071724
828.078,0.26383688773042147
828.196,0.2873340229583323
828.315,0.29960645585302287
828.433,0.3062534576166056
828.552,0.2946732672535583
828.67,0.2781750102394309
828.788,0.24433690589018747
828.907,0.20656889096393283
829.025,0.16745889111536383
829.143,0.136810217765936
829.262,0.10886744326521264
829.38,0.09208026239768313
829.499,0.08136187294590658
829.617,0.07438422290154481
829.735,0.07042573090122495
829.854,0.07532841619037242
829.972,0.08400539988693631
830.091,0.10248136954978473
830.209,0.12157564148189653
830.327,0.13541692902434574
830.446,0.1552348534901523
830.564,0.17303213668120132
830.682,0.1800925920842456
830.801,0.18805608823620096
830.919,0.18854726226999402
831.037,0.18226301469405437
831.156,0.16787965310122974
831.274,0.15225526447687732
831.392,0.14153115375188813
831.511,0.14517302963385167
831.629,0.14582848802173387
831.747,0.15528728571504932
831.866,0.1464162096965816
831.984,0.15044241724741617
832.102,0.14757989090329587
832.221,0.14027791637126463
832.339,0.1374883696333539
832.457,0.14032589026862535
832.576,0.14196114894287049
832.694,0.13902799265865134
832.812,0.12487314675603911
832.93,0.12839139031956812
833.049,0.11622073787663438
833.167,0.10331497614059158
833.285,0.10102346635977116
833.404,0.09736598285895251
833.522,0.10155198873317808
833.64,0.1108777569709816
833.759,0.12002199850013592
833.877,0.14151897396232876
833.995,0.16115026477361413
834.113,0.1876040948765429
834.232,0.20815504229108517
834.35,0.22785057426896987
834.468,0.2344242858629093
834.586,0.24503918328801277
834.705,0.23593263344228538
834.823,0.23037650915977392
834.941,0.21296156586520082
835.059,0.1937185667324497
835.178,0.17894159067774312
835.296,0.1802111150686349
835.414,0.17721971022480382
835.532,0.19342341488042206
835.651,0.2063173653195796
835.769,0.22671398339453372
835.887,0.23538886048536056
836.005,0.2498544994585443
836.124,0.2701904264982298
836.242,0.28585419021938924
836.36,0.3060467608481815
836.478,0.3242825687881398
836.596,0.33355179946573543
836.715,0.34321656826973684
836.833,0.3443249474980188
836.951,0.3584808529119
837.069,0.36097884756840204
837.188,0.371512126015041
837.306,0.39514211131379007
837.424,0.4092708104015167
837.542,0.40235123061978073
837.66,0.4063863827040356
837.779,0.40903715134586927
837.897,0.4097029045755542
838.015,0.40215339370361586
838.133,0.3972774275749774
838.251,0.4034597866311501
838.369,0.40442167025705933
838.487,0.3921602329745221
838.606,0.39780788308203474
838.724,0.4075762452048562
838.842,0.40653323187258006
838.96,0.3963216866260989
839.078,0.38840070476242916
839.196,0.3916479197853501
839.315,0.4002474562806697
839.433,0.4039236941391102
839.551,0.40350119432259735
839.669,0.4025293359971873
839.787,0.394989242699686
839.905,0.3954237421570529
840.023,0.4045663587783105
840.142,0.4100968124039238
840.26,0.4191672276211548
840.378,0.41565053140310027
840.496,0.393039179812938
840.614,0.37069152030704633
840.732,0.36016187032398417
840.85,0.3598910980956428
840.968,0.3600326063482644
841.087,0.3724462604910703
841.205,0.3875491553345731
841.323,0.40347347194852234
841.441,0.41020205032211154
841.559,0.4210994749803608
841.677,0.4340373741002284
841.795,0.43581126192214414
841.913,0.44381330563921473
842.031,0.466302718033775
842.149,0.48375477450103765
842.267,0.49666023530895087
842.385,0.5037822590146257
842.504,0.5148062977292108
842.622,0.5166680829125501
842.74,0.5154911307438177
842.858,0.5180529556270661
842.976,0.5221833298528614
843.094,0.5193917868665516
843.212,0.5071031432578587
843.33,0.5027440973261622
843.448,0.5091807308921661
843.566,0.5151862488283308
843.684,0.5180358329305255
843.802,0.5298216487774486
843.92,0.5315610054930912
844.038,0.5368068390912377
844.156,0.5400090590362862
844.274,0.5536103739554692
844.392,0.5677505834119514
844.51,0.5746727452601041
844.628,0.5659585943493021
844.746,0.550494135360603
844.864,0.5229239076301283
844.982,0.49948380948940135
845.1,0.4625389096042408
845.218,0.4448968981259894
845.336,0.4180424060528215
845.454,0.39238185313899043
845.572,0.36845936590759415
845.69,0.3387199568648461
845.808,0.3161211620406022
845.926,0.30657512538775666
846.044,0.28812110971349786
846.162,0.2857910278746628
846.28,0.26614830502686637
846.398,0.2518872027719431
846.516,0.23848414618805916
846.634,0.22116128584354838
846.752,0.1974355212781952
846.87,0.18333033220008227
846.988,0.17644214433313934
847.106,0.16764437437528373
847.224,0.1557052583265423
847.342,0.14782927972970195
847.46,0.1426720509723669
847.578,0.140687088403103
847.696,0.13050381410510647
847.814,0.12631951200464894
847.932,0.13463122296942023
848.05,0.14066815923450718
848.168,0.1494602592213588
848.285,0.15830991105199976
848.403,0.16576471546862148
848.521,0.18731553602496603
848.639,0.1977567579356687
848.757,0.21648230616054132
848.875,0.2288352956822059
848.993,0.24775965936744115
849.111,0.2530630712235045
849.229,0.26220780705320945
849.347,0.2635296777162178
849.465,0.2744218968027961
849.582,0.26259055516706525
849.7,0.264478526693528
849.818,0.2695799838977496
849.936,0.2795879973842932
850.054,0.2897383208845702
850.172,0.30548477639548016
850.29,0.3226156153488113
850.408,0.3254265091702214
850.525,0.31433497032647245
850.643,0.3179934458473245
850.761,0.326257115268475
850.879,0.3239699621273191
850.997,0.3230253365421922
851.115,0.3202986965939187
851.233,0.331049652063924
851.35,0.32847787889530156
851.468,0.3351269574988742
851.586,0.3594141066281076
851.704,0.38890184964156815
851.822,0.41654688725661354
851.94,0.4504493798872886
852.057,0.49982913290862846
852.175,0.5497258061269116
852.293,0.5984065658455023
852.411,0.6443562289770037
852.529,0.7006725487706862
852.647,0.7379465330502507
852.764,0.7682546514369986
852.882,0.795412067975576
853.0,0.8050475640732311
853.118,0.8016030956733333
853.236,0.7877093052356304
853.353,0.7666309518987116
853.471,0.7527340222695292
853.589,0.7274104356552842
853.707,0.71036803616373
853.824,0.6930640373822248
853.942,0.6726051511639096
854.06,0.6541898785986922
854.178,0.6231592418748749
854.296,0.5934460191752511
854.413,0.5558806321884564
854.531,0.5046513910889376
854.649,0.44921144781836647
854.767,0.39568431855591757
854.884,0.35043523722467973
855.002,0.3100864337928052
855.12,0.2721108591193666
855.238,0.24121730042348308
855.355,0.21461501647995698
855.473,0.1800486037531607
855.591,0.1517898731056646
855.708,0.12498203285411369
855.826,0.10766571805803195
855.944,0.0915647923587916
856.062,0.07795892702172419
856.179,0.06260823975766318
856.297,0.05766304684561335
856.415,0.04463764348095401
856.532,0.03317908820324597
856.65,0.02202788029412546
856.768,0.021443824973971813
856.886,0.01537795795983926
857.003,0.019832307516169847
857.121,0.025612187579907027
857.239,0.036077715364627186
857.356,0.04086878999982767
857.474,0.033366160134533585
857.592,0.0292336313295281
857.709,0.036041789152963945
857.827,0.03825804390901349
857.945,0.04925229626502642
858.062,0.05951524290995558
858.18,0.06678013903349667
858.298,0.07134009282265616
858.415,0.060231134682773184
858.533,0.05768659278483446
858.651,0.061459795284030214
858.768,0.06128973992966981
858.886,0.058962404167404406
859.003,0.05661652264949835
859.121,0.04765537555689423
859.239,0.047997500455737696
859.356,0.037936379436280074
859.474,0.03930590702301401
859.592,0.03953397275247947
859.709,0.03649773251653175
859.827,0.03173888043536208
859.944,0.02678586608060285
860.062,0.02741939178658133
860.18,0.02839760732874278
860.297,0.03425453701070128
860.415,0.05533591553252362
860.532,0.06668319665633717
860.65,0.0649085558757622
860.768,0.06807499970844044
860.885,0.07167431866016338
861.003,0.08158814857493134
861.12,0.0855825217458481
861.238,0.10023736918509782
861.356,0.11796161600390367
861.473,0.12488655383719631
861.591,0.12537885261950776
861.708,0.12679512009392624
861.826,0.1335731266151815
861.943,0.13092937310955916
862.061,0.12005256675059692
862.178,0.11070036105346949
862.296,0.11017137620781164
862.414,0.11130093086044371
862.531,0.11318598426245441
862.649,0.10472026810627541
862.766,0.11165773951040558
862.884,0.10360282484887129
863.001,0.09812170516595067
863.119,0.09800452806294976
863.236,0.10486543158417873
863.354,0.10839290619428221
863.471,0.11448636800821618
863.589,0.11677008890989696
863.706,0.12788330904600612
863.824,0.13304776132862808
863.941,0.14190704198251886
864.059,0.14440945989059867
864.176,0.14458259772095422
864.294,0.14545368245689927
864.411,0.15368407841774787
864.529,0.15233156918910942
864.646,0.15240425289212461
864.764,0.15152052959107887
864.881,0.14652551184916227
864.999,0.14491454252205266
865.116,0.15461303369810736
865.233,0.17485083706771065
865.351,0.19460625134664417
865.468,0.20942685661994104
865.586,0.2370825694553968
865.703,0.25449823968500807
865.821,0.2562932931130613
865.938,0.2544447916306761
866.056,0.25247804726923295
866.173,0.24034346170597187
866.29,0.2348827972279424
866.408,0.23564505665926894
866.525,0.24656469332081538
866.643,0.2514780102850853
866.76,0.24543868817768394
866.878,0.24285038390331712
866.995,0.23366873112502362
867.112,0.22712923117523598
867.23,0.23078373235626173
867.347,0.23058435279772874
867.465,0.23401387858939687
867.582,0.24012950589028254
867.699,0.24447044360814008
867.817,0.2555271582976212
867.934,0.2688419980579598
868.051,0.292469081828169
868.169,0.30523874866824924
868.286,0.3092270505432521
868.404,0.3105585500295117
868.521,0.3221311385187757
868.638,0.3325558293237344
868.756,0.35571935915215014
868.873,0.38044306714583437
868.99,0.42384182525054503
869.108,0.4598289522723621
869.225,0.48851641270738455
869.342,0.5072024090889979
869.46,0.5401874226593364
869.577,0.5627178822060706
869.694,0.5805447865194848
869.812,0.5887155378422252
869.929,0.6021695484248173
870.046,0.6129290863209136
870.164,0.6135176438237124
870.281,0.6013098104592651
870.398,0.6019287134796985
870.516,0.5958077723938322
870.633,0.588737749084023
870.75,0.5676208903010016
870.867,0.5475703102238206
870.985,0.5364674722601259
871.102,0.5131102771579635
871.219,0.4918354124038117
871.337,0.4711946643285011
871.454,0.4561176099518699
871.571,0.4397493014800402
871.688,0.4038060413397524
871.806,0.38729123726555015
871.923,0.36987339244243667
872.04,0.3448796321823404
872.157,0.32710391953057383
872.275,0.3018851838811196
872.392,0.29252982917429815
872.509,0.2807604362198084
872.626,0.2571102499129012
872.744,0.25357077062027183
872.861,0.237263153183711
872.978,0.21318394404128396
873.095,0.19588538849438852
873.213,0.17621988257201582
873.33,0.1657856923934362
873.447,0.15290188646375483
873.564,0.1370117814939557
873.681,0.1372487495510595
873.799,0.12477097088767099
873.916,0.1082592823063218
874.033,0.09607165484053187
874.15,0.0853546699954587
874.267,0.07639279623568758
874.385,0.07034084633993538
874.502,0.07423935898799189
874.619,0.08385159254561107
874.736,0.08456656581342203
874.853,0.08501463717061158
874.97,0.08580493821928045
875.088,0.08734969162016801
875.205,0.09124360664481612
875.322,0.09778595288092892
875.439,0.09331323334325341
875.556,0.09095957876825422
875.673,0.07654548059866635
875.791,0.06942687740537776
875.908,0.07260035833019823
876.025,0.0645541451461425
876.142,0.0686957077597551
876.259,0.08197713261450276
876.376,0.0803954652560453
876.493,0.07910525505191487
876.61,0.07028679764483636
876.728,0.07077111635852343
876.845,0.07782231223372507
876.962,0.07805725599481854
877.079,0.08575093020512262
877.196,0.0920794356062412
877.313,0.09030210545721898
877.43,0.08532539993671498
877.547,0.07526406294243476
877.664,0.06229630218463904
877.781,0.06381547245653416
877.898,0.06621634880821158
878.016,0.06630256965137113
878.133,0.07693275009541142
878.25,0.0785308458217199
878.367,0.07856063828061102
878.484,0.07593106605054248
878.601,0.0661224179409916
878.718,0.07187260154791
878.835,0.06955217057579853
878.952,0.07277943503646749
879.069,0.08988604840320383
879.186,0.0767838621886267
879.303,0.0671645539802918
879.42,0.06550256822817654
879.537,0.057025044377550876
879.654,0.05242331413505108
879.771,0.04798654486150282
879.888,0.045378172354687364
880.005,0.042373993570750834
880.122,0.03915609376620917
880.239,0.03572447294106243
880.356,0.03207913109531063
