wavelength_nm,intensity
792.446,0.26295981509927185
792.565,0.23133310872580087
792.684,0.20378226910819527
792.803,0.18030729624645508
792.922,0.16090819014058017
793.041,0.137060626298167
793.16,0.12241118465619696
793.279,0.12357683728031141
793.398,0.1344960164171803
793.518,0.15557613463445538
793.637,0.1906005573573803
793.756,0.21511843674913478
793.875,0.23356343137179114
793.994,0.23326831842214601
794.113,0.22381251647806005
794.232,0.20979682771910368
794.351,0.19043689589858004
794.47,0.17814661677442198
794.589,0.1726282657779609
794.708,0.16831474169096533
794.827,0.16820940639035445
794.946,0.15746955842642618
795.066,0.15340152652763098
795.185,0.15429034753526422
795.304,0.15520615527280596
795.423,0.14750536131245018
795.542,0.14071689293093825
795.661,0.13431668524423962
795.78,0.14055758417051029
795.899,0.12968019093801583
796.018,0.12622501897004706
796.137,0.12484608412568764
796.256,0.12076586467144987
796.375,0.11528668796033986
796.494,0.11506731196237364
796.613,0.11569584160734056
796.732,0.12326431353717697
796.851,0.12330696998122595
796.97,0.1185451179618787
797.089,0.11531715684894639
797.208,0.11805587466482692
797.327,0.12820984942783725
797.446,0.1360046616730357
797.565,0.15479874270515423
797.684,0.16338052281607288
797.803,0.16576318990509542
797.922,0.1517370546700454
798.041,0.13978454493958148
798.16,0.12928844808450476
798.279,0.11449362631689841
798.398,0.10363973765561466
798.517,0.11138318806001946
798.636,0.11497155259818201
798.755,0.1234810779161198
798.874,0.1291552555143109
798.993,0.13441070352908235
799.112,0.13623535468677017
799.231,0.13191399574270435
799.35,0.12882967367605946
799.469,0.131427364064676
799.588,0.13154140476203144
799.707,0.133386078332232
799.826,0.13842650304740947
799.945,0.13529778345736668
800.064,0.13685604947466679
800.183,0.13912380532665936
800.302,0.14009097490499478
800.421,0.14205055971222524
800.54,0.14735998118681368
800.659,0.14877809031652423
800.778,0.15447664302560044
800.897,0.15700207862123602
801.016,0.1635145859259412
801.135,0.16487349835778795
801.254,0.16713428989238482
801.373,0.17463311864826375
801.492,0.1828858347622331
801.611,0.18809427363458314
801.729,0.19352644120327175
801.848,0.20481821132081354
801.967,0.19722362320074305
802.086,0.17712199157757152
802.205,0.15386726525347194
802.324,0.13379590191917778
802.443,0.10744239426771304
802.562,0.0798295768601711
802.681,0.06167720091010975
802.8,0.056308563045993756
802.919,0.05306535183247723
803.038,0.04601757771525068
803.157,0.041649259995994815
803.276,0.041606743402302804
803.394,0.03667108542117524
803.513,0.026867962059639587
803.632,0.019405524010137547
803.751,0.019477289062974516
803.87,0.0305202186885747
803.989,0.030390466850290457
804.108,0.03169867686287933
804.227,0.03558216367456538
804.346,0.034571856458293825
804.465,0.031527310710961744
804.583,0.029084114033255275
804.702,0.03527241513410273
804.821,0.04445096843341158
804.94,0.04768288373507748
805.059,0.05202525437130855
805.178,0.05872021749473778
805.297,0.060687245564586836
805.416,0.061206813113177654
805.535,0.06576644322799115
805.653,0.061541531756736746
805.772,0.06944042859911584
805.891,0.07185243809675722
806.01,0.08245920431245495
806.129,0.11203841151647403
806.248,0.15295182915381494
806.367,0.18242887356889825
806.485,0.21134010693415833
806.604,0.22713868636408724
806.723,0.24039659575407718
806.842,0.23785464532228578
806.961,0.23024876560410623
807.08,0.22872077625815307
807.198,0.22875279400884901
807.317,0.21725886646957104
807.436,0.20953089356204735
807.555,0.20324105219674687
807.674,0.20127648720404717
807.793,0.20976797424139865
807.912,0.2322133417208191
808.03,0.26223327490779724
808.149,0.29531054343151186
808.268,0.32406122977311413
808.387,0.3362481577285883
808.506,0.3414550985741672
808.624,0.333023294339835
808.743,0.31881371828604965
808.862,0.30488663235662944
808.981,0.28507208660877315
809.1,0.2735363731651202
809.219,0.25721269151188586
809.337,0.2377672545860045
809.456,0.23105520147858605
809.575,0.2255888906453331
809.694,0.22581939144180752
809.812,0.229486782873087
809.931,0.23663720354191847
810.05,0.25949128939850247
810.169,0.2680554664986723
810.288,0.2774449152102392
810.406,0.288189794194955
810.525,0.2919590387681478
810.644,0.2828712828891032
810.763,0.2852624631576113
810.882,0.29194801564027656
811.0,0.30024580760005903
811.119,0.30360328690722793
811.238,0.3210713437978703
811.357,0.33733283269969816
811.475,0.34227469421440126
811.594,0.3394173907855337
811.713,0.34963820488621894
811.832,0.35858628998282993
811.95,0.3653362624014058
812.069,0.365175890884044
812.188,0.374573174452681
812.307,0.37776960392007297
812.425,0.3727098351147978
812.544,0.370978139485019
812.663,0.36848820379877767
812.782,0.37399591610188615
812.9,0.3822736856491562
813.019,0.3917789161374283
813.138,0.4010003506918235
813.257,0.41593948982813334
813.375,0.4334763193530596
813.494,0.4424148285132521
813.613,0.4479878312919462
813.731,0.4555256421159175
813.85,0.45145393584116567
813.969,0.4548288259418247
814.088,0.44396952182523564
814.206,0.4418600119767381
814.325,0.44738078237496404
814.444,0.44026218723956984
814.562,0.44136409825018974
814.681,0.4420089759317133
814.8,0.44427218686807524
814.918,0.4412399049646404
815.037,0.43451392322243204
815.156,0.4321998365504343
815.274,0.4297368875941022
815.393,0.4156609393803491
815.512,0.4126095056040758
815.631,0.41734940191430303
815.749,0.427599814363921
815.868,0.4235864342473591
815.987,0.43237346950419436
816.105,0.43339790248378657
816.224,0.4188074653224223
816.343,0.3969044948955156
816.461,0.3744165218073654
816.58,0.3523133272553306
816.698,0.3278431353284137
816.817,0.3153341585287054
816.936,0.3118343968200804
817.055,0.30764864984797335
817.173,0.2941646686128592
817.292,0.2917017196565269
817.41,0.28951386123732703
817.529,0.28554574918383757
817.648,0.280588704060151
817.766,0.292516646462472
817.885,0.2967272546506222
818.004,0.30590951491966684
818.122,0.31290672060579344
818.241,0.3286580732583837
818.359,0.34146859796921647
818.478,0.3475308681985294
818.597,0.3283059353038667
818.715,0.3361169446225793
818.834,0.33963639366709564
818.953,0.4398464906732413
819.071,0.5672173187231042
819.19,0.7019753302865981
819.308,0.8026627717902741
819.427,0.8381476593329364
819.546,0.7850228252442513
819.664,0.683888700575245
819.783,0.5470285568559148
819.901,0.4712816588891855
820.02,0.396384219531969
820.138,0.35181085436645465
820.257,0.3190779986061557
820.376,0.29358840472043524
820.494,0.2719196094659607
820.613,0.24875870920944565
820.731,0.24756065440011765
820.85,0.254045982757656
820.969,0.26680180839039724
821.087,0.2906570148726224
821.206,0.31761395421498184
821.324,0.3368439834067512
821.443,0.3433902495415022
821.561,0.33545247657243227
821.68,0.3182591257844045
821.798,0.29481965283205913
821.917,0.26984628897329893
822.035,0.2471223996333674
822.154,0.2380973226108854
822.273,0.23493358921660545
822.391,0.24318176041494394
822.51,0.25247109706394766
822.628,0.24727813568847945
822.747,0.2469845716009245
822.865,0.2530250541848083
822.984,0.24889502175186692
823.102,0.24510275871262
823.221,0.2451817856057384
823.339,0.2556167524663442
823.458,0.25795657089405966
823.576,0.2507892255368954
823.695,0.2538158997677672
823.813,0.2598720520657922
823.932,0.2557864171562495
824.05,0.24862429503713235
824.169,0.24542486951619966
824.287,0.2432448459540707
824.406,0.235394997492123
824.524,0.2371515543379445
824.643,0.24800438024229604
824.761,0.2555552491613854
824.88,0.25100126390697847
824.998,0.24788628073446933
825.117,0.24189764609653697
825.235,0.2332094679280751
825.354,0.22284114818788736
825.472,0.22094579109930962
825.591,0.22300964845021837
825.709,0.22860615580012367
825.828,0.2268178750915054
825.946,0.22373684296630014
826.064,0.22494321873785633
826.183,0.2221790630541577
826.301,0.22318869685928347
826.42,0.21778506488259347
826.538,0.21853179570602932
826.657,0.2193412053860267
826.775,0.21326986947901838
826.894,0.21053008890620412
827.012,0.20116201925198024
827.13,0.1910922946201341
827.249,0.19212630353614432
827.367,0.19065751088805521
827.486,0.19583528865453947
827.604,0.19936513481725315
827.723,0.2086257436569984
827.841,0.22288847346624438
827.959,0.22790520139295137
828.078,0.24512515447636957
828.196,0.2669145703110772
828.315,0.28040077873069624
828.433,0.2806103865749833
828.552,0.2736310777875025
828.67,0.25657440172836454
828.788,0.22819461612340408
828.907,0.19496663292901395
829.025,0.16413406738100564
829.143,0.13669989065165267
829.262,0.11105991000776527
829.38,0.08659461627969342
829.499,0.07886422933292281
829.617,0.07495195491159684
829.735,0.07312154444213909
829.854,0.07744192687695778
829.972,0.08628317288001613
830.091,0.09964814554052996
830.209,0.120462551423092
830.327,0.13974766275228595
830.446,0.16345311418810232
830.564,0.18224515112681194
830.682,0.19765989284543167
830.801,0.200993284961766
830.919,0.19729706920676043
831.037,0.1854517315590475
831.156,0.1748782523757345
831.274,0.16151904623411978
831.392,0.14427375098567397
831.511,0.14207486347075626
831.629,0.14452030511913255
831.747,0.14301175556606927
831.866,0.13989435491139293
831.984,0.14071504808625374
832.102,0.14335507039123707
832.221,0.1326475965304233
832.339,0.11943118023419534
832.457,0.12249799353600782
832.576,0.12214857338270527
832.694,0.12773838448682198
832.812,0.12344808427431814
832.93,0.12310491302731354
833.049,0.12145741412108299
833.167,0.10340744681556203
833.285,0.09857846238234719
833.404,0.10058224001165184
833.522,0.10972024321063215
833.64,0.11804846416603705
833.759,0.13244011236937533
833.877,0.1465252298231489
833.995,0.16558492598154131
834.113,0.1823528350643753
834.232,0.20935306748092186
834.35,0.22782984594473918
834.468,0.2387538221928607
834.586,0.23878908819271988
834.705,0.24567724251000184
834.823,0.23782367797982
834.941,0.22394771998165935
835.059,0.21486234181210356
835.178,0.20600852719595653
835.296,0.1957679428783799
835.414,0.18627515214117263
835.532,0.18772504511204496
835.651,0.20444420397310956
835.769,0.21239702831226814
835.887,0.22354299217738052
836.005,0.24415085176430024
836.124,0.26001601120471113
836.242,0.27285778635569014
836.36,0.2914677573897031
836.478,0.3094622568738663
836.596,0.329746275701884
836.715,0.3423660632358739
836.833,0.35864908172003074
836.951,0.3699395551711058
837.069,0.37645424796804206
837.188,0.37906108816628536
837.306,0.381731477760765
837.424,0.3805967384381392
837.542,0.38188732264858527
837.66,0.39079251739161464
837.779,0.3986739574774681
837.897,0.39979652753074146
838.015,0.4015572031654008
838.133,0.40773412656864305
838.251,0.40486266059545106
838.369,0.40466723358157786
838.487,0.4045545078367795
838.606,0.4054333267812019
838.724,0.4078512598700861
838.842,0.4039708384141846
838.96,0.4008956661571673
839.078,0.4041789156824742
839.196,0.4021988823359395
839.315,0.40996367010541446
839.433,0.4103088482293874
839.551,0.40883808059241744
839.669,0.40775905580895855
839.787,0.4037802633698424
839.905,0.3926299650924477
840.023,0.38707723692189083
840.142,0.3836799649853201
840.26,0.38183399474865365
840.378,0.3788563229351771
840.496,0.3767744364467295
840.614,0.37982699295830213
840.732,0.37782432558023116
840.85,0.3764858799737804
840.968,0.379267698646593
841.087,0.38529663030517614
841.205,0.38601265833047294
841.323,0.39376874070320333
841.441,0.40642683198287055
841.559,0.4145911974629271
841.677,0.4213200430197837
841.795,0.4415117846423088
841.913,0.4621292201656494
842.031,0.4806443023751466
842.149,0.4964981447997914
842.267,0.5057794126821927
842.385,0.5139968810823926
842.504,0.508902927320282
842.622,0.5111685159661351
842.74,0.5092859830631417
842.858,0.5084263342776496
842.976,0.5045894398054726
843.094,0.5045071829492818
843.212,0.5045511543458892
843.33,0.5031883336285541
843.448,0.5085156103095161
843.566,0.5132840005194687
843.684,0.5169172069939133
843.802,0.5232882607445641
843.92,0.5345621939418265
844.038,0.5493879290109238
844.156,0.56309153843963
844.274,0.5641392420809013
844.392,0.564761251821357
844.51,0.5587480081630074
844.628,0.5454318071755346
844.746,0.5328747167841993
844.864,0.5191258575785157
844.982,0.4975456234613058
845.1,0.47270260664418495
845.218,0.44369492802440275
845.336,0.41484655816504856
845.454,0.39178814768059006
845.572,0.36958547769613503
845.69,0.347312293998048
845.808,0.32993241381015337
845.926,0.3148916737275579
846.044,0.30169386613581395
846.162,0.2880102974057163
846.28,0.27406904893197565
846.398,0.25476266444448026
846.516,0.23634858312331608
846.634,0.20820883255898037
846.752,0.19031446342347408
846.87,0.17691730224627647
846.988,0.1668682366570879
847.106,0.16125805286801864
847.224,0.15482085638820348
847.342,0.14649894151316223
847.46,0.14831097898861872
847.578,0.14103107235129464
847.696,0.13507701613993595
847.814,0.13485476904867932
847.932,0.13903876770223136
848.05,0.141825503787104
848.168,0.1511391202637923
848.285,0.1680640410177616
848.403,0.18210314125261334
848.521,0.19174859999779545
848.639,0.19758109496880166
848.757,0.2143606263462597
848.875,0.23179219193989503
848.993,0.24546650829852057
849.111,0.2572421776271283
849.229,0.2732678216464951
849.347,0.2748494713870665
849.465,0.2786109524725092
849.582,0.26948148205840994
849.7,0.273631223838666
849.818,0.2840009715930054
849.936,0.28711041846227053
850.054,0.2892030749917554
850.172,0.30107624476390304
850.29,0.30721081700194874
850.408,0.31087392710417583
850.525,0.31026965172215426
850.643,0.3137412430959981
850.761,0.3232804960008933
850.879,0.3267590516921331
850.997,0.3301070264322024
851.115,0.3351116381727869
851.233,0.33038971013052537
851.35,0.33402670404251833
851.468,0.33988096250538485
851.586,0.3564602697577135
851.704,0.38285926453805624
851.822,0.41588654839980865
851.94,0.46626455851340953
852.057,0.5216638414693497
852.175,0.5659419800839443
852.293,0.6158237825830977
852.411,0.6622765293045165
852.529,0.7036609940411749
852.647,0.7291746499725825
852.764,0.7505253851806779
852.882,0.7822895159747755
853.0,0.8021516283395282
853.118,0.8123925362220458
853.236,0.8036852775500636
853.353,0.7922349483638285
853.471,0.7706828767950511
853.589,0.7372531619078142
853.707,0.7078627511101151
853.824,0.6932323404930436
853.942,0.6726544028199977
854.06,0.6502500729099152
854.178,0.6122082388273399
854.296,0.5767109922132385
854.413,0.544101325699352
854.531,0.5015544488013981
854.649,0.4596979098652981
854.767,0.4212199354058136
854.884,0.37687626461975454
855.002,0.3258216034832113
855.12,0.27285175506283554
855.238,0.23475681806011742
855.355,0.20954151554117334
855.473,0.18092762613310098
855.591,0.15599786062738297
855.708,0.1325902063257734
855.826,0.11192585455619462
855.944,0.0874896583666977
856.062,0.060683728296652216
856.179,0.04877599861063171
856.297,0.04044784003983108
856.415,0.032370138963229135
856.532,0.030212956069062352
856.65,0.02241837747815159
856.768,0.026257425731957308
856.886,0.031955992351366015
857.003,0.028509763620438326
857.121,0.0276321514953108
857.239,0.021232508511951152
857.356,0.016173465678224322
857.474,0.009234471151716541
857.592,0.0018052486736358135
857.709,0.0070864688845334155
857.827,0.016800771289429847
857.945,0.0236289873833532
858.062,0.032337580736027466
858.18,0.03978519960291038
858.298,0.05005232114797407
858.415,0.05063047034893999
858.533,0.04556744374520043
858.651,0.045774014699878934
858.768,0.04215853840099105
858.886,0.03503881133833493
859.003,0.04028392336357139
859.121,0.036992887388018834
859.239,0.03926545197299684
859.356,0.03580169629060968
859.474,0.030658496203095534
859.592,0.03868828323210548
859.709,0.031538245865411235
859.827,0.0267159335005945
859.944,0.0323700734188389
860.062,0.027325843017494557
860.18,0.03299807873968256
860.297,0.04130236743929169
860.415,0.04523111305689308
860.532,0.05723657736221877
860.65,0.05838077139102975
860.768,0.06199156470589707
860.885,0.0731351428222955
861.003,0.08262341503856274
861.12,0.09717827636322196
861.238,0.09794851936006704
861.356,0.101683968708665
861.473,0.11599473402271641
861.591,0.12412205602901191
861.708,0.115745270500373
861.826,0.11960129588838184
861.943,0.11482656933014183
862.061,0.10505216050106062
862.178,0.08808983907047904
862.296,0.08826652983048609
862.414,0.09383425118092187
862.531,0.09393693743860942
862.649,0.07497136466071598
862.766,0.07780989943483338
862.884,0.0773888325110921
863.001,0.08160123166854809
863.119,0.0884620370329189
863.236,0.10123455846016315
863.354,0.11092044052420405
863.471,0.11444088361822147
863.589,0.11198016719111878
863.706,0.11839547328490549
863.824,0.12695578913658478
863.941,0.13698992865714066
864.059,0.1425016145688282
864.176,0.14691467941133535
864.294,0.14324478337639468
864.411,0.13584201321732928
864.529,0.12860464559641305
864.646,0.1233582022110083
864.764,0.12125963028848474
864.881,0.13673203115545043
864.999,0.1454856068148618
865.116,0.15808783837510215
865.233,0.17734969844503318
865.351,0.20084238133288518
865.468,0.21631739381887471
865.586,0.2310803048511484
865.703,0.23281210749629055
865.821,0.24290979641308308
865.938,0.22870985247576175
866.056,0.22179284345505082
866.173,0.21778256640739296
866.29,0.23113172100832818
866.408,0.23735289675470847
866.525,0.23679430951632144
866.643,0.2345312055953235
866.76,0.23258846027453026
866.878,0.22404963584028273
866.995,0.21952748146403672
867.112,0.22013628792911288
867.23,0.22988663151579175
867.347,0.2349717529869893
867.465,0.2323082008157351
867.582,0.24272102509468468
867.699,0.24871760160505121
867.817,0.2559903892781896
867.934,0.26430173078296987
868.051,0.2778972481117792
868.169,0.2877851369670237
868.286,0.29528687657454766
868.404,0.30108322895978634
868.521,0.3164024148440451
868.638,0.33312142852485027
868.756,0.3512907613033216
868.873,0.3744308756230126
868.99,0.39987530846102404
869.108,0.43077193128023694
869.225,0.45997970713097935
869.342,0.48049166217344774
869.46,0.5065306736091219
869.577,0.5322284334924039
869.694,0.5556427678095532
869.812,0.5666214428769079
869.929,0.5682949193638599
870.046,0.5816658374566563
870.164,0.5851012862447343
870.281,0.5778734945602373
870.398,0.5724033224784935
870.516,0.5657204886302138
870.633,0.5551820345637095
870.75,0.5323576540714193
870.867,0.5078844714356843
870.985,0.5001891999459966
871.102,0.4822851096938072
871.219,0.4675654535708263
871.337,0.4465309026492447
871.454,0.43409815425109444
871.571,0.41759215071610234
871.688,0.4056312348215147
871.806,0.3836991574955553
871.923,0.3676884910353366
872.04,0.3427800385623667
872.157,0.3193523740756692
872.275,0.2932112374236507
872.392,0.27960674262366486
872.509,0.2617070050698473
872.626,0.2463501139051545
872.744,0.22279273900696028
872.861,0.19892284036563146
872.978,0.17537765302287955
873.095,0.16143190667050103
873.213,0.15387679206840216
873.33,0.14837266893935339
873.447,0.1348822148367231
873.564,0.11960280170305854
873.681,0.10437126825148996
873.799,0.09258358975212219
873.916,0.0826075844568542
874.033,0.07814307764702308
874.15,0.07358134188449648
874.267,0.05903246773261536
874.385,0.0544212240924219
874.502,0.04683243132587125
874.619,0.04740268267528332
874.736,0.05662617128811463
874.853,0.061062278169927
874.97,0.06168331946515046
875.088,0.06402276512896829
875.205,0.058194232482366236
875.322,0.06265150589297414
875.439,0.05543447320452946
875.556,0.04873517548740493
875.673,0.049579960034568396
875.791,0.05086096319878445
875.908,0.04725428819006525
876.025,0.050865450264269106
876.142,0.05439146093685826
876.259,0.059544845986588275
876.376,0.05344618649924153
876.493,0.04708402934100665
876.61,0.051051963824511805
876.728,0.05494876240675525
876.845,0.05553327541692939
876.962,0.05794484908662253
877.079,0.060416521271541596
877.196,0.06426359070830427
877.313,0.060070479495479286
877.43,0.05623345262389204
877.547,0.0564108718152902
877.664,0.051707697720640745
877.781,0.04808133053550734
877.898,0.04827415248282993
878.016,0.045124571035312505
878.133,0.054163309494342976
878.25,0.054837352776509404
878.367,0.05886028305762406
878.484,0.06446522747941906
878.601,0.05294848848566974
878.718,0.05001157854247436
878.835,0.04794256033033077
878.952,0.048809533252452755
879.069,0.05502818833934949
879.186,0.04460081486452499
879.303,0.044192631550902244
879.42,0.043786315204121816
879.537,0.034572657180237464
879.654,0.03610877523495489
879.771,0.029913116141122353
879.888,0.026808967374179156
880.005,0.025728069626511463
880.122,0.024524917799957687
880.239,0.02319951189451786
880.356,0.02175185191019198
