wavelength_nm,intensity
792.446,215.74513890420826
792.565,177.76210860117808
792.684,146.44661076568036
792.803,121.79864539771505
792.922,103.81821249728195
793.041,87.35414323321271
793.16,81.98704366611315
793.279,87.99050686957638
793.398,102.91085318992262
793.518,113.50392678299613
793.637,138.0294679085372
793.756,161.89700037606963
793.875,173.64851552758483
793.994,176.18358046264973
794.113,161.3082557873251
794.232,141.45890513797445
794.351,125.22860210767138
794.47,110.27622115529044
794.589,106.67535535442465
794.708,110.08314756221685
794.827,111.58877526784462
794.946,114.0147492938186
795.066,113.53509561416496
795.185,110.34202202109142
795.304,115.47362375269316
795.423,107.2190782981477
795.542,99.49353717260655
795.661,87.67102635009567
795.78,73.86409994316925
795.899,75.37925145832068
796.018,70.93230195904182
796.137,68.64190465120139
796.256,71.9643640819722
796.375,69.5291339753291
796.494,66.41847091170234
796.613,58.49232344476117
796.732,50.43071863374507
796.851,47.99710023828348
796.97,42.07905773887643
797.089,41.481645666106054
797.208,53.08193096331018
797.327,67.26468707460515
797.446,88.0176320401242
797.565,99.69246745705644
797.684,106.55794805819133
797.803,106.01650225239993
797.922,103.15211272366489
798.041,91.80374051094716
798.16,82.33848518134658
798.279,74.00483158334777
798.398,72.57767149184244
798.517,69.92800057782637
798.636,66.7501911356719
798.755,73.89359381472954
798.874,72.49067614746681
798.993,73.85832125076692
799.112,74.50923633765356
799.231,77.31956876692149
799.35,79.94038438603116
799.469,82.66391176592312
799.588,81.46172960962198
799.707,86.01684419225145
799.826,84.03451327674117
799.945,80.00304855140274
800.064,78.77439806818427
800.183,79.85111095721152
800.302,83.55395034843959
800.421,92.56996844239254
800.54,100.13927781390166
800.659,107.67334915381463
800.778,112.59052935716079
800.897,107.90836966477691
801.016,98.46505623745837
801.135,87.56708258169861
801.254,84.23089891394781
801.373,97.52317190087265
801.492,101.2716071701789
801.611,116.02377549701379
801.729,126.41123596275082
801.848,139.31816736632487
801.967,131.52737091118314
802.086,118.23527575474273
802.205,100.27002989352087
802.324,77.88091638912954
802.443,51.80762414019684
802.562,33.03950258386239
802.681,9.346795068265838
802.8,-3.2080404859416682
802.919,-16.067695658598762
803.038,-19.4284188882729
803.157,-23.716567669123535
803.276,-27.37436629806865
803.394,-19.154801810133975
803.513,-16.291069116293546
803.632,-20.913045655186878
803.751,-17.306514485594132
803.87,-8.687017612810111
803.989,-5.087031637394695
804.108,-5.469258590729331
804.227,-7.37247003588004
804.346,-9.549109326533642
804.465,-11.629859812365384
804.583,-10.237578332243398
804.702,-8.067168750692357
804.821,-2.192765822200739
804.94,-2.497129201844172
805.059,3.0654729079077687
805.178,6.664174599249688
805.297,9.37615550486486
805.416,13.310525400207558
805.535,18.350023662960496
805.653,15.467105569788053
805.772,21.652718450230633
805.891,33.41064967366638
806.01,51.219635307545914
806.129,73.46677031384993
806.248,106.16983140442676
806.367,126.74258332482259
806.485,147.04087637075952
806.604,164.63267591020303
806.723,182.7656009907721
806.842,187.11411048692565
806.961,184.01759833805767
807.08,176.28905155715518
807.198,171.39600261175036
807.317,157.4232999866917
807.436,152.5908571018928
807.555,150.61988607856568
807.674,157.15973756606115
807.793,162.63725139121902
807.912,175.70437560598722
808.03,185.56543921469486
808.149,205.93905693595647
808.268,229.77587812042162
808.387,250.15642224860972
808.506,259.8079620477935
808.624,258.0759520634275
808.743,252.09285982797923
808.862,240.48206196482522
808.981,215.92321215361935
809.1,195.7989943770453
809.219,183.3734778991726
809.337,172.7895198628583
809.456,160.805561826544
809.575,156.1384869071128
809.694,159.62725614352598
809.812,168.53160979552356
809.931,175.25934007089793
810.05,184.29529545449736
810.169,201.56241966926564
810.288,206.49014994463988
810.406,208.84558584771983
810.525,208.2036191533973
810.644,207.14866544608796
810.763,212.1162225612894
810.882,220.6508792435903
811.0,228.03921557957074
811.119,241.48036576836483
811.238,256.3829878186308
811.357,269.92457090785774
811.475,273.7111756421063
811.594,278.92462020319454
811.713,277.4921773183953
811.832,278.4952322690938
811.95,274.1891963107013
812.069,272.43034649949493
812.188,279.27236248915426
812.307,283.6606988251338
812.425,292.8239269360049
812.544,292.72914638886715
812.663,288.9330671404307
812.782,286.9361220911285
812.9,295.55995626260557
813.019,307.226214676507
813.138,320.7816505795861
813.257,328.5734501190288
813.375,350.0146003078222
813.494,353.96830460916965
813.613,352.80079678930485
813.731,344.668786804938
813.85,348.85365993745415
813.969,346.6567148881521
814.088,344.56886074794124
814.206,339.1208334475572
814.325,345.1844944588617
814.444,351.0741294961403
814.562,346.6728554425098
814.681,341.3702826875807
814.8,346.78026404520574
814.918,340.3019337145191
815.037,343.7240362842655
815.156,339.5253596332327
815.274,332.8245184800354
815.393,334.4163180194788
815.512,336.2401521909568
815.631,341.9488348472833
815.749,350.90600235209456
815.868,353.1315681253043
815.987,354.9086490500291
816.105,343.3030459920701
816.224,328.18055981722796
816.343,314.9940043783166
816.461,302.61350954546583
816.58,287.33950821910844
816.698,275.85425148149534
816.817,266.1075228824104
816.936,250.2768115993427
817.055,236.87380594398064
817.173,228.30370072151905
817.292,220.40199376745585
817.41,215.06478897789492
817.529,216.05918591993589
817.648,219.17566078405463
817.766,223.9752525312903
817.885,225.49172739540893
818.004,234.45322390454936
818.122,241.1506511496205
818.241,247.2229701695834
818.359,254.0147697090268
818.478,269.9267418342306
818.597,267.73143282480123
818.715,290.2700966746106
818.834,309.0176077072549
818.953,404.11581312373863
819.071,501.0401097320422
819.19,618.8050801869541
819.308,707.4933139039645
819.427,760.107829488918
819.546,712.2215303288501
819.664,626.55063603103
819.783,498.8325636203824
819.901,412.65865124141385
820.02,321.71769206199633
820.138,272.408396412334
820.257,237.82533759742452
820.376,220.36627097046167
820.494,196.50265925449241
820.613,185.12043281990827
820.731,185.61439686151442
820.85,201.52134791610752
820.969,222.6291647715663
821.087,245.82615911620252
821.206,267.2932833309686
821.324,280.32837291370015
821.443,285.46302959599893
821.561,265.6808031614147
821.68,244.73320876146266
821.798,217.95184812774443
821.917,192.90468662822536
822.035,182.5674818386629
822.154,175.72291774174118
822.273,178.36753113399686
822.391,182.653702967811
822.51,180.67147653322678
822.628,176.08145789085037
822.747,172.80918816622267
822.865,172.8494725541491
822.984,177.59798205030037
823.102,176.1915131914733
823.221,179.20582355342538
823.339,181.69892179416527
823.458,185.84656548945068
823.576,185.24009663062367
823.695,193.5124156505844
823.813,188.97953986535043
823.932,184.01462944808162
824.05,166.4341346152285
824.169,161.8917350204705
824.287,159.28093715731413
824.406,160.17316959718818
824.524,161.34765311931346
824.643,169.07105439035638
824.761,169.40571107265487
824.88,175.15595217053772
824.998,172.799699761927
825.117,175.12569843556741
825.235,172.87767113518188
825.354,173.6279122330647
825.472,175.267330820125
825.591,177.53618663662223
825.709,174.07430652238344
825.828,175.4574480531661
825.946,166.21288395624305
826.064,152.1181034091035
826.183,142.41379905244025
826.301,144.51468950097188
826.42,150.4086535425772
826.538,153.70867819024323
826.657,160.08056430977084
826.775,167.58405216090026
826.894,161.84944477393444
827.012,154.40920968134085
827.13,141.85555467532737
827.249,132.31488668230088
827.367,120.90928362433942
827.486,117.77640783910527
827.604,126.58985240019152
827.723,134.37212813010893
827.841,144.17518308080554
827.959,159.48819474145876
828.078,174.01505921596475
828.196,192.3739583225054
828.315,194.40731630350496
828.433,198.00431064814092
828.552,198.3813915728634
828.67,177.20609154520494
828.788,151.9926962794513
828.907,124.70912209222142
829.025,102.7385555607863
829.143,78.3767314446363
829.262,51.20438719744992
829.38,29.885720608105515
829.499,23.96922360961063
829.617,13.614389073731834
829.735,19.35959241556205
829.854,25.91427810726226
829.972,37.03285025764512
830.091,50.33545204913918
830.209,65.50450948545559
830.327,83.36255640443903
830.446,108.35993506323464
830.564,125.57394829961916
830.682,144.52645951635407
830.801,148.2474142387543
830.919,140.27832567111125
831.037,133.88499467922588
831.156,117.20508360076033
831.274,114.4637006608229
831.392,96.69155252218138
831.511,94.03544121153584
831.629,94.37882766941726
831.747,92.18858499694065
831.866,87.31153525234208
831.984,88.11644079297017
832.102,88.14941553069673
832.221,83.91018505038602
832.339,70.61330311634603
832.457,72.11777634283027
832.576,65.8338311863317
832.694,65.16869893407937
832.812,59.58026964770671
832.93,56.7904065591656
833.049,56.715624226051055
833.167,46.72692536374413
833.285,49.24823802884396
833.404,52.877462264297414
833.522,62.84028247256047
833.64,73.99915493152783
833.759,86.31959434407547
833.877,109.82519690459546
833.995,137.37023996210894
834.113,156.85719949268548
834.232,169.73723261633535
834.35,171.45536097808053
834.468,172.7743551406916
834.586,166.4292800392335
834.705,160.96472441829516
834.823,160.44822074540892
834.941,155.47457421537987
835.059,149.51737790180096
835.178,137.36191318995373
835.296,123.4454095170676
835.414,124.96353787881358
835.532,132.1907571496505
835.651,139.91581191832296
835.769,151.8244164705452
835.887,164.9234972132435
836.005,195.92560825897203
836.124,215.61776259474402
836.242,227.73329355389274
836.36,242.72674659096378
836.478,252.68383599167134
836.596,261.03226738372075
836.715,265.6257204207917
836.833,270.51960635829533
836.951,284.5113277936341
837.069,285.1731790991024
837.188,285.8211775907178
837.306,293.20250941566667
837.424,305.8357892925635
837.542,317.4067315071227
837.66,330.04607199008024
837.779,330.8646332522585
837.897,335.78016421140626
838.015,332.178812053671
838.133,328.38005729853285
838.251,329.2133371754294
838.369,329.60679021249905
838.487,328.53703978636526
838.606,333.6456443385864
838.724,329.1473224838812
838.842,327.6308188109943
838.96,318.10305972685217
839.078,316.96577683318617
839.196,324.6847709957974
839.315,332.04532359996693
839.433,332.9054433037037
839.551,338.1257361676134
839.669,335.3529554384496
839.787,332.10831323742445
839.905,319.81345458618284
840.023,312.43461325095853
840.142,313.4704905304528
840.26,305.0137271173062
840.378,296.6218987690946
840.496,300.31405310486554
840.614,299.81659705102595
840.732,304.84381632186177
840.85,306.1013386230007
840.968,310.53635010162884
841.087,311.44495465384995
841.205,303.8176284701404
841.323,305.4907351868637
841.441,314.9647077044526
841.559,321.68197026533164
841.677,338.28321551019326
841.795,350.07407114466537
841.913,365.5428488570596
842.031,377.28868284651014
842.149,387.3037809052249
842.267,400.29463653969765
842.385,413.51492940360765
842.504,427.09885863115403
842.622,439.56330733921993
842.74,435.5567603762901
842.858,437.02726969041635
842.976,432.0034067101702
843.094,424.7726173229977
843.212,423.7634729574701
843.33,426.3162333538474
843.448,431.3728898541208
843.566,434.45898358383135
843.684,442.05070501916987
843.802,452.9290065410886
843.92,452.6332820889815
844.038,450.79470049401743
844.156,450.30590244883683
844.274,457.78247236902416
844.392,455.774193804363
844.51,448.3477334215197
844.628,443.00871892612247
844.746,438.23940140042214
844.864,421.91250811714605
844.982,402.0609395091946
845.1,376.2942193860917
845.218,360.6140793495689
845.336,331.4049349840419
845.454,305.8555308782554
845.572,276.79876746510996
845.69,263.3281512381118
845.808,249.99692895050782
845.926,243.82674562394283
846.044,235.95093459175007
846.162,234.74698503141872
846.28,213.12139044944243
846.398,194.15813352980376
846.516,173.30743072271926
846.634,156.7995850584919
846.752,141.32983463235996
846.87,125.59514914129308
846.988,117.1894679792307
847.106,106.61322404660567
847.224,93.67853855553905
847.342,88.14038986100921
847.46,91.07237103660916
847.578,82.81466808339158
847.696,77.53479206742313
847.814,76.18863370070557
847.932,80.76635078706329
848.05,83.13825566803101
848.168,97.9301398981781
848.285,116.70768982952428
848.403,135.91588055093348
848.521,141.2902312993694
848.639,150.38752577074916
848.757,167.7610107183193
848.875,172.87562120701492
848.993,180.01014511562389
849.111,189.57930105886481
849.229,197.90949596314454
849.347,201.039690867424
849.465,201.02269962451726
849.582,197.4515958274979
849.7,201.59044874043548
849.818,202.54834927242075
849.936,206.94088183903796
850.054,219.87194254418338
850.172,224.4679383142639
850.29,230.63449685490727
850.408,236.7222675167628
850.525,244.6135013820815
850.643,249.6259473686124
850.761,248.81328513003507
850.879,240.3071163979512
850.997,239.08666195158148
851.115,233.05495209395644
851.233,236.79120760429686
851.35,249.15603454320876
851.468,267.3970519583112
851.586,289.4285455638899
851.704,315.11718202661166
851.822,348.1322254157403
851.94,390.1585242161244
852.057,439.3960784277641
852.175,484.00073220650324
852.293,529.1655591454156
852.411,558.0723774263192
852.529,592.0692389972662
852.647,616.9119880141006
852.764,643.3495422257402
852.882,673.8736765239598
853.0,697.0471614715302
853.118,696.8899104883644
853.236,694.663395435935
853.353,673.2394777861027
853.471,651.6649107856213
853.589,622.5734606682568
853.707,593.3679412868231
853.824,571.3251924681601
853.942,543.0274652945187
854.06,513.42714071828
854.178,490.6636126788377
854.296,459.9611236004344
854.413,432.40452196791847
854.531,403.36177314925527
854.649,361.9722710838389
854.767,325.30463049028407
854.884,286.69434920408867
855.002,247.23515016897562
855.12,203.63352689143838
855.238,166.65917634117395
855.355,135.0679426740264
855.473,111.41134104151084
855.591,85.35776971202552
855.708,70.01111001061261
855.826,52.36862386529788
855.944,28.11720674850038
856.062,12.991062366664407
856.179,5.746428127023695
856.297,-3.203787393337465
856.415,-1.4105674261669736
856.532,-0.30887350000401104
856.65,-5.985671278424418
856.768,-7.242883631781267
856.886,-16.937325880794663
857.003,-20.446168061979225
857.121,-26.170742499829498
857.239,-34.47229852297625
857.356,-33.28426962961076
857.474,-38.22109370778551
857.592,-37.07806605595438
857.709,-25.23940265675892
857.827,-17.475819749741085
857.945,-9.513100461300633
858.062,-2.2042708532268698
858.18,-3.8203700088425245
858.298,-2.114614788644592
858.415,-5.707896521553597
858.533,-7.325680636541053
858.651,-2.2540878450103197
858.768,4.520393126994669
858.886,8.789367361438837
859.003,8.115355399408223
859.121,1.2351065634326472
859.239,-4.695097674329113
859.356,-15.705231250618953
859.474,-27.21762615159081
859.592,-19.90581758389252
859.709,-18.333290610752428
859.827,-15.123690357483603
859.944,-14.06344571917747
860.062,-6.831982156297121
860.18,-4.949307614975538
860.297,-4.556970577367363
860.415,-2.468093937600305
860.532,4.324815544080416
860.65,0.52935599605597
860.768,9.061513845053561
860.885,25.244501498222352
861.003,40.7027203441809
861.12,47.46991168383044
861.238,52.19908925552712
861.356,57.558391949552856
861.473,59.066390191907004
861.591,56.15187761175024
861.708,59.93779793202626
861.826,64.64752777611197
861.943,54.91396757690758
862.061,43.31980131709708
862.178,30.913513845165188
862.296,30.043157109163914
862.414,35.04033284069504
862.531,46.47993281465017
862.649,44.38359516454455
862.766,47.23358245284603
862.884,49.44981629962298
863.001,45.28921154473156
863.119,32.729358634369376
863.236,27.526542305204313
863.354,32.45123941987278
863.471,44.415391694252165
863.589,50.54599877105451
863.706,61.87431735741197
863.824,77.56527319783778
863.941,85.64820389309185
864.059,88.51468437189573
864.176,86.81666268619743
864.294,89.87794835980642
864.411,91.8959439901254
864.529,85.93125563776039
864.646,85.78648070530872
864.764,92.08413001528123
864.881,95.20602174949616
864.999,97.30540266120005
865.116,107.53119049931101
865.233,128.05654543698904
865.351,144.11090470367157
865.468,153.82154102663102
865.586,174.56680938422255
865.703,183.277445707182
865.821,184.71708635914587
865.938,178.01906467344725
866.056,177.43013389683958
866.173,172.90007757910638
866.29,172.86872256007456
866.408,170.0694021730772
866.525,169.0700817860798
866.643,164.4898090181299
866.76,168.13118127182497
866.878,163.93965309261944
866.995,161.89011625540525
867.112,157.21460539221698
867.23,158.96766595760033
867.347,153.11986072211783
867.465,152.7534407680205
867.582,158.72295154985392
867.699,166.15566579489087
867.817,173.72863978018756
867.934,186.3596224234932
868.051,199.56722844342215
868.169,207.49518078369755
868.286,214.01966992050973
868.404,222.982254295417
868.521,239.6911590166446
868.638,250.4269035647119
868.756,269.5825615326924
868.873,292.1529381153915
868.99,316.6393320141079
869.108,341.93524972234803
869.225,366.68138388080456
869.342,383.28379509553815
869.46,413.0862063102717
869.577,436.0842885206762
869.694,469.1862668349769
869.812,495.0899767510092
869.929,514.2629507363055
870.046,526.3060545917315
870.164,524.1734008713997
870.281,505.9567644670856
870.398,485.8232449458883
870.516,467.0897254246911
870.633,453.54668209397016
870.75,438.016625776236
870.867,430.4969590688914
870.985,423.58162136587566
871.102,411.5017814983577
871.219,391.9310325399307
871.337,373.3793312005513
871.454,362.1003571338991
871.571,347.12701077287454
871.688,326.84630510449074
871.806,309.7725258430336
871.923,288.1030755859055
872.04,267.77648247163455
872.157,239.60053870801295
872.275,219.108577628374
872.392,203.08241741453588
872.509,193.67184161628205
872.626,177.85174200850435
872.744,168.77796274704707
872.861,157.26435664576292
872.978,150.04772024144842
873.095,136.6838976899478
873.213,117.17894959732172
873.33,99.45755128824538
873.447,82.7517373947534
873.564,67.74462479996268
873.681,54.36435570989863
873.799,41.738773922599854
873.916,26.66857216568239
874.033,18.239482141273903
874.15,12.906321896280067
874.267,5.982151129884209
874.385,8.05942034743465
874.502,11.952137512719897
874.619,17.717645363122895
874.736,19.722593710648134
874.853,11.700378071892128
874.97,5.450093642175138
875.088,2.98152890454722
875.205,-7.0228764367678504
875.322,-4.450789863389701
875.439,-2.7811424241332308
875.556,1.603619666741972
875.673,0.4574992019709936
875.791,1.7713556573862126
875.908,1.6480388383016105
876.025,-0.7534084208328498
876.142,-5.382207448278722
876.259,-0.6622818105424593
876.376,4.780123391516456
876.493,2.8956091688720016
876.61,2.3352046657060055
876.728,2.9462930587098874
876.845,0.2503987351170204
876.962,-2.1602758106526845
877.079,-6.442795157008428
877.196,2.727286390392999
877.313,4.998285411340762
877.43,7.279924381616091
877.547,13.620889015037044
877.664,8.683089659285447
877.781,-6.113663613494493
877.898,-4.562042707477593
878.016,-8.452618548536963
878.133,-0.8357297192632129
878.25,-0.5301574566851617
878.367,11.153930363167335
878.484,17.633262961964327
878.601,10.167619340689415
878.718,0.9727440910321254
878.835,4.972642439199696
878.952,2.7863449444728206
879.069,7.636684309224454
879.186,7.265704728283949
879.303,11.52665841323712
879.42,7.102057891677801
879.537,-2.145500379163354
879.654,-4.099359947420483
879.771,-3.6352699506476633
879.888,-1.9994832416993307
880.005,-6.743979433176602
880.122,-13.33211828618821
880.239,-21.763899800734162
880.356,-32.03932397681445
