wavelength_nm,intensity
792.446,205.47037627459784
792.565,172.83886112308267
792.684,145.13635030057182
792.803,122.36284380706533
792.922,104.51834164256303
793.041,82.7192074434289
793.16,72.04474856897005
793.279,74.59712952135104
793.398,86.17115549537701
793.518,111.73306025728174
793.637,138.36769229191373
793.756,159.93912086334228
793.875,167.15297367719512
793.994,171.25600398022542
794.113,162.0179087421302
794.232,150.64388276810422
794.351,133.28284380706532
794.47,126.90622043044195
794.589,114.0092507334723
794.708,108.7347918590134
794.827,103.88370960793115
794.946,100.12007324429476
795.066,104.22570094992247
795.185,111.12959705381857
795.304,111.27851480273628
795.423,104.79106891529041
795.542,95.58760571182722
795.661,86.60838493260646
795.78,82.03695636117784
795.899,74.31401263823409
796.018,73.25254077676226
796.137,74.8715883958099
796.256,73.42310354732501
796.375,73.08457540879692
796.494,77.46206458628615
796.613,80.89323341745495
796.732,80.13132865555016
796.851,71.69842822264971
796.97,68.09496501918647
797.089,68.39712952135099
797.208,71.13046285468428
797.327,86.60665333087476
797.446,104.69583082005227
797.565,121.38067930490072
797.684,117.67331999754145
797.803,110.75903428325574
797.922,102.51574423996576
798.041,93.18241090663246
798.16,83.4161771403987
798.279,84.44994337416489
798.398,80.605787530009
798.517,79.28024640446786
798.636,73.71574423996564
798.755,76.64821177243317
798.874,75.68111220533365
798.993,80.38500830922979
799.112,78.4274325516541
799.231,81.6958308200524
799.35,71.05513817935972
799.469,64.58673991096143
799.588,64.29756242178385
799.707,63.3858741100955
799.826,60.25513817935958
799.945,63.03955376377519
800.064,65.09929402351548
800.183,76.3244022486237
800.302,80.0594671836886
800.421,88.23262735684875
800.54,93.94864467286604
800.659,97.81011653433788
800.778,99.03435895858036
800.897,94.08370960793101
801.016,93.96942389364527
801.135,99.2144455386669
801.254,96.2205061447275
801.373,107.5607658849872
801.492,108.6257009499223
801.611,112.93219445641579
801.729,120.84907757329898
801.848,118.69669662091802
801.967,108.95816848238988
802.086,95.72180484602633
802.205,82.63522475944629
802.324,75.01758966523151
802.443,48.52514326047771
802.562,31.94263498580463
802.681,26.605764550611728
802.8,13.000633197907899
802.919,-0.7317031799258227
803.038,-2.2172450119439935
803.157,-9.811982604858638
803.276,-9.443677181090312
803.394,-13.923016290898541
803.513,-11.538198425219095
803.632,-12.059118266710046
803.751,-18.35724621277244
803.87,-17.939068394502378
803.989,-14.131638302353362
804.108,-23.903900799313345
804.227,-15.784768621657813
804.346,-4.357755347955303
804.465,2.687850634089232
804.583,7.640270560879722
804.702,4.815177358931759
804.821,8.105956159086995
804.94,2.782411054274945
805.059,-5.757250666298823
805.178,-0.9067578787607884
805.297,7.062750329729261
805.416,14.179176494324343
805.535,27.289247341320078
805.653,29.567699132538355
805.772,37.96326012157379
805.891,40.82172805794383
806.01,47.80803462643266
806.129,72.0397230051782
806.248,99.98133372375653
806.367,129.1211325627103
806.485,154.8835466066028
806.604,165.10987334092238
806.723,174.19161133065305
806.842,173.31057875761317
806.961,165.70140765643475
807.08,162.4402885033083
807.198,155.37657194758438
807.317,143.0938077728129
807.436,135.3547665417643
807.555,126.5031711981614
807.674,131.95806936105186
807.793,141.6787683897432
807.912,159.09557131453838
808.03,177.55566428262372
808.149,198.9083979433497
808.268,228.06719221013628
808.387,247.07187392281043
808.506,253.1198456787746
808.624,251.4500685169898
808.743,241.39760737252095
808.862,224.71051419342018
808.981,197.86844265934104
809.1,183.52593822482902
809.219,177.865684872568
809.337,169.05824537312083
809.456,163.33652015938776
809.575,163.48579061665015
809.694,159.31038574923718
809.812,149.09688564372902
809.931,152.02537688021215
810.05,161.8880672508946
810.169,174.14469701551633
810.288,187.06020123901226
810.406,199.93934182614447
810.525,201.92324431803848
810.644,195.70974421253013
810.763,191.39667700745463
810.882,206.363263482033
811.0,209.79651662327828
811.119,213.63236716712095
811.238,220.48639952914527
811.357,231.29887344961105
811.475,239.12173698046624
811.594,249.52988189660294
811.713,259.34495321966597
811.832,270.769548352253
811.95,275.2305071212039
812.069,274.53562173431055
812.188,275.81216491884567
812.307,272.2099202245927
812.425,272.70118202384606
812.544,265.7058637365193
812.663,257.1564328950798
812.782,259.83730508394325
812.9,267.59350194813135
813.019,280.0328156954361
813.138,297.81758398819545
813.257,309.3789756575783
813.375,321.42088680748066
813.494,325.23336072794575
813.613,327.567912570489
813.731,331.77086268143046
813.85,325.9132067317661
813.969,325.223516150067
814.088,330.895730330273
814.206,330.2908882334227
814.325,331.4029292534557
814.444,331.17644213496055
814.562,327.20450047101093
814.681,324.2697882442909
814.8,325.1073703898654
814.918,321.1051256956132
815.037,319.5193312178113
815.156,319.82184842832123
815.274,323.87674659121205
815.393,324.8892205116787
815.512,323.43243036288123
815.631,321.1210947595384
815.749,326.73183707827343
815.868,319.96076121519036
815.987,318.66414422656607
816.105,318.1683930388078
816.224,310.853594232002
816.343,296.10762659402747
816.461,276.7521351465293
816.58,258.4711025734902
816.698,243.03422584460696
816.817,236.07527119364568
816.936,231.8825503089182
817.055,225.88723202159326
817.173,213.9473249896796
817.292,213.5113140616619
817.41,210.0856927440339
817.529,213.6730584393929
817.648,210.39808647241404
817.766,220.5828547651754
817.885,220.77281786313154
818.004,222.44936104766765
818.122,223.59863150493095
818.241,242.1764733907657
818.359,248.29024601253113
818.478,262.1885216698894
818.597,255.6235054449881
818.715,273.57845620032515
818.834,285.4255458161799
818.953,371.79002249890436
819.071,466.73245542356295
819.19,587.953172669909
819.308,676.6837377454544
819.427,729.7465351313974
819.546,686.9239616124847
819.664,605.4542254171131
819.783,477.36884820955663
819.901,394.9753746691208
820.02,302.98838246140224
820.138,252.65153540197988
820.257,217.97152492807652
820.376,204.89797365613478
820.494,183.0576337237876
820.613,176.02422019836672
820.731,178.80552528766435
820.85,186.24397323410477
820.969,193.26770256582643
821.087,201.4723842785002
821.206,223.42252053662838
821.324,236.8453840674839
821.443,238.59552032561197
821.561,234.6997691378524
821.68,227.41700496307985
821.798,204.56627542034192
821.917,178.21251557457373
822.035,165.39641806646767
822.154,162.0461214241626
822.273,156.71920140523423
822.391,151.6537532477775
822.51,155.04891115092676
822.628,154.19212100212792
822.747,157.03230055029866
822.865,155.78590001188934
822.984,161.57153410551462
823.102,161.7995924415643
823.221,161.10643865640185
823.339,157.81761387556816
823.458,166.10627827222356
823.576,168.0642067381429
823.695,180.56758974951674
823.813,183.09261778253568
823.932,182.74318694109587
824.05,177.70284700874703
824.169,173.50406551795658
824.287,168.1684874903696
824.406,170.09351552338876
824.524,169.98131411917834
824.643,173.97127721713255
824.761,171.81838317222946
824.88,160.4447099065472
824.998,155.38359075341896
825.117,157.84281792063706
825.235,168.39122257703275
825.354,176.5404930342943
825.472,178.94344314523568
825.591,176.57496468474852
825.709,175.44977626755133
825.828,159.78346230922858
825.946,146.98294921670674
826.064,139.260358202107
826.183,144.37568945900486
826.301,144.60319918027375
826.42,144.95154168264685
826.538,142.19912157090937
826.657,149.91563581475845
826.775,143.98506709817673
826.894,138.0446448583937
827.012,130.04934745038756
827.13,126.56973764472097
827.249,120.89392862398432
827.367,120.2590431886963
827.486,117.40398464162902
827.604,118.7419996876355
827.723,129.92936538299267
827.841,138.45958822120707
827.959,145.56643443604509
828.078,161.21440619200857
828.196,176.07017015576423
828.315,188.1553713489571
828.433,183.2241223256996
828.552,172.54568715525608
828.67,162.78932990689034
828.788,138.2502886758407
828.907,110.26165604904536
829.025,82.75857711998842
829.143,61.7701507105805
829.262,44.69144047020538
829.38,24.07701676860259
829.499,14.857471372997285
829.617,13.761024525025203
829.735,23.570305701271607
829.854,26.86736616990382
829.972,29.67606464689314
830.091,41.426208383082084
830.209,54.943405354605986
830.327,69.1313361535339
830.446,87.98321399944916
830.564,123.73745223501243
830.682,152.2430718196652
830.801,166.64078344805748
830.919,172.46966390761852
831.037,157.76637561411874
831.156,130.9650526365123
831.274,104.7234716288757
831.392,81.69015139750775
831.511,86.66625766283404
831.629,88.24975890356322
831.747,90.84661719262249
831.866,92.59050549280974
831.984,87.47865912755825
832.102,79.37663861176944
832.221,69.88349055696298
832.339,68.44079050127498
832.457,80.52744810426275
832.576,86.99823528543332
832.694,87.4214485619053
832.812,82.35729779633186
832.93,77.06253161124953
833.049,63.577964333557105
833.167,47.38617639352016
833.285,40.987037762645656
833.404,42.80822703347947
833.522,51.49181150618606
833.64,65.00680130110271
833.759,75.27512338471337
833.877,89.83942070918678
833.995,99.1424389590411
834.113,111.44284588391184
834.232,120.83243029796003
834.35,139.1700666600601
834.468,148.78216189661907
834.586,156.3648199037411
834.705,154.78210994549522
834.823,154.17515756300708
834.941,144.6175558298698
835.059,138.02532206210054
835.178,126.81490647614966
835.296,129.317045002753
835.414,116.98628309645585
835.532,120.1533566879943
835.651,120.64250820161071
835.769,136.68750387107133
835.887,146.90392811196065
836.005,166.3454605779582
836.124,188.22162507858792
836.242,208.60341728484565
836.36,213.0302311361251
836.478,226.33496706532665
836.596,236.7332094880347
836.715,248.52539130468213
836.833,247.42579822955457
836.951,262.48118350940535
837.069,271.3183869710742
837.188,275.25775493490755
837.306,283.61876792038595
837.424,296.01787614395965
837.542,307.8879800385289
837.66,313.1520233270377
837.779,317.06022245970223
837.897,326.85933068327586
838.015,321.56666401507465
838.133,315.9397982126743
838.251,315.8047073020488
838.369,316.92156444337166
838.487,313.75443890071176
838.606,312.6297376004761
838.724,319.11023110543545
838.842,321.1786033982735
838.96,306.7941618382976
839.078,302.49889776749916
839.196,298.3698674629346
839.315,295.8417029592359
839.433,300.0131055551042
839.551,300.8104821769465
839.669,311.3429237338537
839.787,318.69960771500325
839.905,309.80780684766773
840.023,307.2484735127996
840.142,304.1315644203557
840.26,300.1289410421973
840.378,298.90813584585703
840.496,283.89252545471163
840.614,289.4682570549082
840.732,288.26217047328646
840.85,276.70716614274716
840.968,274.772941032987
841.087,279.9296250141358
841.205,289.5114172203929
841.323,296.5339020673426
841.441,303.16937392727925
841.559,318.95722673959665
841.677,330.13728734412166
841.795,338.4065254378241
841.913,350.61602327178616
842.031,362.9372094174365
842.149,376.7674864721779
842.267,383.79949512865096
842.385,394.6912440448641
842.504,400.87043884852324
842.622,405.46435226690096
842.74,407.1569669839799
842.858,409.870360921838
842.976,413.001936677878
843.094,407.0867591871649
843.212,408.965521090391
843.33,421.04947779881195
843.448,425.1169842907826
843.566,420.7966119948744
843.684,419.9991834219097
843.802,422.23725268444275
843.92,419.16276783442146
844.038,419.7523522484693
844.156,429.8709409915216
844.274,437.88563363067783
844.392,437.00768557719323
844.51,432.1150189089902
844.628,428.23707085550564
844.746,421.108040550939
844.864,401.62316609052806
844.982,387.68894098076646
845.1,363.7893479056368
845.218,343.03088037163275
845.336,313.157261322477
845.454,294.91394530362425
845.572,272.9225773367195
845.69,254.52168556029096
845.808,233.49481975788828
845.926,217.91037819790978
846.044,201.62377213576656
846.162,194.01941715587432
846.28,173.39168555260525
846.398,158.73884572422793
846.516,141.05570286554746
846.634,133.85394528825228
846.752,119.6547851135544
846.87,106.49458597781768
846.988,95.24520935290339
847.106,89.1326292647856
847.224,80.5048976615163
847.342,76.50660328768433
847.46,81.95765956320301
847.578,79.31564608138163
847.696,75.77146554024014
847.814,77.04230570490742
847.932,76.22791646389794
848.05,75.54221156071361
848.168,83.96867984925495
848.285,95.44826408170033
848.403,107.78672021586459
848.521,117.1334052939875
848.639,131.41082630284626
848.757,151.57222999568774
848.875,165.16220511710074
848.993,168.40845729479065
849.111,179.8754886932595
849.229,181.6663296155379
849.347,178.06236534301107
849.465,181.44281665489984
849.582,177.29859264211314
849.7,177.1266630016208
849.818,179.47161647801167
849.936,179.66505480288737
850.054,187.04550611477597
850.172,195.86405266475987
850.29,203.851430383575
850.408,215.89941416299618
850.525,217.20454079956014
850.643,223.30447263092918
850.761,230.2243178822116
850.879,234.31559170492267
850.997,229.52721184797997
851.115,224.44619129839643
851.233,218.39114477478694
851.35,223.128306043385
851.468,230.11828116479685
851.586,255.74115671910909
851.704,288.00126171065085
851.822,329.59989484072094
851.94,365.35696952923274
852.057,400.6084165121168
852.175,435.5040193391568
852.293,479.7520031185776
852.411,514.3194674174789
852.529,556.2869317163803
852.647,583.1582921191778
852.764,614.022726115049
852.882,639.0828311065911
853.0,654.1992131544105
853.118,656.3649458515806
853.236,644.3142283323007
853.353,630.0011731506831
853.471,613.1011049820524
853.589,578.71272512511
853.707,560.1814881253105
853.824,541.107393982654
853.942,531.9285379352357
854.06,513.7721927103283
854.178,483.6894405590142
854.296,463.1668615678732
854.413,433.0607327931824
854.531,390.7147771786648
854.649,345.69782589315173
854.767,300.15706508382914
854.884,267.33838219658435
855.002,231.5716473612875
855.12,193.929587850666
855.238,164.71783137034743
855.355,139.69655108050512
855.473,111.95146126685322
855.591,86.28775673458655
855.708,65.08004090623368
855.826,47.366347829091595
855.944,35.20278308259608
856.062,21.39558764871313
856.179,10.735329226643945
856.297,5.473160643565948
856.415,-0.7792120870906136
856.532,-0.3483257525904653
856.65,-17.271438736739697
856.768,-28.092204500896237
856.886,-31.78757009494636
857.003,-35.40494282340619
857.121,-35.50521401356174
857.239,-28.625379067433876
857.356,-26.16355397618425
857.474,-22.263206486633123
857.592,-31.085688013864562
857.709,-29.467548681532662
857.827,-18.577008167344566
857.945,-13.59326594923544
858.062,-8.978190693138023
858.18,-5.412321622034626
858.298,-0.08436769421106122
858.415,-0.923933334500525
858.533,-4.663094393268157
858.651,-5.856668928879818
858.768,0.5681235680951757
858.886,0.8846798921808476
859.003,-3.35117597040797
859.121,-5.241675716655648
859.239,-0.8304635033573418
859.356,-8.60272619223591
859.474,-13.736501503167059
859.592,-15.96317706937477
859.709,-11.772356991589655
859.827,-14.798980932353402
859.944,-16.236399550743762
860.062,-10.663437971562399
860.18,-9.313590820246901
860.297,-4.457509165043044
860.415,-1.7015344498809086
860.532,6.963866876856461
860.65,18.47821658856871
860.768,27.43454214323717
860.885,31.380019535266918
861.003,38.393462799013484
861.12,41.999678094235996
861.238,49.07150798167862
861.356,44.46622661747077
861.473,50.084069213743504
861.591,57.79600542553409
861.708,57.873620904835576
861.826,47.769094232826404
861.943,46.878398571243935
862.061,42.51483138072297
862.178,35.10568620447836
862.296,26.63983670614156
862.414,27.253883855908075
862.531,32.394926493307906
862.649,30.272509379153803
862.766,36.686358525207396
862.884,47.62649084203591
863.001,51.738670264173855
863.119,49.02141245687468
863.236,50.15350529892627
863.354,52.49771935309923
863.471,48.8332753986142
863.589,53.889177764475505
863.706,65.25676844202532
863.824,72.61050630572242
863.941,76.56251256768809
864.059,77.93876125389647
864.176,77.38254240763737
864.294,75.03411576917063
864.411,72.27010471511942
864.529,71.65847461344902
864.646,75.97671464164875
864.764,80.54084211573596
864.881,82.7768310616847
864.999,93.70805810287158
865.116,103.68170938648262
865.233,118.88220049693344
865.351,140.83074355543607
865.468,152.46846410311613
865.586,168.31570846032008
865.703,172.87204372661506
865.821,174.14785951239054
865.938,174.3353636098543
866.056,162.53845212290267
866.173,150.97790427231462
866.29,149.85372005809012
866.408,154.240358354688
866.525,160.439117863407
866.643,161.68030161455022
866.76,169.52408276829067
866.878,162.26569941986668
866.995,149.0428139069407
867.112,135.21386778795417
867.23,127.52171820576417
867.347,134.0962352902408
867.465,140.03179133575634
867.582,152.10933872326325
867.699,165.81805494193895
867.817,165.14841618225978
867.934,175.29695924076225
868.051,188.20827286203536
868.169,204.97672934045113
868.286,219.77289144657246
868.404,222.35520073884098
868.521,241.20331089691035
868.638,253.46700547056417
868.756,260.3696610831791
868.873,275.6956933191707
868.99,304.9645826980195
869.108,332.5971084405047
869.225,353.433097386453
869.342,370.40588286919785
869.46,406.99165536492956
869.577,428.1471248303584
869.694,448.2973994905923
869.812,456.60092090407295
869.929,467.63171504482636
870.046,470.2988728219434
870.164,463.8266366596665
870.281,457.8158723588614
870.398,463.1263201792684
870.516,453.99780696071457
870.633,443.0692937421607
870.75,432.19532597815225
870.867,417.8971157899015
870.985,404.6300744328196
871.102,383.8366261493309
871.219,367.5851692078338
871.337,356.5917209243456
871.454,339.1913462339312
871.571,320.34508409762947
871.688,305.871116333622
871.806,280.0404386129046
871.923,266.64179552422195
872.04,243.6388234312103
872.157,223.76225826460552
872.275,209.0432688555766
872.392,205.22730974957787
872.509,197.69879653102504
872.626,185.62829197048075
872.744,172.01839347054252
872.861,158.1669365290458
872.978,134.2462155182851
873.095,118.02506160709143
873.213,106.81689470888479
873.33,98.14985335180353
873.447,87.36679467870488
873.564,74.71360613547631
873.681,59.43747012973266
873.799,39.051668507368554
873.916,26.343734064925606
874.033,22.526965701108054
874.15,22.060471304651124
874.267,13.698649309947655
874.385,14.99814980498819
874.502,14.942329966262834
874.619,9.02687714284587
874.736,6.184614607118058
874.853,6.461176568885383
874.97,8.43972406541107
875.088,5.762925003223613
875.205,4.323846155807606
875.322,12.27980718973297
875.439,15.331563126780347
875.556,13.583655700507917
875.673,16.53043943548066
875.791,9.338220104129
875.908,4.113887196074421
876.025,-0.7076552500313262
876.142,-3.4935763381652674
876.259,-0.10147531997790438
876.376,-5.05021282306742
876.493,-4.176674406646708
876.61,0.33846417755769753
876.728,5.450584888029031
876.845,8.002212757505538
876.962,16.807130332171987
877.079,13.233160714434664
877.196,17.73988263004029
877.313,11.567612259804484
877.43,11.108622669153577
877.547,8.060492752484356
877.664,10.538996086926959
877.781,5.360123283258601
877.898,13.870875053336086
878.016,8.640735760579485
878.133,13.320217865983905
878.25,11.050585858769514
878.367,15.188145422005537
878.484,8.307635789810229
878.601,-2.1360801122269004
878.718,-4.579692816904586
878.835,-2.274913793642882
878.952,-3.6849567955610083
879.069,-0.6591768738299817
879.186,-2.1486500607370056
879.303,6.059267700775981
879.42,0.9787916588126868
879.537,-3.0836461966720607
879.654,-7.339899531563285
879.771,-11.29762728487346
879.888,-9.48799247347415
880.005,-11.530316715416426
880.122,-14.289159694432815
880.239,-17.76452141052333
880.356,-21.956401863687972
