wavelength_nm,intensity
792.446,265.9417423447542
792.565,208.11628779929967
792.684,160.6514393144512
792.803,123.5471968902088
792.922,96.80356052657231
793.041,74.06416658717845
793.16,71.98711031012212
793.279,79.22260814561994
793.398,97.50832243133416
793.518,116.2884090114207
793.637,141.71265143566302
793.756,168.25377697678852
793.875,180.41395013696172
793.994,183.30312762613926
794.113,173.70659082960248
794.232,158.9801839031956
794.351,146.9940367170484
794.47,136.92910165211333
794.589,131.05983758284924
794.708,123.10053022354185
794.827,112.7135172365289
794.946,108.66503238804407
795.066,109.75161247462414
795.185,111.34641766942931
795.304,122.52390684691844
795.423,129.68061680362837
795.542,128.76286788587942
795.661,117.56892849194003
795.78,114.23992416293575
795.899,113.12130944432107
796.018,108.18537870839039
796.137,103.64944797245965
796.256,99.6581059811177
796.375,94.78451290752457
796.494,81.77585489886657
796.613,64.7886513991998
796.732,58.239381545775515
796.851,56.07698374522652
796.97,56.74822363893516
797.089,61.30505341039232
797.208,73.01846459905074
797.327,87.14125866309507
797.446,102.52796039935588
797.565,107.21750192599316
797.684,110.7208962664831
797.803,113.60351138619392
797.922,111.4315810513595
798.041,102.76701002388458
798.16,96.28252557649637
798.279,84.62661255767955
798.398,80.99321036137374
798.517,78.2446566499164
798.636,86.57142761378375
798.755,93.23153191098453
798.874,92.57388729043645
798.993,89.72836388200972
799.112,82.47245086319344
799.231,79.96718719502644
799.35,76.74763781257367
799.469,80.77570747773991
799.588,84.71286805199699
799.707,85.34872992495542
799.826,80.48935370267574
799.945,74.29924154966015
800.064,77.41475710227218
800.183,95.1129566375681
800.302,104.17825573996352
800.421,114.80719120599537
800.54,122.1452175811181
800.659,126.33605780905482
800.778,123.58577249586608
800.897,119.92726207445223
801.016,124.16312394741055
801.135,125.79812001950322
801.254,125.95692561540538
801.373,127.85685675243337
801.492,129.2494285821021
801.611,134.32598309575351
801.729,127.52028652715379
801.848,132.8626419066059
801.967,129.85954274060333
802.086,127.34475526291237
802.205,114.55391333000603
802.324,101.6611048145736
802.443,77.01724416660736
802.562,55.37406233528736
802.681,28.340439761146737
802.8,15.454788298757318
802.919,1.9482911238918068
803.038,4.4596097046103464
803.157,-3.1768169867441136
803.276,1.2014954617257572
803.394,-3.351428044048639
803.513,-6.329146808836846
803.632,-16.560523437964896
803.751,-19.593727169981413
803.87,-26.154554341412954
803.989,-24.710703705916046
804.108,-25.49877959928249
804.227,-20.19920482648972
804.346,-15.513508490232597
804.465,-14.45725361091172
804.583,-14.620962932909972
804.702,-6.164035940483112
804.821,-4.455886445253559
804.94,-1.6454867947418856
805.059,-4.0270892920066945
805.178,2.8371997490078824
805.297,5.378728171967106
805.416,14.204259813910559
805.535,25.96193101018498
805.653,39.01278057751684
805.772,49.48593244570044
805.891,58.73649573807037
806.01,67.89650876536467
806.129,87.52720467602067
806.248,107.26919227895017
806.367,136.6406171113169
806.485,153.91507224671392
806.604,172.6155014080851
806.723,193.34017299369867
806.842,203.53151124597912
806.961,208.51419148960167
807.08,204.1219799583324
807.198,196.45098054827517
807.317,180.27435343259026
807.436,157.11331073248957
807.555,142.14361002373084
807.674,145.2362469773099
807.793,163.4526934546987
807.912,188.82065508360287
808.03,219.8284435523339
808.149,259.4907774756104
808.268,293.92107676685225
808.387,312.8197743264923
808.506,318.50029006795035
808.624,311.25006987867255
808.743,296.038810728356
808.862,268.13923988972783
808.981,243.5738681852989
809.1,225.52018479255827
809.219,209.5193152526316
809.337,194.22320761746693
809.456,180.3773164325187
809.575,173.81454213068736
809.694,173.06302324011122
809.812,175.97211041014106
809.931,187.6309811299543
810.05,200.88898604890176
810.169,219.48638490724323
810.288,233.3764244582255
810.406,242.21365015639395
810.525,248.6110490147355
810.644,254.92879419342324
810.763,256.79978612535785
810.882,262.66558325209775
811.0,263.791120638578
811.119,270.4162251246253
811.238,278.0941434634864
811.357,287.30020033048584
811.475,284.70279399402193
811.594,288.7755175276877
811.713,297.3703189834314
811.832,305.9659862400407
811.95,308.10451063950717
812.069,309.0733380692766
812.188,317.0716027284832
812.307,325.1096942275167
812.425,325.9105562893209
812.544,324.89237073207744
812.663,330.9754838761329
812.782,327.34864031023176
812.9,325.981537004071
813.019,335.51400079747754
813.138,351.18759013200963
813.257,369.47416647952883
813.375,384.1763272426325
813.494,393.9607390879869
813.613,399.47415526234545
813.731,393.7581342072667
813.85,395.25596596604066
813.969,392.3797717507886
814.088,386.8031446351037
814.206,390.67586816876945
814.325,394.1485917024354
814.444,393.32607714086305
814.562,387.51741539314355
814.681,387.5970653337359
814.8,393.2239014215143
814.918,382.8048500634054
815.037,376.71566883516664
815.156,377.84207202251247
815.274,373.7269167682998
815.393,366.8671727694982
815.512,366.8186841819519
815.631,367.69746832167834
815.749,378.19097107612345
815.868,385.8333915794864
815.987,392.58403719107446
816.105,386.5052455732254
816.224,373.0801336090559
816.343,355.5104329002975
816.461,339.6108620616687
816.58,317.64549035723917
816.698,305.1961359688271
816.817,299.65760409123754
816.936,290.36236225693824
817.055,276.94157929709763
817.173,262.3614889779496
817.292,248.14676662416943
817.41,248.45845119679603
817.529,249.6385340378207
817.648,255.17705843728692
817.766,266.77359149476155
817.885,273.69566567777724
818.004,281.5502073932604
818.122,282.00648071047505
818.241,285.0454380103737
818.359,284.48785851373566
818.478,295.78974328487203
818.597,289.83987785338127
818.715,312.1701908509233
818.834,333.11824932510086
818.953,432.95067828952426
819.071,550.1011239460562
819.19,669.8919791955841
819.308,745.7985044596859
819.427,775.0427286800303
819.546,710.6972232001557
819.664,619.2789033402795
819.783,493.6042791108397
819.901,426.9370421149316
820.02,363.32261040842127
820.138,320.10956341765063
820.257,293.00897173861995
820.376,260.8126999708966
820.494,227.12416787074233
820.613,215.5156701665528
820.731,213.47912572382097
820.85,219.26526917090519
820.969,232.4427546093312
821.087,250.93625736377436
821.206,278.94664323510057
821.324,286.07564382504125
821.443,289.39338900372627
821.561,285.6124328837099
821.68,268.9786629108796
821.798,250.08255527571168
821.917,226.27043032452633
822.035,206.17865169368736
822.154,197.27821505419035
822.273,187.98643642335128
822.391,189.87214697000155
822.51,195.08513024392454
822.628,190.6054728252069
822.747,195.2989755796495
822.865,200.64529218690586
822.984,197.5630373655908
823.102,192.56563102912412
823.221,194.89636322079593
823.339,201.46605645142887
823.458,202.78033842665053
823.576,198.69548620273798
823.695,207.8816296498211
823.813,212.85824928738037
823.932,207.0391979292687
824.05,197.91538466639508
824.169,199.22100863295879
824.287,195.6019572748472
824.406,180.4539015877312
824.524,190.30411429888358
824.643,196.25995471566355
824.761,196.92228863893706
824.88,197.39414637173434
824.998,197.13353657206403
825.117,197.69284019230733
825.235,191.92140788181484
825.354,185.0486768700236
825.472,192.87031815260488
825.591,195.07724082046764
825.709,194.3638171679843
825.828,196.96727663238406
825.946,197.12225124829877
826.064,198.27982326681087
826.183,189.71271996064755
826.301,186.70665561552303
826.42,181.22872979853713
826.538,182.7793754101226
826.657,175.68846258014975
826.775,175.079800832428
826.894,170.81486202842927
827.012,162.4278453023528
827.13,150.47892381437154
827.249,141.96203695842485
827.367,136.13779079511892
827.486,133.3447134629818
827.604,138.3092118884203
827.723,153.3291215692702
827.841,166.02608752717646
827.959,179.9559539179832
828.078,198.96460818757777
828.196,215.68321916712898
828.315,224.6208777657279
828.433,223.84165324744382
828.552,221.10312136985243
828.67,209.9507366784085
828.788,179.22605761467042
828.907,148.77151841759252
829.025,115.27978175200371
829.143,91.91537954214743
829.262,65.58888595132545
829.38,43.52754800385425
829.499,34.88379729186771
829.617,30.544372788212506
829.735,29.659000173836766
829.854,34.628279319339526
829.972,42.0954192557562
830.091,58.256560348525525
830.209,73.15317212327547
830.327,87.70822046872291
830.446,110.09592839304011
830.564,126.1397874987347
830.682,139.77741879248543
830.801,143.30063214431345
830.919,138.51302298531903
831.037,127.31762161853226
831.156,112.30403843356386
831.274,100.53028208842221
831.392,92.39288937964412
831.511,88.60181701718645
831.629,91.47048491446895
831.747,97.04651211911064
831.866,99.13509343630636
831.984,100.21155354138088
832.102,101.23346819191005
832.221,94.67297195634586
832.339,88.58242352651767
832.457,88.93737904903213
832.576,83.8762081333077
832.694,83.94357974419214
832.812,77.92463708292976
832.93,77.9861425301288
833.049,74.20854157615864
833.167,59.1118741933522
833.285,52.40513787959726
833.404,60.604064228665635
833.522,67.00920081197667
833.64,78.21368572848499
833.759,93.7974240497255
833.877,108.2389949981721
833.995,124.7540155099065
834.113,138.08004065063247
834.232,156.52294890824135
834.35,178.06369266368577
834.468,192.31525892995262
834.586,198.23955246894684
834.705,198.5595170036121
834.823,184.79982785862384
834.941,170.40723828073519
835.059,149.92893441713218
835.178,142.07487297777138
835.296,138.93249985009876
835.414,140.8100401423396
835.532,149.76030770730756
835.651,160.5928263545267
835.769,171.86690344330435
835.887,182.19466018576173
836.005,192.53973294553498
836.124,212.911645532148
836.242,232.9684066036093
836.36,250.45547070537373
836.478,267.22651749112083
836.596,281.00449068379436
836.715,289.6179617119658
836.833,305.7309998397044
836.951,316.1081072315122
837.069,325.40382934193474
837.188,331.25972461253025
837.306,335.89051165801766
837.424,342.84770562991196
837.542,339.56507276197954
837.66,342.64694205854937
837.779,361.1132269395349
837.897,368.2851395261482
838.015,371.9107317664413
838.133,366.99086946127983
838.251,362.1446002297114
838.369,359.3320972319092
838.487,356.9403734548863
838.606,363.57202630123993
838.724,372.8729432168575
838.842,368.6119553705704
838.96,366.60031817363404
839.078,354.83023941825627
839.196,358.1917623944802
839.315,357.7584801758991
839.433,368.13818497030496
839.551,366.17589842271934
839.669,369.9322265937484
839.787,367.98465866088134
839.905,362.547047437971
840.023,352.50337560899993
840.142,355.8657643860894
840.26,345.69135662638234
840.378,338.54552029524666
840.496,324.5191644835915
840.614,334.1257091048368
840.732,340.49935329318157
840.85,340.6712658797948
840.968,339.78863301186243
841.087,351.9821906201206
841.205,351.92812918076
841.323,354.1745006418323
841.441,356.5784478604803
841.559,372.5676764644096
841.677,387.09803060946444
841.795,401.7591206852551
841.913,405.46696400779894
842.031,435.3678809234163
842.149,447.03936060959654
842.267,458.7974203823568
842.385,465.29054509018187
842.504,474.6693840837212
842.622,474.2092620382996
842.74,473.4218672656053
842.858,461.7704032288418
842.976,466.96655823969746
843.094,463.3436656315057
843.212,461.61774272028356
843.33,469.2277505449921
843.448,475.3485808805229
843.566,474.65642420306665
843.684,485.6084233697662
843.802,483.92405890010184
843.92,483.1505169412601
844.038,490.32675853220195
844.156,494.4371992573429
844.274,506.6948261296701
844.392,503.5749638245081
844.51,503.61700628125084
844.628,508.18026085920576
844.746,493.44308253672756
844.864,477.34313365147875
844.982,457.6180765411216
845.1,429.8670454047905
845.218,409.98614413858917
845.336,378.88965845680343
845.454,355.0615710434158
845.572,333.08543168197616
845.69,306.70409751534163
845.808,281.3651875911312
845.926,257.5267105673536
846.044,236.04927250461472
846.162,231.33633660637793
846.28,216.11171239645273
846.398,202.65851675795608
846.516,189.8261003402387
846.634,179.62138955022675
846.752,162.74568308921917
846.87,143.1366432948783
846.988,129.48777666071052
847.106,122.9021134897462
847.224,103.54050810162946
847.342,93.35103157978176
847.46,91.70735250883605
847.578,93.6736720395721
847.696,89.12766761186037
847.814,94.15443234860103
847.932,107.98586899511805
848.05,113.471685590155
848.168,116.87420066068013
848.285,133.38753824202783
848.403,143.62555114805082
848.521,150.69126968177937
848.639,160.7855596440793
848.757,176.0140487405783
848.875,185.59491878945812
848.993,193.57059403314315
849.111,202.04756797812695
849.229,211.64229084085983
849.347,209.90368037025945
849.465,216.13563267022187
849.582,221.53035553295473
849.7,222.4030004736096
849.818,229.59252853114748
849.936,234.82621243284092
850.054,237.68760196224014
850.172,248.61219495484266
850.29,264.02596543662264
850.408,277.3574848361518
850.525,278.76346311013987
850.643,287.83610805079485
850.761,289.01438069707774
850.879,277.5129996637071
850.997,265.518977937696
851.115,263.7647830515117
851.233,263.93612929086873
851.35,267.39492141767175
851.468,279.50046679122806
851.586,306.03718099595324
851.704,333.5747610015443
851.822,371.3538994486937
851.94,410.20749677030204
852.057,463.0758127066289
852.175,507.9406654394923
852.293,561.0540030208406
852.411,607.4868211216694
852.529,645.6564357592948
852.647,679.5091672800372
852.764,710.4909031297839
852.882,727.7635480704398
853.0,749.9374917123941
853.118,753.008405051318
853.236,751.0394915504153
853.353,739.5355131144474
853.471,720.1198463667913
853.589,691.8054783204338
853.707,658.3049630879292
853.824,630.6157032666798
853.942,614.0632399822268
854.06,592.762724749722
854.178,566.9020363570442
854.296,539.9660232890415
854.413,508.7607461517749
854.531,462.4645599235993
854.649,408.6428325698828
854.767,360.4003259953871
854.884,315.25478911786104
855.002,269.2321959632788
855.12,227.78362878272253
855.238,193.24501831212308
855.355,168.52718706230274
855.473,139.10199650512325
855.591,105.4800158846351
855.708,81.6004840509414
855.826,57.85118982408042
855.944,29.74453363783463
856.062,13.55448946805608
856.179,4.9023923475412365
856.297,-1.7445667744444677
856.415,-7.9787441322021655
856.532,-15.96764126940306
856.65,-17.036433669288904
856.768,-18.596747403510136
856.886,-27.94281950971959
857.003,-26.484387881191967
857.121,-30.853819015814985
857.239,-30.159001810798635
857.356,-30.42087030574256
857.474,-35.033551356150845
857.592,-37.795275561138624
857.709,-30.08186129515416
857.827,-23.209879951028284
857.945,-18.578865320711152
858.062,-14.260843362914029
858.18,-3.1580716202379433
858.298,-2.6444435790843697
858.415,-5.739386981379912
858.533,-4.548846441687772
858.651,-3.8145588519773836
858.768,-5.747947215641544
858.886,-9.776053068942641
859.003,-7.34522122487239
859.121,-8.509342357273695
859.239,-9.72149461807091
859.356,-17.179503264919035
859.474,-19.823743327582196
859.592,-16.056688992642513
859.709,-17.198400017486303
859.827,-16.66714356169244
859.944,-13.190468386032883
860.062,-14.014388690979471
860.18,-7.7423675280436575
860.297,-7.176519362931116
860.415,2.892728893040741
860.532,13.143397511153566
860.65,18.760652499447787
860.768,20.431313525746972
860.885,20.53050863853884
861.003,27.941060102165697
861.12,34.69569320733555
861.238,41.11201395882388
861.356,44.12386237451109
861.473,51.46101584450096
861.591,62.43328364789586
861.708,65.17161476871789
861.826,62.257611476877244
861.943,68.62381137178855
862.061,62.577498694364266
862.178,54.594389480143526
862.296,43.088336542979086
862.414,47.318214341745374
862.531,47.73164192406148
862.649,42.0732080345164
862.766,37.32819405839134
862.884,41.24811514720138
863.001,43.63123969921505
863.119,49.773671610536034
863.236,55.9845017902551
863.354,61.687972662614825
863.471,63.67456041809126
863.589,60.78149449391396
863.706,60.47284415415217
863.824,65.23605528625188
863.941,68.29104131012666
864.059,78.42308361105763
864.176,83.8962514531142
864.294,84.82915955491106
864.411,87.28587718051745
864.529,85.09410995763886
864.646,81.00883624125363
864.764,83.81706901837478
864.881,87.49023686043108
864.999,91.01015794924072
865.116,101.01406172203306
865.233,119.31060618746616
865.351,137.70238874813745
865.468,150.46300247763998
865.586,164.90067248419888
865.703,186.0526282050435
865.821,196.89029821160273
865.938,191.62320631340017
866.056,186.7604434195265
866.173,178.00850303647528
866.29,171.3725799694413
866.408,159.38860495435534
866.525,156.24359097823043
866.643,163.79987570340415
866.76,171.21763229004975
866.878,173.35833259963906
866.995,172.28864329883862
867.112,176.16614014522423
867.23,185.04796599593897
867.347,185.284770201632
867.465,182.83412851987936
867.582,187.89863835327833
867.699,184.33717416070328
867.817,179.2527662451846
867.934,178.73632369763118
868.051,193.7350326652293
868.169,214.9545208536066
868.286,231.6242254922004
868.404,251.48527212213628
868.521,278.4528122585657
868.638,294.8056337802767
868.756,310.34027348380624
868.873,327.3952595076822
868.99,353.70219358350624
869.108,379.7173527675552
869.225,401.2571872762794
869.342,423.8351170230987
869.46,459.17235412922514
869.577,483.7035306292911
869.694,502.96630886095875
869.812,510.75722562076487
869.929,522.4234670558956
870.046,535.6446868460047
870.164,533.6901490603561
870.281,523.0152649543613
870.398,531.1109436189292
870.516,517.354674231549
870.633,508.37156501732886
870.75,489.78239519704823
870.867,472.2330522165945
870.985,462.9789473313791
871.102,438.81921474053604
871.219,410.08545617566716
871.337,391.24520410430466
871.454,372.91404294203306
871.571,361.67205926893894
871.688,339.84566001142923
871.806,312.43657677123554
871.923,295.30801301156134
872.04,274.6634319358698
872.157,247.83876428009165
872.275,233.4963477065644
872.392,224.45609563520154
872.509,211.96129810929338
872.626,196.50632742321193
872.744,183.2591489449228
872.861,172.19032544498853
872.978,151.3725841961365
873.095,137.31847931092085
873.213,122.63666879799952
873.33,108.19208772230769
873.447,91.39512569423518
873.564,72.88734115534021
873.681,60.9977384346271
873.799,50.27696688274514
873.916,33.17286421161592
874.033,30.532396428065788
874.15,21.720789654662866
874.267,21.825414544161813
874.385,15.664199097443992
874.502,6.75529753102818
874.619,2.2387770475038904
874.736,-0.18501365025335437
874.853,-4.592312443642166
874.97,1.1971624914437313
875.088,-1.0548049270026263
875.205,5.745272534611928
875.322,10.568918726711173
875.439,18.022942444554936
875.556,12.219937015424248
875.673,10.276431717787432
875.791,4.907925473356996
875.908,6.651701787464599
876.025,-1.7853504546289871
876.142,2.1094646560995036
876.259,4.048255522727359
876.376,2.11678670488297
876.493,-5.089824286598129
876.61,-3.0383296358428833
876.728,-3.1728551595003758
876.845,5.869305041740851
876.962,9.824424059188653
877.079,19.743773766939206
877.196,22.887257459078352
877.313,17.400187923718903
877.43,8.887118852274824
877.547,2.0447399222681026
877.664,-0.7436067535698179
877.781,-11.842409588128167
877.898,-11.822643367670057
878.016,-11.234219208910734
878.133,-3.9170636136553556
878.25,-2.433946318948733
878.367,0.40439490030819236
878.484,10.165094858673479
878.601,18.005485977656676
878.718,7.062398936088051
878.835,7.022792242309293
878.952,-2.6395342935015345
879.069,-3.2678460415349777
879.186,-11.972952256931613
879.303,-0.7120460143394949
879.42,6.709336958276737
879.537,6.619769132245346
879.654,1.277317518106976
879.771,-0.6343371492709555
879.888,-9.49485022852896
880.005,-12.638867261517952
880.122,-14.456674893358151
880.239,-14.948273124049589
880.356,-14.113661953592253
