wavelength_nm,intensity
792.446,205.67408778576134
792.565,184.03711808879171
792.684,164.7373778290515
792.803,147.77486700654072
792.922,133.14958562125923
793.041,113.92620899788271
793.16,100.9071613788351
793.279,108.9322696039433
793.398,115.95737782905147
793.518,124.54352501519857
793.637,152.0872479589214
793.756,175.63616570783904
793.875,196.6439579156312
793.994,199.2240444957178
794.113,186.28032155199492
794.232,172.26560293727636
794.351,144.1184167900903
794.47,126.19200986368341
794.589,123.63097090264442
794.708,117.59893627060981
794.827,117.2119232835968
794.946,116.50283237450589
795.066,112.38854666022026
795.185,113.87599254766616
795.304,115.9279405996142
795.423,115.64395791563146
795.542,112.59287566454921
795.661,99.6093258809995
795.78,88.79893627060989
795.899,80.03183670351038
796.018,73.5963388680126
796.137,71.63010510177881
796.256,77.63529990697359
796.375,80.53659860827226
796.494,74.10752952519005
796.613,63.552385285374754
796.732,58.63762104339254
796.851,56.6147982036713
796.97,50.48725108716746
797.089,57.68108260236185
797.208,76.04256684266198
797.327,95.89875514700822
797.446,106.85401289641067
797.565,115.9105693471118
797.684,121.53076216144939
797.803,118.33363895847091
797.922,105.8811045000812
798.041,101.92813714125862
798.16,96.51023471750081
798.279,85.70964831105887
798.398,80.36014415569917
798.517,79.77427636397579
798.636,82.7182787021224
798.755,83.14020311819102
798.874,82.58290675503886
798.993,81.37712554340183
799.112,79.34537030579068
799.231,76.69110424566861
799.35,77.49311524182374
799.469,79.994693337546
799.588,78.81055714755385
799.707,79.04893178007265
799.826,75.09423281951787
799.945,68.88585420528342
800.064,75.53721585078935
800.183,90.0985342062519
800.302,90.65638935825149
800.421,96.77268606869275
800.54,102.110627800779
800.659,110.76805005234586
800.778,109.52157620001653
800.897,114.55735342993819
801.016,119.55936442609374
801.135,128.27133213220603
801.254,121.33827819329669
801.373,125.03466148382464
801.492,129.30160754491538
801.611,139.66032849778094
801.729,152.6528156844126
801.848,158.55699118273247
801.967,146.5243701442559
802.086,135.65625127028156
802.205,115.86692027509501
802.324,93.07764928273778
802.443,70.06696870170173
802.562,55.816830737169916
802.681,43.63052473899501
802.8,22.486729152455602
802.919,5.510644114871306
803.038,-1.6026468510335439
803.157,-6.007749099765565
803.276,-10.532931203300118
803.394,-7.995573502475459
803.513,-6.256404319218685
803.632,-7.9405929181272725
803.751,-13.825493380419765
803.87,-20.172883619790618
803.989,-26.24581843875167
804.108,-30.9556145656966
804.227,-28.683366420830133
804.346,-18.41135283131088
804.465,-9.548893560143068
804.583,-6.590687526332932
804.702,-1.7904107914758263
804.821,-0.9165388940272692
804.94,11.130179828516184
805.059,17.036171929375072
805.178,26.47837193208293
805.297,28.93127397162323
805.416,30.639141136795175
805.535,24.458344973838024
805.653,25.092957356297802
805.772,34.54395411303868
805.891,51.48675432751827
806.01,59.52806517375123
806.129,82.87721850869386
806.248,104.51039999822494
806.367,134.7250392860755
806.485,151.98827109722595
806.604,171.5164379733115
806.723,189.4697130745053
806.842,188.0645466172576
806.961,181.17539747602734
807.08,182.86200591055461
807.198,183.07155806802578
807.317,178.60924875363565
807.436,163.9088442011503
807.555,156.35735739758275
807.674,159.28465847280302
807.793,163.66563920170267
807.912,179.35311343709583
808.03,206.70465693655808
808.149,240.79559437541423
808.268,264.971380299119
808.387,278.1930536687113
808.506,289.8078006313773
808.624,295.9307727022684
808.743,285.4701949896097
808.862,275.64857831591223
808.981,256.4044508197039
809.1,235.7404099035822
809.219,214.32831703940866
809.337,196.55258781159858
809.456,181.7361659430959
809.575,174.58381333866237
809.694,170.6176079203759
809.812,185.55270120338812
809.931,197.97437457298034
810.05,213.51899166551627
810.169,230.52594642039
810.288,240.77359381595636
810.406,239.48357887386035
810.525,236.31997085817133
810.644,232.43428492040437
810.763,241.23864227268075
810.882,254.59624637820383
811.0,262.82138295125924
811.119,273.41361909141426
811.238,284.72014094585495
811.357,288.2941952678281
811.475,288.3764746980264
811.594,292.031914301385
811.713,299.6596482770381
811.832,307.06487143018046
811.95,311.2259387391669
812.069,317.12120518235247
812.188,331.882272491339
812.307,336.9706125275982
812.425,340.89964520455
812.544,342.35854801137185
812.663,346.18628198702504
812.782,344.71444886311116
812.9,347.84261573919724
813.019,354.098055342556
813.138,361.4911572835772
813.257,369.8756012159406
813.375,378.4825559708149
813.494,387.7674328036111
813.613,399.144950329048
813.731,396.53458906660626
813.85,398.61513689507336
813.969,397.597849225705
814.088,394.2472282230033
814.206,396.49314401683836
814.325,390.2464191180326
814.444,395.5460145655471
814.562,400.0568654243169
814.681,401.1729110882816
814.8,404.646532509822
814.918,393.66560847681694
815.037,386.2292731884009
815.156,378.5236738307208
815.274,364.73322598819226
815.393,368.550570353456
815.512,376.10904025984536
815.631,388.25365735238177
815.749,392.4121272587711
815.868,394.9420257365888
815.987,390.8320973745799
816.105,384.0546365450384
816.224,368.8589938973153
816.343,353.5871607734017
816.461,337.5612150953756
816.58,317.37769365977357
816.698,299.0755575055568
816.817,295.056538234457
816.936,281.46955359539186
817.055,270.9708806446384
817.173,264.0141990358763
817.292,256.02201959161624
817.41,258.96923408675013
817.529,264.76233602777137
817.648,266.5978622112168
817.766,273.2368515981256
817.885,270.39705310624663
818.004,273.634310891424
818.122,270.5988414038741
818.241,269.5477875007399
818.359,280.4058677269104
818.478,290.59953966513996
818.597,274.5542813146524
818.715,288.02735780921614
818.834,299.0845461412059
818.953,405.28549718569434
819.071,515.0611386329504
819.19,659.1161504739458
819.308,775.3456665891242
819.427,838.6033790747849
819.546,797.900547305164
819.664,707.1458048127469
819.783,563.7011109917951
819.901,471.62183381670286
820.02,373.07446312333013
820.138,316.734141548636
820.257,279.3798736969397
820.376,260.4409384564343
820.494,229.0799278433423
820.613,211.1396964510294
820.731,209.69383735308864
820.85,221.38996959713916
820.969,243.99779015287788
821.087,265.4584245614304
821.206,290.56840961933335
821.324,309.8480916469334
821.443,306.72950527626506
821.561,294.16936046403816
821.68,275.1243671669628
821.798,249.37980677032056
821.917,220.3226922611243
822.035,204.84133532768556
822.154,194.39893943320766
822.273,199.3807859629723
822.391,206.7132818433862
822.51,210.17997685799918
822.628,209.84147706741732
822.747,214.12808550194364
822.865,207.7748670966431
822.984,213.89351016320398
823.102,208.40349522110682
823.221,217.3507097162392
823.339,220.91177702522447
823.458,220.18713004849548
823.576,213.51443112371464
823.695,218.00363696083866
823.813,214.39240989752983
823.932,221.4937369467752
824.05,213.78640598736257
824.169,222.45483260370747
824.287,217.4643847611779
824.406,214.73973778444918
824.524,203.12245011507986
824.643,200.95537889592694
824.761,199.16926005772643
824.88,210.09829273467744
824.998,209.0784076627108
825.117,216.91999445221617
825.235,211.59621327635375
825.354,210.30533253339183
825.472,198.7971357731139
825.591,194.2638307877278
825.709,190.11494138675724
825.828,191.31064073037544
825.946,184.49508466273812
826.064,181.8864550020272
826.183,176.97133183482276
826.301,182.2077238191334
826.42,187.8839426432708
826.538,191.66838657563346
826.657,196.59568765085322
826.775,195.83900604209026
826.894,188.69444564544855
827.012,179.02174672066838
827.13,170.26160190844251
827.249,167.34474713950678
827.367,171.52919107186972
827.486,166.3958860864838
827.604,173.01236465088138
827.723,180.94918953562512
827.841,183.911122645477
827.959,193.00206008433304
828.078,204.5795776097691
828.196,225.49389167200155
828.315,241.36231828834644
828.433,243.12598299992942
828.552,241.34592476778957
828.67,223.95720852699193
828.788,188.40225851996087
828.907,156.50964617526742
829.025,124.50536670489097
829.143,99.16213762067892
829.262,71.64987093633952
829.38,55.454608056887125
829.499,49.480506353098974
829.617,45.51638353108977
829.735,40.078987908434655
829.854,45.8043971223668
829.972,59.54457540220376
830.091,72.95679368853168
830.209,85.47851879285307
830.327,109.96526643674855
830.446,136.90815485083954
830.564,164.90174343531868
830.682,179.06855773989076
830.801,185.87866208775284
830.919,185.36582271267127
831.037,172.73696602157247
831.156,154.3254253477898
831.274,141.94332190344426
831.392,124.6685777664582
831.511,127.92889856453698
831.629,129.24549641889297
831.747,122.36815487930946
831.866,119.7107267596395
831.984,118.14247612914696
832.102,113.98634671077559
832.221,105.13411339630025
832.339,96.40828700823188
832.457,102.17423551193838
832.576,106.33672081218165
832.694,99.02232040588893
832.812,97.03565621376579
832.93,98.01314687942676
833.049,86.90675940971114
833.167,75.30469262016433
833.285,73.66864175231211
833.404,77.99873353859596
833.522,86.1945651634118
833.64,94.13399214189843
833.759,112.61198618055215
833.877,139.78310764431592
833.995,155.5452281018092
834.113,173.98353903549284
834.232,192.87726122458758
834.35,206.88094012363882
834.468,203.561675299746
834.586,202.84154467498743
834.705,199.32747465628933
834.823,192.8852661094528
834.941,177.02574154530038
835.059,159.78959360452475
835.178,150.04781795812164
835.296,141.1614535671298
835.414,134.06037056141943
835.532,148.82249101891244
835.651,169.61578030757414
835.769,187.08179686896312
835.887,201.82573550827405
836.005,225.52638410429483
836.124,253.74651321979627
836.242,271.9155600842155
836.36,279.10798357201145
836.478,296.49694385634405
836.596,307.62962708439966
836.715,312.5978081479533
836.833,310.2014870470048
836.951,319.7913131322035
837.069,328.95516519142836
837.188,341.3086276402637
837.306,344.7642545912636
837.424,354.83633175871375
837.542,359.83741325516814
837.66,367.0436895568173
837.779,367.0343814428819
837.897,373.0034283073014
838.015,373.68416348340895
838.133,379.2757211703389
838.251,378.59281998280994
838.369,382.3211742065363
838.487,374.45039423112837
838.606,370.3735536496598
838.724,369.12961350109185
838.842,370.49952616637677
838.96,367.26078082300364
839.078,367.7614294190244
839.196,377.7815585345256
839.315,390.9583976067367
839.433,386.25125399496517
839.551,381.741512980596
839.669,369.6447589792141
839.787,361.98350281332995
839.905,352.4841514093506
840.023,350.35276537333675
840.142,353.2906434065869
840.26,351.09085910217493
840.378,347.33176743845536
840.496,342.8982169002768
840.614,340.08371398114576
840.732,342.61553140833496
840.85,339.1629332511087
840.968,344.45319223673965
841.087,340.2932347721543
841.205,346.1410695153612
841.323,346.9213717910359
841.441,354.46357882861537
841.559,371.32959539000456
841.677,390.32115307693493
841.795,399.79496184611645
841.913,417.2280779746052
842.031,434.2360858779856
842.149,452.5384660757385
842.267,455.4278592605042
842.385,465.9795901076076
842.504,474.6533988767887
842.622,481.9124890312512
842.74,481.3282891424235
842.858,496.6956044051111
842.976,500.7174651223445
843.094,493.9038280040802
843.212,486.9810999767251
843.33,484.3804498714479
843.448,475.6525270388981
843.566,471.8458163275604
843.684,474.25728743440436
843.802,488.8332607057505
843.92,486.72784869571126
844.038,495.25187391510906
844.156,504.89105064965815
844.274,517.7466776006573
844.392,522.7183218676739
844.51,525.6804423251665
844.628,520.9620433021396
844.746,508.6903975258663
844.864,484.126976857818
844.982,463.05273367894745
845.1,431.3984039199902
845.218,406.4176672346261
845.336,381.90792622025776
845.454,354.70727611498035
845.572,325.2416909447681
845.69,302.58736118581146
845.808,274.37026086408434
845.926,253.43974062893744
846.044,231.0287009132711
846.162,222.0548906348343
846.28,216.04125351657063
846.398,209.46571163640223
846.516,198.55510482116892
846.634,188.34839410983167
846.752,168.1667916236027
846.87,145.35315450533898
846.988,121.36722301478088
847.106,94.43915585489393
847.224,89.13023253227934
847.342,82.16312050635221
847.46,84.02397167063458
847.578,85.23693953081835
847.696,84.38842162900765
847.814,89.75216776882716
847.932,97.3265094526516
848.05,94.17202221926792
848.168,109.30709365347857
848.285,119.0667015451721
848.403,130.49817090872702
848.521,148.5391640818058
848.639,159.45721353194074
848.757,176.3873841941969
848.875,189.96171070060882
848.993,197.95162162260516
849.111,202.0670736701427
849.229,208.45611879127324
849.347,213.93001239725226
849.465,228.77533457466006
849.582,226.5713061027173
849.7,235.7768014402984
849.818,244.58662578220844
849.936,247.93324666091502
850.054,251.6071402668942
850.172,252.5909905828299
850.29,256.0934556173803
850.408,249.8790375350477
850.525,247.8914592795549
850.643,259.1030152231964
850.761,270.2366490889159
850.879,272.2966898810424
850.997,280.84157915801745
851.115,276.49642514494917
851.233,274.824864205474
851.35,270.9165067292021
851.468,282.0566341014149
851.586,308.92403420090034
851.704,345.57498408393565
851.822,390.68307682411364
851.94,438.1859747590969
852.057,487.2429852481927
852.175,532.9571385944314
852.293,568.943153412532
852.411,605.3499474514117
852.529,646.572758806309
852.647,681.0085571741931
852.764,718.7136196113415
852.882,746.0117556415634
853.0,767.9765583384517
853.118,760.6617073556865
853.236,749.7468563729216
853.353,726.9229144810658
853.471,708.8331717234094
853.589,682.160744983069
853.707,655.025980580391
853.824,634.4055018919989
853.942,611.0153262339096
854.06,571.716925467595
854.178,545.6289143116702
854.296,510.94090315574545
854.413,481.63297857990744
854.531,436.58912326813874
854.649,387.3461337572361
854.767,342.253793596983
854.884,301.74154001681643
855.002,256.40071500807863
855.12,216.85036618981695
855.238,176.4506667222047
855.355,144.85529625892138
855.473,115.95516389087616
855.591,87.82299689079628
855.708,69.05706365695009
855.826,56.59685362976173
855.944,44.17618821004683
856.062,32.5249232731251
856.179,22.126654826126007
856.297,13.705158021852828
856.415,5.413840210783301
856.532,-7.403815223255976
856.65,-18.327250938905905
856.768,-22.3658888557255
856.886,-30.448417389693176
857.003,-31.018719184900462
857.121,-30.75173265807004
857.239,-31.642768799701155
857.356,-31.311691534784906
857.474,-33.879438570128514
857.592,-29.05328405460563
857.709,-22.764659517360755
857.827,-21.51861829255744
857.945,-14.585755291462654
858.062,-9.421032319758401
858.18,0.9909639038109956
858.298,4.627429622750448
858.415,3.160337856922506
858.533,5.0194497001651
858.651,-0.15625485567657216
858.768,-6.33285045038545
858.886,-9.44105078778853
859.003,-12.445881896715612
859.121,-10.864520898901382
859.239,-15.507510898691663
859.356,-17.994007825228874
859.474,-16.926389985699675
859.592,-15.907953645589384
859.709,-10.868505062022699
859.827,-1.5321661523138785
859.944,-7.974901314850242
860.062,-8.375919744424031
860.18,-11.137163743623002
860.297,-6.871559941013549
860.415,-7.139411047378338
860.532,-13.75310500301132
860.65,1.0094397484490174
860.768,14.273621280566353
860.885,22.531723899420754
861.003,38.545097508567444
861.12,53.11382277146349
861.238,69.26091614926972
861.356,73.69796947700775
861.473,73.41628626072601
861.591,80.48958139942278
861.708,79.40530078054387
861.826,73.54006778071258
861.943,64.0384711445175
862.061,57.61999139143937
862.178,48.65692289377244
862.296,44.707707209958386
862.414,43.83727940493227
862.531,44.49239272544729
862.649,49.24620734466364
862.766,51.266688630546646
862.884,50.92526515452475
863.001,52.08687198153318
863.119,43.713413873476654
863.236,42.9027263281908
863.354,48.53965783052407
863.471,59.2268057830738
863.589,71.35724377891364
863.706,84.2088938959657
863.824,91.00599855847227
863.941,94.48881750669318
864.059,92.84782693110441
864.176,91.35315670183581
864.294,91.36065097473156
864.411,86.81663009611202
864.529,74.12542307030634
864.646,75.96322037350495
864.764,89.59495707064295
864.881,98.71154225262927
864.999,117.36059496708303
865.116,131.3377862096752
865.233,145.43792117521102
865.351,156.88264488533562
865.468,159.26329933139104
865.586,174.7452524787452
865.703,191.01162121051482
865.821,192.02777349206792
865.938,191.356479886175
866.056,179.78215597725185
866.173,180.65718271767935
866.29,183.83956876546608
866.408,185.5319115232095
866.525,188.35066120735968
866.643,194.63954076163992
866.76,187.02106100856088
866.878,178.38266783556833
866.995,164.94600626430773
867.112,163.0946260783286
867.23,165.15753160663513
867.347,172.62216873667344
867.465,175.9647279446337
867.582,182.98001442532137
867.699,185.03426194496996
867.817,192.37768695379617
867.934,198.82847126998183
868.051,211.6844503913624
868.169,226.21055938287293
868.286,234.0128588505741
868.404,238.790050093167
868.521,253.80793397645266
868.638,279.37906461298513
868.756,298.48093118025383
868.873,322.62089298561773
868.99,353.3236253537523
869.108,374.07570837123774
869.225,389.0935922545242
869.342,410.76255838889284
869.46,446.7856370773741
869.577,483.66239541953496
869.694,502.70452172706376
869.812,518.779548467493
869.929,536.2182115715584
870.046,541.622242640992
870.164,541.376057260209
870.281,531.5333350828892
870.398,522.4810890960456
870.516,515.0565487369076
870.633,500.8510559968174
870.75,478.3356065467708
870.867,459.1396376162046
870.985,450.4735388155086
871.102,432.78839239576484
871.219,410.71103818381323
871.337,390.7020822402597
871.454,385.80394880752857
871.571,369.8403203173449
871.688,345.7301374945042
871.806,322.89777727176374
871.923,307.9885634150521
872.04,282.1306344525079
872.157,254.23221549235618
872.275,231.0223108636012
872.392,215.92949199481438
872.509,194.9243216565586
872.626,181.67831863793333
872.744,172.23963256263914
872.861,162.21422640263552
872.978,146.51262976644142
873.095,129.2690417882561
873.213,114.04623303085012
873.33,96.17667102669091
873.447,76.28113499655794
873.564,67.13624831707457
873.681,58.799153845383515
873.799,48.34863946027248
873.916,37.786436763473034
874.033,28.32972012140832
874.15,26.009605849780144
874.267,22.047833179048453
874.385,17.88380097162841
874.502,14.696735890388899
874.619,6.723090375273911
874.736,1.4936423489394048
874.853,1.7928064450985826
874.97,-0.22122554277453566
875.088,6.475764859465368
875.205,10.96246973552317
875.322,15.847577124332254
875.439,5.954504817484542
875.556,-1.1694841352103542
875.673,-0.6052430857191613
875.791,-1.500475352866034
875.908,-2.3858885391259355
876.025,-3.105879240037128
876.142,-1.649433199532858
876.259,1.537556058613072
876.376,-2.281066229008887
876.493,-6.6994645904948475
876.61,-4.126235110025615
876.728,1.186581257469713
876.845,4.918526372861909
876.962,8.17441195829121
877.079,12.031459430111507
877.196,21.69488462425692
877.313,23.731587555059527
877.43,23.59671077155066
877.547,15.980748969524768
877.664,12.110550259655302
877.781,6.212415291217896
877.898,3.7620111553530426
878.016,0.6522660746048321
878.133,8.145397953035435
878.25,1.380666188480943
878.367,0.89149735456895
878.484,-10.719186523203142
878.601,-15.368847793728293
878.718,-11.907707911479637
878.835,-11.290006420362669
878.952,-5.3351521469378405
879.069,6.080071023690667
879.186,2.7984449416950006
879.303,4.380160157739359
879.42,-0.9234319518804712
879.537,-1.24526426415254
879.654,-6.131689325502056
879.771,-14.258105253702647
879.888,-18.091948919888086
880.005,-22.16461779545869
880.122,-26.027397688935082
880.239,-29.680288600317294
880.356,-33.12329052960532
