wavelength_nm,intensity
792.446,0.227817840755444
792.565,0.24380111797666668
792.684,0.2514312016905018
792.803,0.2507080918969494
792.922,0.2416317885960092
793.041,0.2126791471319992
793.16,0.177637028847415
793.279,0.15327247457172688
793.398,0.13573022813800012
793.518,0.14311171429900182
793.637,0.14093316221501417
793.756,0.1611242355151608
793.875,0.18477589974963554
793.994,0.2113696894339198
794.113,0.2321913962320628
794.232,0.24542472919990088
794.351,0.24656468856650315
794.47,0.23240243827223553
794.589,0.2037705142393542
794.708,0.1803730975020954
794.827,0.1603739561361216
794.946,0.1533239887705093
795.066,0.15141713254138958
795.185,0.158238609509177
795.304,0.1640480817331441
795.423,0.16063485062672866
795.542,0.1681550927747731
795.661,0.16178145698672225
795.78,0.16736742405790803
795.899,0.1726418133138781
796.018,0.15950569262438719
796.137,0.14990577241905023
796.256,0.14238386852265802
796.375,0.13788302312259654
796.494,0.13180170045496767
796.613,0.11932773495248382
796.732,0.11916476308934235
796.851,0.11464983242468901
796.97,0.10464942999954734
797.089,0.10195755692952338
797.208,0.11160991246579809
797.327,0.12427013557081688
797.446,0.13619155694643742
797.565,0.1492570920595297
797.684,0.15716954554604248
797.803,0.16878686697401257
797.922,0.17863525728573187
798.041,0.17035812749364088
798.16,0.1679270283891689
798.279,0.15511664910423392
798.398,0.14404861296198462
798.517,0.13309357570738684
798.636,0.12755085282162792
798.755,0.12733901863566482
798.874,0.1339204116955765
798.993,0.12731416986721497
799.112,0.13233933559939617
799.231,0.13189485664473866
799.35,0.12972797552756904
799.469,0.12657733938849186
799.588,0.12761181646339112
799.707,0.12761434781429626
799.826,0.13296272360012792
799.945,0.1358450648377995
800.064,0.14882917428184872
800.183,0.15917858172043442
800.302,0.15443931416084444
800.421,0.14566781423527708
800.54,0.1395783761430858
800.659,0.14377100595301007
800.778,0.1458299508843378
800.897,0.1586163122749961
801.016,0.1710877723537432
801.135,0.17674190983557253
801.254,0.1801693045313277
801.373,0.17897870056850052
801.492,0.1732988834440467
801.611,0.18600880441070639
801.729,0.18911465080115972
801.848,0.20088900744799887
801.967,0.211004108369543
802.086,0.21857756519310154
802.205,0.2159645046445437
802.324,0.19928723695423928
802.443,0.1686028898411535
802.562,0.1407603346356672
802.681,0.1141103625933
802.8,0.10054317760776198
802.919,0.09550681543257175
803.038,0.09587633403725276
803.157,0.08879146442107201
803.276,0.07933385589987024
803.394,0.06447012637425212
803.513,0.04854988625367392
803.632,0.03631728335164993
803.751,0.034629232820262805
803.87,0.02895007727635656
803.989,0.03049551343445366
804.108,0.032670777585185315
804.227,0.029608584453249813
804.346,0.028676760323083174
804.465,0.03396626580640345
804.583,0.03644387657697454
804.702,0.053306111369244014
804.821,0.06431740419014195
804.94,0.07099562226733677
805.059,0.07269060991712184
805.178,0.07670429047475376
805.297,0.07717159629677119
805.416,0.08902328580711624
805.535,0.09155824926622633
805.653,0.09679463910012859
805.772,0.09507537811159991
805.891,0.08137395126225375
806.01,0.07185701784287801
806.129,0.08156978402832163
806.248,0.09572234467957519
806.367,0.12220828551941079
806.485,0.1366815208495395
806.604,0.1648527268831687
806.723,0.19091557280877275
806.842,0.2131632114872985
806.961,0.23253270202740584
807.08,0.2554417165483628
807.198,0.26752942582833755
807.317,0.27201463641705104
807.436,0.2570806558131786
807.555,0.2491692237271794
807.674,0.24093873595839918
807.793,0.23031200707206728
807.912,0.22343335158423594
808.03,0.23020263527702312
808.149,0.23845586024441054
808.268,0.26032628204798164
808.387,0.2798021244823487
808.506,0.31530386798305976
808.624,0.3416626720740834
808.743,0.3574859916399495
808.862,0.3659926332303788
808.981,0.3709639052108282
809.1,0.35689818811868973
809.219,0.3348328144801616
809.337,0.3100654380280835
809.456,0.2902899536128466
809.575,0.261374022410444
809.694,0.23964099844147901
809.812,0.22856642837541
809.931,0.23254729834055998
810.05,0.23711975071753272
810.169,0.24545107785726655
810.288,0.25916896226644826
810.406,0.265099063043587
810.525,0.27021075275942613
810.644,0.2657191987732327
810.763,0.27134104523185154
810.882,0.2762483399009092
811.0,0.2837936600721258
811.119,0.2854738394497235
811.238,0.290574727801302
811.357,0.29187104331055425
811.475,0.29747211791482575
811.594,0.2957922421331385
811.713,0.3064898989201636
811.832,0.31560141690919763
811.95,0.32698371401552295
812.069,0.33063472693363105
812.188,0.33872011531788804
812.307,0.34361743949685886
812.425,0.3519495975107667
812.544,0.34897688151447803
812.663,0.34821179819826364
812.782,0.3453470958445831
812.9,0.3491169237695606
813.019,0.35670378764947297
813.138,0.37057039853578466
813.257,0.39200959664309687
813.375,0.41469261338874985
813.494,0.42669723525133296
813.613,0.4348682036755026
813.731,0.4326490905549485
813.85,0.4289634845174459
813.969,0.4281277768964489
814.088,0.43064630831551987
814.206,0.4369577803384824
814.325,0.44757650407898597
814.444,0.45126822983161585
814.562,0.451920617856089
814.681,0.4442767272540873
814.8,0.4402197204608477
814.918,0.4319692917118926
815.037,0.42244928722520564
815.156,0.41672970120997543
815.274,0.4160510288078471
815.393,0.40837888848393245
815.512,0.40631597970807287
815.631,0.4005822688318862
815.749,0.4081666400892763
815.868,0.40711324343471533
815.987,0.4095063128535261
816.105,0.4119974254248581
816.224,0.4108617722270802
816.343,0.41104554721746883
816.461,0.40749205017361756
816.58,0.3984356734759714
816.698,0.3938743260591693
816.817,0.38801598405689625
816.936,0.3761770097508311
817.055,0.36480498673050255
817.173,0.34959764852341313
817.292,0.34333134730175136
817.41,0.33120655227986184
817.529,0.3254886280129795
817.648,0.3223464136852129
817.766,0.3258329135168869
817.885,0.319384650851139
818.004,0.3189660420654439
818.122,0.31556210237289606
818.241,0.3247558769051464
818.359,0.32838030184968925
818.478,0.3341400734211766
818.597,0.35257815401233134
818.715,0.3683062836509894
818.834,0.3629604673023068
818.953,0.3674657707482375
819.071,0.3924253354428192
819.19,0.4678273743284688
819.308,0.5866580082318447
819.427,0.7299483657194972
819.546,0.865888427311946
819.664,0.9440524493179148
819.783,0.9281145533148049
819.901,0.8444542229893579
820.02,0.7205201969321917
820.138,0.5929993226752315
820.257,0.49694971107551933
820.376,0.41914057542778294
820.494,0.36492612844801303
820.613,0.3300233316301229
820.731,0.2969970658893948
820.85,0.26750035363942914
820.969,0.2580767305569152
821.087,0.2569327686173979
821.206,0.2720191027910062
821.324,0.28904137378982087
821.443,0.32609352849904394
821.561,0.35600265793517694
821.68,0.37252557355547256
821.798,0.3722066696706461
821.917,0.35898512073919675
822.035,0.3299686537617498
822.154,0.3025557739399458
822.273,0.2800641618502009
822.391,0.27443846461662136
822.51,0.267650374413744
822.628,0.25948968007557016
822.747,0.2616235167521208
822.865,0.25915597225356696
822.984,0.26023709135177586
823.102,0.26175940463633
823.221,0.2619365326333265
823.339,0.2672002723229897
823.458,0.26597405384025474
823.576,0.2590123109350303
823.695,0.25672423525804033
823.813,0.2519767720262814
823.932,0.25709261611298845
824.05,0.25582402304738383
824.169,0.2559114166335977
824.287,0.25927494708753235
824.406,0.2508716374905772
824.524,0.25149162142226694
824.643,0.24224497453879512
824.761,0.23665001964965016
824.88,0.23912119124080736
824.998,0.23511071340130574
825.117,0.2414122149341807
825.235,0.24723513294288452
825.354,0.2522172062875932
825.472,0.26607550843216465
825.591,0.2714397838968712
825.709,0.2745906105622856
825.828,0.2726664577734681
825.946,0.25668723745881716
826.064,0.2523676744266221
826.183,0.2441255544194058
826.301,0.24159569435780937
826.42,0.23993077431125137
826.538,0.2462904370363001
826.657,0.25495162122307496
826.775,0.26009903852839145
826.894,0.2574869219235778
827.012,0.25530104376997914
827.13,0.25322317925898846
827.249,0.24174397347022483
827.367,0.228208354101038
827.486,0.22346670698849708
827.604,0.22419304281444696
827.723,0.22446489046726908
827.841,0.22262216334749438
827.959,0.22802382815002648
828.078,0.23651385225697594
828.196,0.24236335823924457
828.315,0.25354458379548306
828.433,0.2699046480776921
828.552,0.2928527136848203
828.67,0.3113331688588433
828.788,0.3089586822677669
828.907,0.2982388954739551
829.025,0.2729056937094434
829.143,0.2382155441743521
829.262,0.19982659545285725
829.38,0.16900246373799882
829.499,0.14647848623622145
829.617,0.12963617602424737
829.735,0.12152695529093174
829.854,0.11172086025074476
829.972,0.11709078739002295
830.091,0.12110912676580829
830.209,0.1313043185936854
830.327,0.14969491261792822
830.446,0.17015823463403967
830.564,0.19219411571731038
830.682,0.2283558170203776
830.801,0.253612579221941
830.919,0.2802319750687141
831.037,0.29999250460987376
831.156,0.30989221945508927
831.274,0.3036206302535267
831.392,0.2920048583653858
831.511,0.26832894784296574
831.629,0.24020702961596213
831.747,0.2109077626845306
831.866,0.19110954193174082
831.984,0.18607180087843264
832.102,0.18391968583110802
832.221,0.1821946401091722
832.339,0.1869296410893737
832.457,0.19704289059728392
832.576,0.18860078128671265
832.694,0.18236759699962135
832.812,0.17823276530075036
832.93,0.1757849637719373
833.049,0.16679458847838224
833.167,0.15861784927024858
833.285,0.15752323458509784
833.404,0.16377190546417858
833.522,0.16084956625857416
833.64,0.1648355039550154
833.759,0.16995245004180612
833.877,0.17704174608959658
833.995,0.1712410781951615
834.113,0.18287547396601922
834.232,0.1924617648981931
834.35,0.20535825853921802
834.468,0.22602093308376411
834.586,0.24971962185977137
834.705,0.2713394634526598
834.823,0.2818779361881329
834.941,0.27861309627246666
835.059,0.27669593426687966
835.178,0.254624257424798
835.296,0.22890088858838914
835.414,0.21118548504010876
835.532,0.20400058077194277
835.651,0.2034618390208697
835.769,0.21439830048564484
835.887,0.22844638573170675
836.005,0.2485831169241689
836.124,0.2678482611082012
836.242,0.2827953522104317
836.36,0.3005566141396897
836.478,0.32246559994509805
836.596,0.32728932011242917
836.715,0.34131081738492547
836.833,0.3368694596390046
836.951,0.34102432609633926
837.069,0.3510675978241622
837.188,0.3656482734156985
837.306,0.38797768155310397
837.424,0.4051216039711476
837.542,0.4123124846599433
837.66,0.4292146226933798
837.779,0.42974937037499583
837.897,0.43622320665170866
838.015,0.44040881545347776
838.133,0.4474592784068828
838.251,0.44777218268406516
838.369,0.44160676102728436
838.487,0.44494404729749326
838.606,0.44925594897369686
838.724,0.4493578112107068
838.842,0.45615984278611355
838.96,0.4455907880076188
839.078,0.43981920070927094
839.196,0.430388443549031
839.315,0.42553912658372156
839.433,0.4284908872372376
839.551,0.42806182087712064
839.669,0.4323213774803685
839.787,0.4385933113328224
839.905,0.4300673761479689
840.023,0.4264751718077834
840.142,0.4291411117454754
840.26,0.415893318630301
840.378,0.4091861670121329
840.496,0.3959981968374796
840.614,0.3920669958343391
840.732,0.38428136953843783
840.85,0.3817202800480721
840.968,0.38170748164908336
841.087,0.388145590336319
841.205,0.38284427782040387
841.323,0.3872617005166946
841.441,0.3829358342809478
841.559,0.3842258465866475
841.677,0.3896984794838018
841.795,0.3965287607811223
841.913,0.404761557684
842.031,0.42227189561273837
842.149,0.4390377702816547
842.267,0.45565325672509377
842.385,0.4663396250635229
842.504,0.469130196127301
842.622,0.48196769770197884
842.74,0.4819773329056858
842.858,0.4832474042312117
842.976,0.4934244467010351
843.094,0.4969279078060266
843.212,0.5038238281630857
843.33,0.5029186709013195
843.448,0.4888499741023231
843.566,0.4922886270217492
843.684,0.48547761613184187
843.802,0.4801679948741866
843.92,0.48597879356012064
844.038,0.4975716456222827
844.156,0.5116346866034742
844.274,0.5182248452645339
844.392,0.5222633893375213
844.51,0.5316893215541303
844.628,0.5270560318740364
844.746,0.5220928851469008
844.864,0.5234402277705992
844.982,0.5205409724914523
845.1,0.5097683535403498
845.218,0.49588660343048224
845.336,0.46791655082782485
845.454,0.43612032265431944
845.572,0.3982919479782395
845.69,0.3640712289652694
845.808,0.3348764678302708
845.926,0.31600781092860486
846.044,0.2981744232476288
846.162,0.28999413171911964
846.28,0.2758672737279486
846.398,0.2665270818526635
846.516,0.25269102982236047
846.634,0.23331304705208888
846.752,0.2145590507864223
846.87,0.19535721334101896
846.988,0.1787651516758616
847.106,0.1662808809473451
847.224,0.1557962813834763
847.342,0.15335380762445328
847.46,0.14750181714562166
847.578,0.13765694238273768
847.696,0.12708804423003947
847.814,0.12621426707550285
847.932,0.12773352117394682
848.05,0.11841694163971729
848.168,0.12542856930107388
848.285,0.1384700380169203
848.403,0.14461917976794353
848.521,0.15106085727166224
848.639,0.15887739837175396
848.757,0.18125149565158347
848.875,0.18593199729291326
848.993,0.19642695640325353
849.111,0.21981459007012955
849.229,0.2275360911879637
849.347,0.2365039035666603
849.465,0.24479704611614334
849.582,0.2523191374322393
849.7,0.2562668080521817
849.818,0.26023940489734115
849.936,0.2738127528220115
850.054,0.2853562751398238
850.172,0.28351690713849453
850.29,0.2919213868272812
850.408,0.2963983242960033
850.525,0.2995757745567328
850.643,0.2980064406619239
850.761,0.3049618757914146
850.879,0.3101367475662197
850.997,0.3204588848483868
851.115,0.32770595681291925
851.233,0.3354108404472753
851.35,0.3357425466623687
851.468,0.33796947686814705
851.586,0.3384324612027181
851.704,0.34313290382422157
851.822,0.35727789318054104
851.94,0.38717293337746694
852.057,0.4209531412115882
852.175,0.4604281606336772
852.293,0.5114739338016138
852.411,0.5646691784574512
852.529,0.6147976665373929
852.647,0.6594830979040611
852.764,0.7082481214646192
852.882,0.7474339966741881
853.0,0.7696933032128963
853.118,0.7908716424513496
853.236,0.8053739077024498
853.353,0.8130330932572405
853.471,0.8109137206593044
853.589,0.8033105785135732
853.707,0.799832726641297
853.824,0.7839108722663959
853.942,0.7588867913163286
854.06,0.7377246135265874
854.178,0.6952829172688798
854.296,0.6646047375653664
854.413,0.6268807448671102
854.531,0.5907079942515407
854.649,0.5537018768395412
854.767,0.516201389294066
854.884,0.477420524646598
855.002,0.4304946004723065
855.12,0.3749400480019768
855.238,0.3341276959993028
855.355,0.28850042815883
855.473,0.2560308837363695
855.591,0.22673860215493455
855.708,0.20031449822183117
855.826,0.1715800959635405
855.944,0.13668476656849368
856.062,0.10392410429283495
856.179,0.07521856712360442
856.297,0.059257037826778124
856.415,0.04976359250585455
856.532,0.04660651462908981
856.65,0.03860919031808521
856.768,0.035423622391521345
856.886,0.031745146540731156
857.003,0.031747891550682326
857.121,0.027163532816914616
857.239,0.03368791613697541
857.356,0.031116940597523377
857.474,0.025453785659422613
857.592,0.020467106993153957
857.709,0.019998529898938057
857.827,0.02373686844549128
857.945,0.032188187167434004
858.062,0.03887098884977688
858.18,0.052907273513493155
858.298,0.06100800968746299
858.415,0.0671410922242878
858.533,0.0797127348587599
858.651,0.08736008524423122
858.768,0.09014164041800864
858.886,0.09635672498377162
859.003,0.10282658857357746
859.121,0.09901601813312488
859.239,0.0965331633991813
859.356,0.09448718082028884
859.474,0.08882032206029136
859.592,0.08181974896435672
859.709,0.07501874635812515
859.827,0.07113395778674302
859.944,0.06974470010146178
860.062,0.060691092014495705
860.18,0.060943239871259325
860.297,0.056824598526985896
860.415,0.05587796371268022
860.532,0.04974872808784779
860.65,0.046681516766690224
860.768,0.05131864117398316
860.885,0.06672956835637509
861.003,0.07604691620646983
861.12,0.08457742016735106
861.238,0.09362635908497913
861.356,0.09865879688430956
861.473,0.0944402668133256
861.591,0.0928807943902416
861.708,0.09373667319070914
861.826,0.10462120327025036
861.943,0.10477996826285926
862.061,0.10159668728725066
862.178,0.09998951833690542
862.296,0.08864416564115864
862.414,0.0812828564162298
862.531,0.07482913651639381
862.649,0.07573827300513573
862.766,0.08394067084120213
862.884,0.08762403966947307
863.001,0.09349144140174899
863.119,0.09484432861314417
863.236,0.09391655450973127
863.354,0.09090185203568513
863.471,0.08661898793421544
863.589,0.09224547044811497
863.706,0.09251065428979391
863.824,0.10218941686470129
863.941,0.10951624692845496
864.059,0.12115375653027838
864.176,0.13935111909808723
864.294,0.1492998262599522
864.411,0.15538081414227375
864.529,0.15376126018081274
864.646,0.1450493642708699
864.764,0.13970417051360368
864.881,0.13154397505513615
864.999,0.12881271144898568
865.116,0.1389525196708492
865.233,0.15175527962008917
865.351,0.1657129546710618
865.468,0.18216242136958555
865.586,0.2073717944836248
865.703,0.22528276885405318
865.821,0.23813538125372755
865.938,0.24856682631063298
866.056,0.25515049306816884
866.173,0.24677759382118075
866.29,0.23706366365750448
866.408,0.23725790801768498
866.525,0.2384508631349031
866.643,0.24119339858646005
866.76,0.24493630654340276
866.878,0.24893678549425702
866.995,0.24892081868843846
867.112,0.24251542948526483
867.23,0.2332185981568901
867.347,0.22923853066735494
867.465,0.22549775493990534
867.582,0.22989289912336625
867.699,0.23465861318839026
867.817,0.23843143261559369
867.934,0.24598223691155824
868.051,0.25032171252536684
868.169,0.25310246818892346
868.286,0.2557943203158718
868.404,0.26277597580270895
868.521,0.2714376588691889
868.638,0.28594288000076623
868.756,0.298430738638094
868.873,0.31008273785647
868.99,0.33102806471001056
869.108,0.3556624728957043
869.225,0.3778890077254118
869.342,0.41025470009932274
869.46,0.4472599938603383
869.577,0.4850479710931756
869.694,0.5175773456793469
869.812,0.5444750551147676
869.929,0.5710487236223639
870.046,0.5918062729126019
870.164,0.5966052219445827
870.281,0.603002772887163
870.398,0.6003471188308382
870.516,0.5955910148628731
870.633,0.5915486318102954
870.75,0.5818671057394015
870.867,0.5723301517747676
870.985,0.5659687989028115
871.102,0.5481654777819636
871.219,0.5353964232808263
871.337,0.5161939100511168
871.454,0.5055884518988369
871.571,0.492418916045876
871.688,0.47146408918339383
871.806,0.4408611514134881
871.923,0.4149966890573814
872.04,0.38851488719006105
872.157,0.35933939125092973
872.275,0.33483174642081537
872.392,0.32328407695532324
872.509,0.311418182681224
872.626,0.2982876979144361
872.744,0.2829869698053996
872.861,0.2706607712389551
872.978,0.25657810466886843
873.095,0.2295554037143333
873.213,0.20600824942925672
873.33,0.18635374064894075
873.447,0.16838922993835423
873.564,0.15433065871931068
873.681,0.14069998769983
873.799,0.1312535990201517
873.916,0.11500555855309866
874.033,0.09849947037585871
874.15,0.09046198553210213
874.267,0.08183436193407043
874.385,0.07759675758497753
874.502,0.07639549678959881
874.619,0.07237037661744208
874.736,0.07221872632095544
874.853,0.06338052122440066
874.97,0.05762253998793697
875.088,0.062066715325932074
875.205,0.06355202585963624
875.322,0.06322962532541138
875.439,0.062067636116819674
875.556,0.06226531776400121
875.673,0.06200441407828275
875.791,0.05925979385582651
875.908,0.05549997867521171
876.025,0.061187286591057134
876.142,0.056719349092980785
876.259,0.05087103261653501
876.376,0.04565942671488386
876.493,0.04271029374212852
876.61,0.049112711398831166
876.728,0.05454931049940845
876.845,0.06282088625826511
876.962,0.07009562662186831
877.079,0.06643912370200075
877.196,0.06577781487093222
877.313,0.05839715846855708
877.43,0.048594935022216665
877.547,0.04774515039919279
877.664,0.04685250249103037
877.781,0.045450305095228155
877.898,0.04755592160885318
878.016,0.050956665551421455
878.133,0.05979845146746408
878.25,0.061059436320219734
878.367,0.06077157049668278
878.484,0.06113089221930222
878.601,0.0626923469309688
878.718,0.05762525670283008
878.835,0.047377621739618986
878.952,0.044000178570384546
879.069,0.04051101886672013
879.186,0.03106925466956263
879.303,0.02899551282484252
879.42,0.029944808180859112
879.537,0.040070564184445226
879.654,0.048508829725061126
879.771,0.05255741233375873
879.888,0.05814520647250894
880.005,0.05616880751913221
880.122,0.04957581609637506
880.239,0.03836623220423756
880.356,0.02254005584271969
