wavelength_nm,intensity
792.446,199.6719619005825
792.565,223.88347705209776
792.684,235.92789263651343
792.803,235.80520865382954
792.922,223.5154251040457
793.041,179.9985419871627
793.16,139.21672380534454
793.279,111.64096622958705
793.398,89.88598787460865
793.518,81.8504900391108
793.637,89.78642077504152
793.756,114.29551168413244
793.875,148.2461610347817
793.994,182.67126925988975
794.113,210.64183203045252
794.232,222.05828224690276
794.351,217.0444294330499
794.47,192.61499220361276
794.589,166.0470268356475
794.708,141.95178874040946
794.827,127.10070648932718
794.946,119.89810908672979
795.066,117.88685367547441
795.185,117.9656415542623
795.304,125.34486233348306
795.423,117.58209177071254
795.542,116.2885852772061
795.661,109.60113938976016
795.78,115.29984068846142
795.899,114.65308744170815
796.018,116.9890181776388
796.137,117.38382337244397
796.256,108.56564155426221
796.375,96.21066319928394
796.494,87.43490562352642
796.613,75.82411019618381
796.732,66.82694015957617
796.851,52.43398799554737
796.97,45.676766571252294
797.089,39.051669194889726
797.208,41.95979645552933
797.327,53.45414237029776
797.446,65.72704027182445
797.565,87.24089873897779
797.684,101.24079427574895
797.803,116.29443704001345
797.922,130.4770841332824
798.041,129.7168740836943
798.16,136.27701035445273
798.279,121.27524186330649
798.398,111.58862488731171
798.517,100.02581743512638
798.636,88.37123509116604
798.755,90.34262677317962
798.874,92.67419161536606
798.993,98.48541013720603
799.112,111.09836026077754
799.231,111.54767402071278
799.35,116.10261548627584
799.469,111.5233578176399
799.588,114.38739019229406
799.707,122.67133598686178
799.826,127.71372333987101
799.945,127.31195484872441
800.064,127.65304350043505
800.183,123.9750845330981
800.302,116.27461474325032
800.421,115.52998910924669
800.54,121.06328555316502
800.659,129.8814304819319
800.778,142.19308190420537
800.897,150.76447358621914
801.016,168.80772674009444
801.135,181.023274266264
801.254,185.18167893529073
801.373,191.5357545999885
801.492,184.17814195299803
801.611,176.83351631899467
801.729,172.43001622611686
801.848,174.85422176094465
801.967,184.35808097542622
802.086,192.6870484150159
802.205,193.67921931780913
802.324,192.9259356751478
802.443,165.28347454330907
802.562,135.93971471017167
802.681,104.5950890761685
802.8,75.85723096780187
802.919,50.91206756885348
803.038,33.12457571872081
803.157,16.410617393569765
803.276,12.96393470711449
803.394,-0.057720796169606015
803.513,-11.013091762864061
803.632,-19.008818367265842
803.751,-31.146201413857476
803.87,-39.42529566401958
803.989,-47.96644954646653
804.108,-47.166432051100585
804.227,-36.88085584962224
804.346,-30.534735762479247
804.465,-22.634767011127025
804.583,-20.0497212485375
804.702,-11.588676668156584
804.821,-3.649449951117758
804.94,-4.862504521780299
805.059,5.761529257680901
805.178,7.006995220222175
805.297,4.904571245509034
805.416,14.642231598480633
805.535,15.1074392234401
805.653,24.481718533984534
805.772,31.94243866153468
805.891,28.05918035288171
806.01,36.091284635266405
806.129,42.92495767203921
806.248,63.68107780527677
806.367,91.68855538182106
806.485,123.76106060454941
806.604,160.84417304723212
806.723,200.73868367165602
806.842,230.59921390658462
806.961,262.56710344887256
807.08,288.10728736345493
807.198,306.87344530401134
807.317,305.7452309501954
807.436,298.63260101196397
807.555,281.9329580867194
807.674,261.67487360303335
807.793,243.1128930154511
807.912,231.55350983046634
808.03,239.43308768444268
808.149,253.22868285443624
808.268,281.1558797560315
808.387,317.0449814195318
808.506,361.25442940337837
808.624,397.5746998980476
808.743,416.72094441869103
808.862,427.7909984631441
808.981,429.47057631712084
809.1,409.5302407511841
809.219,376.48254587788807
809.337,344.1127730825141
809.456,316.3343422784818
809.575,289.7654352839734
809.694,261.9125456054822
809.812,248.4025130698481
809.931,253.45351949525292
810.05,257.2335302496622
810.169,267.6083461988766
810.288,292.6316469965759
810.406,313.2809218202492
810.525,323.6825775963035
810.644,328.76388705201157
810.763,333.2001748626981
810.882,339.25377869070064
811.0,337.07621368753456
811.119,335.9808997666195
811.238,340.2371009972196
811.357,335.9149472494646
811.475,331.8759103848266
811.594,343.66284754616277
811.713,357.5320357897501
811.832,375.5051201372336
811.95,395.23664604315854
812.069,405.9092974902091
812.188,412.40792296323343
812.307,410.79053112024053
812.425,415.4250873291959
812.544,416.8899465684542
812.663,416.3911694440761
812.782,417.7564615837673
812.9,426.8992429009477
813.019,441.9666995428034
813.138,458.6609960114988
813.257,477.33711066201244
813.375,497.73616903546997
813.494,504.20275987646
813.613,513.4814719295714
813.731,518.067543290042
813.85,529.9921427890406
813.969,529.1660929373897
814.088,535.2629868086825
814.206,542.912261632356
814.325,544.4273373218307
814.444,541.847174916067
814.562,546.8644151077065
814.681,558.9396639573545
814.8,566.9473803394703
814.918,554.0996854661748
815.037,549.1099992508882
815.156,541.4726939879828
815.274,530.8951289848176
815.393,515.0136678777562
815.512,509.0828561213443
815.631,502.74771536060325
815.749,499.8143062015939
815.868,501.27483643652397
815.987,505.3431588792462
816.105,512.3110484215356
816.224,522.9438730287602
816.343,517.7671738264609
816.461,514.2805179142047
816.58,485.6561996642861
816.698,470.30114548363144
816.817,457.1616757185611
816.936,437.54601547730033
817.055,423.2100089156933
817.173,407.06274694283104
817.292,391.71375336823724
817.41,379.6677900966739
817.529,359.6417402450242
817.648,348.05898043666457
817.766,340.31258426466877
817.885,342.13588506237005
818.004,339.09598239686795
818.122,337.2785905538767
818.241,341.94344979313644
818.359,344.778871802959
818.478,352.3095319080195
818.597,351.97265954554746
818.715,368.2613573233363
818.834,387.41531706591434
818.953,371.45104742463707
819.071,391.60361931548766
819.19,408.31093667767834
819.308,544.6205200372383
819.427,697.483659247981
819.546,884.0240264868899
819.664,1041.950046654673
819.783,1123.2762347909143
819.901,1071.1136765043464
820.02,945.7714729650938
820.138,749.1156000733631
820.257,618.3587967190524
820.376,475.5418562382904
820.494,397.3432334714113
820.613,344.9447683669043
820.731,326.4414245535087
820.85,300.05520154168505
820.969,290.72871878960166
821.087,297.2697685050506
821.206,317.86103467071575
821.324,348.6219978060778
821.443,383.5639133223924
821.561,423.4426253755035
821.68,441.58540669268393
821.798,432.7074087890852
821.917,413.6934801495555
822.035,377.569594800069
822.154,344.6197354246085
822.273,320.73654271581466
822.391,302.80659676026755
822.51,291.49656422463374
822.628,279.81510311757165
822.747,281.53537361224096
822.865,281.6842155354818
822.984,275.38630421196956
823.102,281.37237557244
823.221,292.45541662988
823.339,290.859669808532
823.458,282.8786416019025
823.576,282.46904196670164
823.695,291.92697479903325
823.813,289.2983275447847
823.932,283.21773223858827
824.05,283.7587819540369
824.169,281.34918231883614
824.287,269.9369852810379
824.406,253.8044419228931
824.524,249.40696349981332
824.643,253.88567555292383
824.761,256.39382483547155
824.88,267.5954806115258
824.998,273.7010324914762
825.117,278.9667575315998
825.235,281.05153019077113
825.354,276.35275306639267
825.472,276.25051273855104
825.591,272.5751122375494
825.709,274.92568576252165
825.828,275.09357530481
825.946,263.50648649211996
826.064,263.4423414023735
826.183,258.0465945810254
826.301,251.77985208868142
826.42,247.8620273452553
826.538,240.11822857585514
826.657,247.8947761268014
826.775,246.39599900242303
826.894,249.0496028304257
827.012,249.15775211297387
827.13,243.7005334301542
827.249,231.83465673867653
827.367,225.590425068844
827.486,220.5713016241196
827.604,219.05087947809648
827.723,220.14950495112086
827.841,225.65505683107156
827.959,220.76753511794857
828.078,221.63758916240124
828.196,229.17171247092318
828.315,245.90843318204253
828.433,273.35164739965523
828.552,296.2658572882637
828.67,311.91426631107134
828.788,317.2345368057404
828.907,308.0595692051712
829.025,285.56338948338987
829.143,254.8094675384041
829.262,213.19917528248516
829.38,170.83782219624453
829.499,135.11657808968977
829.617,103.61672043912318
829.735,87.11927888842987
829.854,82.10091810378627
829.972,89.10544499471018
830.091,104.34208665238299
830.209,123.91668761515655
830.327,139.88968818085976
830.446,167.5465181916326
830.564,204.5571861270558
830.682,240.2384630529496
830.801,265.8778303814934
830.919,292.5674141602536
831.037,308.9816732636889
831.156,307.0054561766477
831.274,283.62923908960664
831.392,258.52574927529275
831.511,230.882865521585
831.629,208.9049168328122
831.747,181.5200417371131
831.866,175.02261252885984
831.984,181.6593824548059
832.102,181.7429056275052
832.221,186.25759763137356
832.339,193.49003855299094
832.457,198.9614405135693
832.576,192.24928263315877
832.694,181.4788341994103
832.812,179.6860173070902
832.93,169.45610772258075
833.049,152.8329139651256
833.167,145.33032819946732
833.285,142.08817039169068
833.404,144.0488116858466
833.522,138.38314842992594
833.64,145.16670057530627
833.759,148.95215777205846
833.877,153.00402146101717
833.995,166.15545224954286
834.113,182.38220771339314
834.232,204.02281599109634
834.35,221.43831604369132
834.468,248.91701955948963
834.586,279.9463724259371
834.705,299.86403698069626
834.823,319.39122534497915
834.941,323.6543444451928
835.059,309.8248228527656
835.178,286.63512810016533
835.296,253.98569308782487
835.414,234.62716716639335
835.532,226.55522133154176
835.651,221.44864346205816
835.769,224.91955477006366
835.887,235.5402496278528
836.005,253.2890830137802
836.124,274.0041501659415
836.242,293.2187844176698
836.36,323.96848360446296
836.478,353.93809621116947
836.596,371.23931054947775
836.715,384.10416125142245
836.833,396.3612197455751
836.951,414.8468496682993
837.069,428.51602937457324
837.188,442.39819609383426
837.306,466.7773325100647
837.424,486.3772481470743
837.542,491.6594148663347
837.66,501.1545685985821
837.779,506.45578293689005
837.897,508.8002873184881
838.015,517.1967397520341
838.133,521.5732787656665
838.251,535.1602073896884
838.369,539.9402096067839
838.487,536.1349304385981
838.606,538.929651270412
838.724,533.1503461282001
838.842,522.5017769167241
838.96,521.93112978317
839.078,518.0366731258066
839.196,525.4062857325124
839.315,527.1083658716857
839.433,524.6312252316383
839.551,521.2562490937554
839.669,520.6812729558726
839.787,518.4283747400677
839.905,517.6663856151719
840.023,511.04032722620695
840.142,502.5744419974152
840.26,493.6375610976278
840.378,487.4192949164549
840.496,480.0633663976197
840.614,485.4407712121177
840.732,480.73073013916985
840.85,480.11506136059415
840.968,478.1729856556116
841.087,474.2343731540923
841.205,476.39099874781107
841.323,481.84459403849945
841.441,480.29559192659065
841.559,489.10676297485526
841.677,488.909276014462
841.795,495.0806202229
841.913,507.72036269973614
842.031,520.070061886529
842.149,537.9530944066549
842.267,559.7469494376035
842.385,569.9434018711493
842.504,588.7485123133531
842.622,596.8653110672452
842.74,606.9180405570681
842.858,614.1932808694019
842.976,618.3473090605235
843.094,626.1576143079224
843.212,629.6891316765333
843.33,619.4448914693867
843.448,620.6794391410281
843.566,610.8620387607214
843.684,609.7277552635315
843.802,610.2376276104975
843.92,611.0574566674203
844.038,623.0218744689319
844.156,634.9204914046425
844.274,637.7567706780158
844.392,652.6164265747658
844.51,658.3176409130745
844.628,666.4283790609068
844.746,666.3711518407737
844.864,658.1009376076536
844.982,654.4108099546199
845.1,636.7405957214996
845.218,603.5205979385958
845.336,568.1213793764713
845.454,531.603546095732
845.572,492.1645006937807
845.69,446.36181892819343
845.808,411.33229733576627
845.926,387.63697487753836
846.044,356.5494446271026
846.162,332.9640788788314
846.28,311.81767416952124
846.398,299.9076330965747
846.516,277.9525703786068
846.634,253.49274575587725
846.752,235.57404667427326
846.87,219.53933027665195
846.988,193.75050132491796
847.106,168.76426977578132
847.224,149.13388238248876
847.342,137.66366814936947
847.46,123.49042361321986
847.578,117.29639985629123
847.696,114.83484363183013
847.814,118.64428307836461
847.932,116.83467490585147
848.05,108.35147365974527
848.168,113.78169232705902
848.285,122.17554735800914
848.403,126.5520863716431
848.521,145.16325741990903
848.639,161.04022933397584
848.757,177.0946904255319
848.875,192.28075324868973
848.993,200.02092862596044
849.111,223.6078572499845
849.229,239.2718421510649
849.347,241.4752209915392
849.465,254.7565219099355
849.582,263.1235371140461
849.7,270.13903716664134
849.818,280.79176665646594
849.936,284.27479917659366
850.054,302.0167061555958
850.172,316.0806910566758
850.29,321.8589616720415
850.408,327.80866085883565
850.525,343.292559179829
850.643,354.49160901597355
850.761,363.0672822287414
850.879,364.6126524112062
850.997,376.1883256239739
851.115,376.2280681008111
851.233,380.8825291923669
851.35,376.18201192894446
851.468,381.00357258759993
851.586,381.82686484798705
851.704,392.29517875339593
851.822,418.25959655490874
851.94,456.78830007070707
852.057,501.3499040194059
852.175,567.9846681412649
852.293,638.0553629990545
852.411,707.8546292854157
852.529,770.3357137535947
852.647,828.3107376157132
852.764,882.8082723003422
852.882,925.0551576343221
853.0,959.3461988124575
853.118,990.4171101204631
853.236,1022.7356404760878
853.353,1042.1364219139637
853.471,1046.427246641883
853.589,1040.1778116295427
853.707,1019.9889826778083
853.824,990.1620584879793
853.942,943.4554806184958
854.06,896.5099417100516
854.178,847.5635370007415
854.296,807.8985175728166
854.413,762.4603379717315
854.531,722.746833695322
854.649,681.4116843972674
854.767,637.1934182160962
854.884,576.1716888314618
855.002,516.5845914814594
855.12,449.4866716206343
855.238,391.27446604552335
855.355,325.0414812496332
855.473,264.3271111723575
855.591,213.6136068959476
855.708,170.84122816066326
855.826,124.61105329714428
855.944,87.77234145853919
856.062,60.98615315917303
856.179,37.59581813102888
856.297,10.780079679635573
856.415,-6.320969489965842
856.532,-13.718882559193561
856.65,-22.38836465070709
856.768,-33.83814610901268
856.886,-43.82189111177763
857.003,-42.85194348431314
857.121,-39.690044676323176
857.239,-39.64845503009007
857.356,-35.76964920662569
857.474,-27.563612814553885
857.592,-24.554371161243047
857.709,-19.4342057905494
857.827,-14.42517789645278
857.945,-10.951869498327458
858.062,-6.693339725684904
858.18,2.7919499759125586
858.298,5.8422045619009255
858.415,11.310267154259767
858.533,22.517937221120004
858.651,38.90307006744
858.768,50.77203347317648
858.886,59.76685742950224
859.003,63.94858818056557
859.121,72.65966317129204
859.239,72.15495000069447
859.356,65.7156624166427
859.474,61.95775902408875
859.592,55.18174202013055
859.709,45.17046001491698
859.827,35.599877295453695
859.944,21.637540356233664
860.062,11.063783883630585
860.18,2.9976456490094483
860.297,-4.967901371318065
860.415,-10.281052533852836
860.532,-15.939214034389192
860.65,-13.128922723193828
860.768,-8.839177720374794
860.885,2.256618645547009
861.003,11.896077643326787
861.12,27.366536900167134
861.238,47.320601631847
861.356,58.746984918154695
861.473,60.21846142220667
861.591,58.008645322000135
861.708,56.832595455559904
861.826,55.684251216825395
861.943,50.36880741099133
862.061,51.3988095380729
862.178,52.078409573248315
862.296,40.51995694963006
862.414,30.413505615173595
862.531,26.912263884411423
862.649,26.073771562074306
862.766,28.395785843347692
862.884,33.998385297943905
863.001,39.99539844153062
863.119,43.74415251057503
863.236,45.89514665133957
863.354,41.463187919512414
863.471,43.01032483140777
863.589,44.826710128139446
863.706,49.64979549284676
863.824,57.544895866888666
863.941,65.80860107081101
864.059,83.12894896451932
864.176,100.32135618321013
864.294,106.98749259624515
864.411,117.44410519975621
864.529,123.5076442101938
864.646,125.26555551500368
864.764,118.047709244056
864.881,108.53375907700445
864.999,107.59470068484481
865.116,112.878153115196
865.233,124.17199515593683
865.351,143.12557745641794
865.468,168.7657398434793
865.586,196.47776370240211
865.703,217.71619448773168
865.821,238.67930059773656
865.938,257.8657833311182
866.056,267.2107076229413
866.173,263.88896524809775
866.29,254.8079155139469
866.408,254.99180084473107
866.525,243.04235284218194
866.643,234.99160613833402
866.76,236.4222447158713
866.878,239.2018010423264
866.995,246.84196342938748
867.112,245.68732062164338
867.23,243.81492889615043
867.347,248.72608695420723
867.465,242.61386838888774
867.582,239.82026454218305
867.699,233.49246156127924
867.817,227.684139099856
867.934,237.02386858648475
868.051,248.78177989129534
868.169,261.86176911818393
868.286,279.6361306394449
868.404,301.8459899962038
868.521,326.7883168854302
868.638,344.39471303872597
868.756,359.5734035643161
868.873,375.1538256916376
868.99,398.34550323021455
869.108,414.31466994628056
869.225,443.34357692208664
869.342,482.02789515330414
869.46,537.2438151161234
869.577,584.7982632174712
869.694,630.0219753880832
869.812,665.8517481647559
869.929,695.318750378658
870.046,716.294843501651
870.164,732.767040520748
870.281,746.8089345095419
870.398,757.6906553381627
870.516,749.5039778983854
870.633,744.5285558698635
870.75,725.8267269149346
870.867,702.1577983929062
870.985,684.7771815591893
871.102,658.0121491410569
871.219,640.3943028701107
871.337,615.0942055169133
871.454,589.9092596788676
871.571,567.4178203343281
871.688,537.978329041737
871.806,505.8349416452496
871.923,478.0880910452993
872.04,437.81137031547894
872.157,405.35456300557223
872.275,384.22849162640136
872.392,361.01237695718737
872.509,340.20232289403384
872.626,319.4598012984128
872.744,296.3493143348263
872.861,274.656143388556
872.978,243.3006347799481
873.095,221.5338707600851
873.213,199.14979072290615
873.33,174.07566739568395
873.447,144.56691203382965
873.564,113.42179303561156
873.681,90.8152021759214
873.799,73.3151048227248
873.916,56.32409837861894
874.033,48.42659842801978
874.15,38.53948808781037
874.267,42.55281064803404
874.385,27.257654924024507
874.502,10.364599378992217
874.619,-5.947659510642724
874.736,-14.354305249313043
874.853,-18.737567967966804
874.97,-18.91796139231368
875.088,-12.23359543999565
875.205,1.7832074484875
875.322,2.333966380329751
875.439,-0.06694147177299214
875.556,-8.682944251194474
875.673,-6.920421198914023
875.791,-7.514452116653223
875.908,-8.624935486438188
876.025,-2.7702430618898553
876.142,-0.3318088601280551
876.259,3.0112822277172087
876.376,-0.35249881047380516
876.493,-7.27667483967844
876.61,-6.227937916841814
876.728,-12.0799296597146
876.845,-7.733866462779421
876.962,-1.9328827035070795
877.079,-3.404906945156883
877.196,-4.0206444120386395
877.313,-5.713928508411887
877.43,-11.006520011879925
877.547,-14.989691850703732
877.664,-21.230806539999186
877.781,-19.23926766497907
877.898,-9.814564775389377
878.016,-4.880660649687804
878.133,-1.0513271533095923
878.25,0.6804747590953859
878.367,-1.7586437317937547
878.484,-16.537634945598544
878.601,-24.844697920458245
878.718,-28.411239170402283
878.835,-27.18544604601602
878.952,-26.926969629073525
879.069,-20.620843425369642
879.186,-26.009157342508065
879.303,-21.201061625229038
879.42,-21.772942594775866
879.537,-24.947824053840513
879.654,-21.835172430861505
879.771,-21.326253160728093
879.888,-19.16685144736904
880.005,-21.81156981627797
880.122,-26.460573305109815
880.239,-33.113861913864596
880.356,-41.771435642542315
