wavelength_nm,intensity
792.446,0.22323370298032308
792.565,0.22625868914171937
792.684,0.22304277281155582
792.803,0.21358595398983238
792.922,0.19788823267654887
793.041,0.1703736296128735
793.16,0.13570693347679633
793.279,0.10943427439278475
793.398,0.09258366077928551
793.518,0.08753794132483331
793.637,0.09219818523818724
793.756,0.11328022968568553
793.875,0.1321282346588282
793.994,0.15992506606905732
794.113,0.18264018304178098
794.232,0.19610405078244725
794.351,0.19168249944624746
794.47,0.17668906251168603
794.589,0.15626421511458335
794.708,0.14330238389039365
794.827,0.12780799462043804
794.946,0.12798087419750814
795.066,0.12628707318572358
795.185,0.13065596905666885
795.304,0.13240397619878866
795.423,0.12902139135843738
795.542,0.12695388361063129
795.661,0.12765118801230024
795.78,0.1249777194247631
795.899,0.12658859781416065
796.018,0.1189459967480139
796.137,0.1160980059729222
796.256,0.11425967965230284
796.375,0.1093933130835965
796.494,0.10465231026156609
796.613,0.10961894567622929
796.732,0.10754058631085625
796.851,0.10947228810930468
796.97,0.1024465346557178
797.089,0.09699421211477029
797.208,0.09391997693456326
797.327,0.0999686664317152
797.446,0.10138106891397608
797.565,0.10983637972167298
797.684,0.1181064921492656
797.803,0.13542648455942308
797.922,0.14516115677396974
798.041,0.14770521722979435
798.16,0.1452175172366414
798.279,0.13756648731554777
798.398,0.12503009115446342
798.517,0.11268394569535378
798.636,0.10876009998112642
798.755,0.11131774977280663
798.874,0.10959537646714244
798.993,0.11140190660427338
799.112,0.11413930624749433
799.231,0.11916897977067548
799.35,0.1234191195734281
799.469,0.12894851003783464
799.588,0.12974757623041794
799.707,0.12632777133700596
799.826,0.1214903516350495
799.945,0.12123624429884501
800.064,0.12270118794833969
800.183,0.13235555954192318
800.302,0.1320458594681288
800.421,0.13746529985152423
800.54,0.14475265621794287
800.659,0.14924493327775407
800.778,0.15575955059167196
800.897,0.16455470554094778
801.016,0.17185997512281204
801.135,0.17863402521214988
801.254,0.17065685123052818
801.373,0.16584537480611383
801.492,0.16143045990984137
801.611,0.1627317138319878
801.729,0.16237568647686845
801.848,0.17121655101038508
801.967,0.18012042064650352
802.086,0.19264708368223582
802.205,0.18664221649088963
802.324,0.17897142026309706
802.443,0.163719627719284
802.562,0.1463226551595176
802.681,0.11560819292520783
802.8,0.09382981631066825
802.919,0.07868085097200533
803.038,0.07463222891613572
803.157,0.06722348598923795
803.276,0.06634090576020174
803.394,0.06225493497608828
803.513,0.05568006511554124
803.632,0.037398754416317286
803.751,0.028762316951951146
803.87,0.019509409786149175
803.989,0.020494886865472784
804.108,0.01947015179703932
804.227,0.020209743664723164
804.346,0.020902612144696152
804.465,0.031896307995113234
804.583,0.036433718832519224
804.702,0.04544323277803157
804.821,0.04872946379371872
804.94,0.05955677208485212
805.059,0.060073464719949315
805.178,0.062124542896697735
805.297,0.06688630170913538
805.416,0.07417877072094707
805.535,0.07646208803569274
805.653,0.07429565534828868
805.772,0.07219885673574813
805.891,0.0731386843372766
806.01,0.07794725347829325
806.129,0.08678473125773889
806.248,0.10734985389282703
806.367,0.1262877503090689
806.485,0.15196702456498656
806.604,0.1822012896887389
806.723,0.21544282013774455
806.842,0.24531975456838778
806.961,0.2697424237443694
807.08,0.27487935455330204
807.198,0.2770087182586167
807.317,0.2669490653987857
807.436,0.2546972055866565
807.555,0.23940936460502982
807.674,0.22995814337326698
807.793,0.22268677515211574
807.912,0.22541221654381188
808.03,0.23471304339823432
808.149,0.24691889964027552
808.268,0.2695823675200768
808.387,0.2958710995878293
808.506,0.31346203901108705
808.624,0.3317478876542195
808.743,0.34359053801067296
808.862,0.3546598316175414
808.981,0.35473041094077395
809.1,0.3380193958768438
809.219,0.3215177801245026
809.337,0.30276651159102014
809.456,0.2761358990497842
809.575,0.25703810245199094
809.694,0.2451556254962932
809.812,0.23600089886501074
809.931,0.23735567042657238
810.05,0.24555884956213547
810.169,0.2626352473141439
810.288,0.2804139666510391
810.406,0.2927124774557308
810.525,0.2984961371119608
810.644,0.30040374756400057
810.763,0.303974198567065
810.882,0.3084884907149904
811.0,0.30857389476824715
811.119,0.310782941397441
811.238,0.31860561912905444
811.357,0.31930748487247546
811.475,0.3211354124006359
811.594,0.3258523091922224
811.713,0.336417561978275
811.832,0.34373125731239773
811.95,0.34964772184175885
812.069,0.35009262559809706
812.188,0.3605899317048726
812.307,0.3585720771859745
812.425,0.3586667466954959
812.544,0.3497127716166212
812.663,0.33854744097583384
812.782,0.3301135668419676
812.9,0.3198519270355596
813.019,0.31332488380102963
813.138,0.31556049140484943
813.257,0.3230959399922476
813.375,0.33423009179297086
813.494,0.345606998547837
813.613,0.36264201059519496
813.731,0.3744506876120103
813.85,0.3847404474984504
813.969,0.39128263917424144
814.088,0.40144330037005593
814.206,0.41587657229820246
814.325,0.42772725271675216
814.444,0.43778228771114536
814.562,0.45264115293039736
814.681,0.46028284541630105
814.8,0.46683492024544104
814.918,0.46278484231908734
815.037,0.46292707450410275
815.156,0.4589196176765682
815.274,0.4535353140480549
815.393,0.4482300756463363
815.512,0.4516380723162208
815.631,0.4486955252620761
815.749,0.45698209350402363
815.868,0.46181758813580187
815.987,0.46396610045073094
816.105,0.46195689369101367
816.224,0.4604467861754372
816.343,0.4602900529716346
816.461,0.45676501756696336
816.58,0.443306795349131
816.698,0.4352595995900571
816.817,0.424590279707989
816.936,0.402513947769541
817.055,0.3802201864574078
817.173,0.3556224150207119
817.292,0.3401449410341946
817.41,0.3287992428447816
817.529,0.31764935463110217
817.648,0.30728023553201966
817.766,0.3041906765718031
817.885,0.296379441098944
818.004,0.29191056454941144
818.122,0.29346176378378963
818.241,0.29403391313949967
818.359,0.29793236129434364
818.478,0.30434236579408613
818.597,0.31132929937059584
818.715,0.31734888522998006
818.834,0.32177155799090484
818.953,0.3041706586959104
819.071,0.31819159297992383
819.19,0.3214004971381244
819.308,0.42401118538850174
819.427,0.5428032215951769
819.546,0.6812203173499487
819.664,0.8151560889818494
819.783,0.8990706431743392
819.901,0.9002518117824079
820.02,0.8235958367004028
820.138,0.6759767379269164
820.257,0.5721778967537582
820.376,0.43401508432863967
820.494,0.3398263152711381
820.613,0.28427339837682586
820.731,0.26687083940770917
820.85,0.26901147659133273
820.969,0.2628822302791129
821.087,0.2744314745205074
821.206,0.29701834796185084
821.324,0.31348693178287457
821.443,0.3443250028767401
821.561,0.3654263148302624
821.68,0.38150019021439735
821.798,0.37887946334118994
821.917,0.36501603183603504
822.035,0.351549161859022
822.154,0.32559801611055195
822.273,0.30061047781364164
822.391,0.2870929566757132
822.51,0.27974561171318846
822.628,0.2732883682491876
822.747,0.2760866978968345
822.865,0.28340101092804076
822.984,0.2904441549392248
823.102,0.28281081622665355
823.221,0.2777674813886913
823.339,0.2673131200919708
823.458,0.2656640307324192
823.576,0.2567020255914477
823.695,0.2606659496372314
823.813,0.2697332869937754
823.932,0.2750030226758393
824.05,0.2746906298067847
824.169,0.2789658731830725
824.287,0.27518202270006586
824.406,0.268195412834792
824.524,0.2563030527257443
824.643,0.2517544932523331
824.761,0.2525632205913432
824.88,0.25818195512605535
824.998,0.2663190406735936
825.117,0.273566024722608
825.235,0.2773977615923444
825.354,0.27549974030780666
825.472,0.27925797122450724
825.591,0.2772092318513919
825.709,0.2782675088124722
825.828,0.27968960935622467
825.946,0.27669085186740483
826.064,0.26979627886769597
826.183,0.26647446580376993
826.301,0.2652762953157812
826.42,0.2643758548224408
826.538,0.26899021389802663
826.657,0.27526061885670966
826.775,0.271890007723121
826.894,0.2641417773528634
827.012,0.258062564504474
827.13,0.2543763101607912
827.249,0.2441171411427196
827.367,0.23165588201900045
827.486,0.23128913180652422
827.604,0.22448474258112808
827.723,0.21402420431356417
827.841,0.20519747483406142
827.959,0.20753314936554268
828.078,0.22073720409586559
828.196,0.23252920329140297
828.315,0.2521363059979232
828.433,0.27397761905847634
828.552,0.28940785408073594
828.67,0.29597845982240545
828.788,0.28239546279353767
828.907,0.2695246705029059
829.025,0.251832752469054
829.143,0.2249570226838548
829.262,0.1917664805787188
829.38,0.1641098189736354
829.499,0.1435895214933443
829.617,0.12810157549222928
829.735,0.11549555495082928
829.854,0.11417247326243377
829.972,0.11499298094840249
830.091,0.1212363628944875
830.209,0.13022379196248732
830.327,0.14890550164231237
830.446,0.17044048008223556
830.564,0.20271989040699667
830.682,0.23644010483138653
830.801,0.2666959588005035
830.919,0.2883074211350649
831.037,0.3042156862899783
831.156,0.3119999993917423
831.274,0.3038162251664104
831.392,0.2785889529901585
831.511,0.254309845838358
831.629,0.2284438748769056
831.747,0.20515493615129105
831.866,0.19270225737613278
831.984,0.19015558674242505
832.102,0.1993451607110469
832.221,0.20363145522423243
832.339,0.2022689099011914
832.457,0.20231780241585162
832.576,0.19568691866053328
832.694,0.19058174670351785
832.812,0.18975783323801543
832.93,0.18567433225848712
833.049,0.1850091669436584
833.167,0.17599644323115166
833.285,0.17062071995119846
833.404,0.1722589470638479
833.522,0.17309169717852688
833.64,0.18238133807481083
833.759,0.18461131899425137
833.877,0.19040170590778818
833.995,0.19828114436053984
834.113,0.20869005237363572
834.232,0.22305654560605404
834.35,0.24105571539143558
834.468,0.26187096618429184
834.586,0.2846924971070621
834.705,0.29641277603019733
834.823,0.30925479285848156
834.941,0.3084290263017266
835.059,0.3037179450845161
835.178,0.2855521859763613
835.296,0.26496999587429537
835.414,0.25450506631652176
835.532,0.24920531977794197
835.651,0.24791566271085294
835.769,0.25043966744243656
835.887,0.2579318098233117
836.005,0.2733366518544944
836.124,0.2821018679261801
836.242,0.2955603464446289
836.36,0.3147609370590384
836.478,0.3302164302511361
836.596,0.34328143572686454
836.715,0.3538206778247547
836.833,0.36535626531967436
836.951,0.3756058074850125
837.069,0.3845198885540225
837.188,0.39551560879723535
837.306,0.4077936681875236
837.424,0.4247532537799728
837.542,0.43276364401460343
837.66,0.4401909282016236
837.779,0.4477775782364015
837.897,0.4503479102493101
838.015,0.4514166206502047
838.133,0.44722811116634015
838.251,0.4490374403713503
838.369,0.4539284603300983
838.487,0.4455933503191052
838.606,0.4439306042130786
838.724,0.44947205920162925
838.842,0.4543204580615582
838.96,0.4514717335536118
839.078,0.4507849488408317
839.196,0.45411504826746985
839.315,0.45363457438085675
839.433,0.45051529854997235
839.551,0.4507254100036435
839.669,0.44756227767977147
839.787,0.4445090954369108
839.905,0.4327599736408083
840.023,0.43113120087442003
840.142,0.4294771025275741
840.26,0.4238734490235022
840.378,0.42360731602515295
840.496,0.42260550579936307
840.614,0.42010516244698093
840.732,0.4156893404360818
840.85,0.4148975472189653
840.968,0.42015239076038574
841.087,0.4206769100299831
841.205,0.41306079942515395
841.323,0.4167905488653558
841.441,0.4174608446468556
841.559,0.42559045041876253
841.677,0.43216407723523437
841.795,0.44253221724076475
841.913,0.45155130681411154
842.031,0.4586505938493509
842.149,0.46430508740433507
842.267,0.4774349510739187
842.385,0.48473313657031314
842.504,0.497780228830596
842.622,0.5061402356149589
842.74,0.5082096152924731
842.858,0.5110239376536931
842.976,0.5197280017140293
843.094,0.5249995230767264
843.212,0.5260793520251386
843.33,0.5255994958356093
843.448,0.5195412172774674
843.566,0.5169902227641688
843.684,0.5103852822863918
843.802,0.5033720440358707
843.92,0.5032615707027721
844.038,0.5050814007582148
844.156,0.5059271225116639
844.274,0.5169994371933326
844.392,0.522075148580295
844.51,0.5390514119940197
844.628,0.5447232010673637
844.746,0.5421685003715587
844.864,0.5393364536848881
844.982,0.5375594336182588
845.1,0.5217878684089774
845.218,0.5055332640797477
845.336,0.4806296651756855
845.454,0.45763722105055005
845.572,0.4259506904634257
845.69,0.3920633051648225
845.808,0.3624516190839733
845.926,0.34148398600128205
846.044,0.313322652674447
846.162,0.2914649180932314
846.28,0.2744165730106338
846.398,0.26296703430043183
846.516,0.24644126095118019
846.634,0.22675658471264895
846.752,0.21135563775396798
846.87,0.19895978711056772
846.988,0.18226661785146164
847.106,0.1660333006035405
847.224,0.15033659852341905
847.342,0.14078853296020744
847.46,0.13407161929180939
847.578,0.12394407710184403
847.696,0.12260118063225892
847.814,0.12680071045048047
847.932,0.1300643239562463
848.05,0.12855556083611946
848.168,0.13020259681645327
848.285,0.13193009757455426
848.403,0.13819461066839203
848.521,0.1431032377851536
848.639,0.1513628715844224
848.757,0.1624317917232383
848.875,0.17042519807915957
848.993,0.17952922379271183
849.111,0.18707109357998586
849.229,0.18995799813972553
849.347,0.19291655556124787
849.465,0.20397312175837756
849.582,0.20669818968202192
849.7,0.21143695010059216
849.818,0.20896224396832008
849.936,0.21179232039630114
850.054,0.21550261516945696
850.172,0.2201882536387749
850.29,0.2222777112626408
850.408,0.22577428284461756
850.525,0.23046239210227304
850.643,0.2340472943673094
850.761,0.23296178897770292
850.879,0.23909283862436043
850.997,0.25291607006221845
851.115,0.25953139422299315
851.233,0.2696391776985874
851.35,0.2737009421127289
851.468,0.2831897931098213
851.586,0.2912072896520319
851.704,0.30018962903997093
851.822,0.3146737963580649
851.94,0.3477945024075739
852.057,0.37987778620394524
852.175,0.42321365778561326
852.293,0.4791641392235324
852.411,0.5383877975113327
852.529,0.5918230164218471
852.647,0.637373332050849
852.764,0.6837822466270738
852.882,0.7295703756335438
853.0,0.7593910350100022
853.118,0.784158314539531
853.236,0.8130391478021763
853.353,0.822802256304711
853.471,0.813728692220507
853.589,0.8002787442938025
853.707,0.7830021629296545
853.824,0.7578172057947892
853.942,0.7292447978494411
854.06,0.6983449072903258
854.178,0.6707243705519352
854.296,0.640091325133252
854.413,0.6054135992063554
854.531,0.5761858146545297
854.649,0.5430171227046585
854.767,0.5036516936047574
854.884,0.46311634622712905
855.002,0.4133112187049134
855.12,0.36476866402307473
855.238,0.3207136786589163
855.355,0.27467650335113303
855.473,0.23579287797701187
855.591,0.20414310315751627
855.708,0.17436556820063445
855.826,0.14942428844746342
855.944,0.12221075177474386
856.062,0.10654639391268034
856.179,0.09000360076866828
856.297,0.07136923176940776
856.415,0.05852338341425299
856.532,0.05275073642823688
856.65,0.040187110699819596
856.768,0.03111182018653453
856.886,0.024882488255656855
857.003,0.026050483454022083
857.121,0.01902145283108453
857.239,0.017657459777752387
857.356,0.017428903355595535
857.474,0.019568466410260756
857.592,0.019879553299379283
857.709,0.027598923784726094
857.827,0.03690762504779754
857.945,0.044423140983443465
858.062,0.04964902256648798
858.18,0.05720209568500721
858.298,0.061929998673283235
858.415,0.06605842664082669
858.533,0.07165356583357367
858.651,0.08482321649487334
858.768,0.09865963289276973
858.886,0.11119264267277301
859.003,0.11978002098332977
859.121,0.11832268529452317
859.239,0.11488995433001925
859.356,0.10457422475479117
859.474,0.09551550874618105
859.592,0.09015070703874364
859.709,0.08631875593845637
859.827,0.08350688070457843
859.944,0.07597579934420773
860.062,0.06673967755477052
860.18,0.06207678772626847
860.297,0.058045864197520385
860.415,0.055691395515083626
860.532,0.05156661954081916
860.65,0.052386122685162
860.768,0.05686033895185652
860.885,0.0626242397447215
861.003,0.0674612531782392
861.12,0.07218400159395455
861.238,0.08153451889633477
861.356,0.08213321142731789
861.473,0.08746872681538159
861.591,0.09353371346110491
861.708,0.09652744313435027
861.826,0.10203668051146172
861.943,0.10157828744068029
862.061,0.09568599690402656
862.178,0.08779330301382574
862.296,0.07312861873932647
862.414,0.07051198234078859
862.531,0.07083146374182801
862.649,0.06864934015358556
862.766,0.07604173300344846
862.884,0.08371516776931505
863.001,0.084092169536028
863.119,0.07963392431186953
863.236,0.07999337809599047
863.354,0.08277432839012425
863.471,0.08413401458913919
863.589,0.08516928513750371
863.706,0.09254049798851109
863.824,0.09472402244285477
863.941,0.09585477579206125
864.059,0.10048787160943667
864.176,0.11004771937145312
864.294,0.11842405951988735
864.411,0.12207378157900445
864.529,0.1290090344296895
864.646,0.13073648316236178
864.764,0.1284408707847723
864.881,0.12587841326675092
864.999,0.1255359590698228
865.116,0.13240573602956834
865.233,0.14422450202899095
865.351,0.15541877627615264
865.468,0.1752620450981468
865.586,0.19955643910984552
865.703,0.2254018705003048
865.821,0.24164581841188987
865.938,0.24963609788261565
866.056,0.25755966606823355
866.173,0.25272037709736017
866.29,0.24160281496132469
866.408,0.23316049889753593
866.525,0.22891481682470644
866.643,0.22739194349961733
866.76,0.22835653633313774
866.878,0.23512192248563069
866.995,0.2406272065860842
867.112,0.23741493173534406
867.23,0.24046919380516374
867.347,0.24047512076379943
867.465,0.23758775457941855
867.582,0.23831206324713355
867.699,0.23978316768980726
867.817,0.2497266053411944
867.934,0.24768239567692835
868.051,0.2529134222719382
868.169,0.2662480169163146
868.286,0.27783885269161857
868.404,0.29079294593204574
868.521,0.3004250642529293
868.638,0.31413027714790553
868.756,0.3303328393548407
868.873,0.34194591222518067
868.99,0.365329820734573
869.108,0.3806157204683576
869.225,0.40256904253043435
869.342,0.4310909553873094
869.46,0.46449576369583795
869.577,0.49575160384797123
869.694,0.5319613746164564
869.812,0.5666936139592165
869.929,0.5958326062033401
870.046,0.6159248069503203
870.164,0.6355500287015448
870.281,0.6511237752766279
870.398,0.6620666468104657
870.516,0.6517032928144003
870.633,0.6459318989432677
870.75,0.6311161843633294
870.867,0.6109073565400784
870.985,0.5879633660274004
871.102,0.5657037838841635
871.219,0.5445677927373287
871.337,0.5239556087180082
871.454,0.502697313548475
871.571,0.484763464086823
871.688,0.464447156970898
871.806,0.44004972521878394
871.923,0.4100683118242985
872.04,0.38343975820357346
872.157,0.35367206800026735
872.275,0.3358790534738435
872.392,0.3153768195355344
872.509,0.2971680948713543
872.626,0.2770896011328978
872.744,0.26332953087008504
872.861,0.2436049775609515
872.978,0.22353266079333853
873.095,0.20640737681507898
873.213,0.19248299912783362
873.33,0.17115119800526518
873.447,0.15371335930233285
873.564,0.1344916114198464
873.681,0.12770287045081719
873.799,0.11767121978903897
873.916,0.10891326051515571
874.033,0.10839846883169821
874.15,0.10300201709075595
874.267,0.09125603027376326
874.385,0.07846504079061009
874.502,0.06531404180156124
874.619,0.056600613979654685
874.736,0.05008302377192994
874.853,0.042657353030213827
874.97,0.044006103160640395
875.088,0.050573358212244235
875.205,0.054252342666243195
875.322,0.05616839160609649
875.439,0.05771457814152238
875.556,0.05533102196153375
875.673,0.051920179723407844
875.791,0.04397809177936249
875.908,0.04072845694932278
876.025,0.04330543078975307
876.142,0.04825640338132701
876.259,0.04912200980584229
876.376,0.04773456909560405
876.493,0.04711805291414197
876.61,0.048874037538580536
876.728,0.04663092768167797
876.845,0.049241509184237364
876.962,0.04805737267513077
877.079,0.049385402450381755
877.196,0.04964643565350664
877.313,0.044053474913609725
877.43,0.04233982280250588
877.547,0.04489804965538894
877.664,0.04335652980092669
877.781,0.04316184258325578
877.898,0.04298360605335576
878.016,0.04520046639775786
878.133,0.04937376206051372
878.25,0.047282045790291244
878.367,0.04355284806981426
878.484,0.04915741333914878
878.601,0.051939906755221185
878.718,0.05239518898849081
878.835,0.05472252891943205
878.952,0.054651999623437655
879.069,0.05443674498285955
879.186,0.04665201832516444
879.303,0.03899536824325028
879.42,0.035708139455428715
879.537,0.030313575151734544
879.654,0.024520078533958822
879.771,0.021897997591907685
879.888,0.021207583211292062
880.005,0.0193514886959118
880.122,0.01809806721194359
880.239,0.01744731875938746
880.356,0.01739924333824341
