wavelength_nm,intensity
792.446,116.96791584783527
792.565,124.00003705995638
792.684,125.76679030670955
792.803,122.26817558809476
792.922,113.50419290411193
793.041,85.16393316385216
793.16,67.65657385649288
793.279,58.70332710324621
793.398,51.02367342359257
793.518,50.55873835865752
793.637,49.157006756925924
793.756,55.879084679003824
793.875,69.51198511190427
793.994,76.65137905129819
794.113,93.57692017683937
794.232,95.5942361941554
794.351,90.25311065302986
794.47,78.46350026341948
794.589,65.93795913787834
794.708,57.74462166153859
794.827,46.67330448981826
794.946,40.42884073489047
795.066,44.09239504601968
795.185,38.827091315189236
795.304,41.12303432212289
795.423,42.367872504847895
795.542,55.23207934497613
795.661,54.745143843894795
795.78,56.71742646262904
795.899,56.918978376255225
796.018,48.65476231619618
796.137,29.77028477665629
796.256,23.138268499772444
796.375,25.160312756736054
796.494,20.568646036646847
796.613,20.633263734278632
796.732,26.968362874380006
796.851,32.70598143783187
796.97,22.175550248135668
797.089,16.07369541774391
797.208,17.758621057896132
797.327,28.7179983533822
797.446,34.51221926687587
797.565,53.29022389530097
797.684,67.03777403747698
797.803,87.65329117072821
797.922,90.44954180005072
798.041,89.57739416097502
798.16,77.98403440068714
798.279,65.74911619884092
798.398,53.23367851647512
798.517,41.99616291203148
798.636,35.87206722100761
798.755,38.2484044304168
798.874,37.904395319479704
798.993,34.923645202576736
799.112,32.28975561201746
799.231,29.858051080775155
799.35,25.430903817811185
799.469,25.41574236608394
799.588,28.94886112635794
799.707,33.056459318243384
799.826,35.295333620888165
799.945,30.93898185925986
800.064,34.22623774112059
800.183,31.36360719229731
800.302,32.61314662787916
800.421,33.25754097803699
800.54,29.625813522908192
800.659,30.986811463931975
800.778,31.603751378395614
800.897,32.535950821165834
801.016,46.89722106823693
801.135,49.50650126801668
801.254,58.139897148125556
801.373,56.45703292765408
801.492,52.000142733156736
801.611,51.60212699753381
801.729,53.74610260390226
801.848,59.77319509338774
801.967,70.12842611101196
802.086,65.12368729641544
802.205,61.25416646520437
802.324,48.42734728200253
802.443,36.453617754130995
802.562,25.108230752953684
802.681,11.867035645587967
802.8,6.492498633580082
802.919,-0.554133702755314
803.038,-14.476807909884014
803.157,-21.421165305494522
803.276,-31.59610989981943
803.394,-32.80730661875225
803.513,-37.802244577149146
803.632,-42.945086654806154
803.751,-42.10147079189923
803.87,-43.022917040643605
803.989,-42.21767457062079
804.108,-45.48584003081888
804.227,-41.36479659707335
804.346,-40.377774399074276
804.465,-34.99569608323901
804.583,-29.446133588930994
804.702,-20.256978465014335
804.821,-22.34050071240149
804.94,-21.425120286557306
805.059,-28.184384689519312
805.178,-22.448267901210013
805.297,-22.744479234356668
805.416,-12.18932141359615
805.535,-7.382834127723169
805.653,-9.425968059523706
805.772,-17.239434577697786
805.891,-0.5608392843097758
806.01,44.71208069074834
806.129,97.62932888677307
806.248,132.65114736140725
806.367,142.84486632173218
806.485,124.44834210781204
806.604,87.28247316991363
806.723,54.612585777713676
806.842,47.558153731043085
806.961,74.61464475801806
807.08,97.17027046276057
807.198,108.97803864146239
807.317,111.81614289277475
807.436,101.04991813975789
807.555,84.76854187158949
807.674,73.32872404497954
807.793,66.12700145646474
807.912,67.7616425043135
808.03,70.80667316255162
808.149,83.08893325801901
808.268,108.55387733617007
808.387,123.20583440133406
808.506,135.82489103359768
808.624,149.92966195157567
808.743,154.89763633275726
808.862,160.57989642822457
808.981,156.8162690778044
809.1,150.17558545032801
809.219,142.98771567566536
809.337,118.6027072421975
809.456,95.56499759713944
809.575,74.98765121268258
809.694,61.421623655258614
809.812,52.41857779896449
809.931,47.972563481676836
810.05,51.026036055840734
810.169,63.056003574616675
810.288,74.35194886980307
810.406,81.2831509272524
810.525,83.70802207009754
810.644,79.06302150933178
810.763,75.79555577670965
810.882,80.98696450296204
811.0,90.71084076168194
811.119,100.25203303771781
811.238,119.49712141764974
811.357,124.64956910494092
811.475,124.02193021214546
811.594,112.73801426307284
811.713,109.07141433131622
811.832,113.90438149912669
811.95,122.82392875351727
812.069,115.8231296875617
812.188,133.74094534022092
812.307,138.6042155383348
812.425,145.66835153731478
812.544,142.0112754150827
812.663,142.59229453094588
812.782,136.5741794476748
812.9,137.43312064145988
813.019,129.57517871836183
813.138,142.49126276928962
813.257,158.5579961708667
813.375,171.42040056811484
813.494,180.5771772597351
813.613,196.1850362024374
813.731,188.90977826202266
813.85,191.8864683735558
813.969,184.2683532902838
814.088,183.5723161290897
814.206,191.06762095923773
814.325,195.497124923585
814.444,203.636585597889
814.562,205.08340557955242
814.681,195.77091820190827
814.8,194.75107151690486
814.918,181.0039521046287
815.037,176.36678940230925
815.156,177.0092803796436
815.274,181.31930382451048
815.393,179.66569090574117
815.512,181.18783556272967
815.631,184.29266420240208
815.749,189.98537162995348
815.868,190.625265204691
815.987,198.17165228592205
816.105,202.34141599052995
816.224,197.84884203280006
816.343,191.95626807507023
816.461,186.49832615197244
816.58,174.3416829301732
816.698,157.17205269538698
816.817,141.15220601038422
816.936,127.48041127343338
817.055,117.16705809492427
817.173,107.74115080386088
817.292,112.80961580716976
817.41,114.4114141438119
817.529,112.37078823802966
817.648,109.32063852272357
817.766,102.71464465157317
817.885,94.0038888756609
818.004,95.07581708243254
818.122,97.1797799212386
818.241,102.53136180766359
818.359,108.46216447330926
818.478,109.39210133808893
818.597,119.6995273803578
818.715,124.4493776650508
818.834,132.6766818171881
818.953,144.87060249596726
819.071,181.78538280130306
819.19,217.83196977085578
819.308,300.45156266754253
819.427,389.304756488713
819.546,471.6865313408289
819.664,518.1053655817476
819.783,511.0709618826867
819.901,450.46741390205545
820.02,370.7640005390979
820.138,276.3116987205546
820.257,221.33332764253137
820.376,169.23520980261202
820.494,132.16492281389912
820.613,106.10854347483614
820.731,85.82468566954189
820.85,64.53358973388455
820.969,47.878574030762955
821.087,51.64698693542555
821.206,64.31825878352312
821.324,76.55048195768802
821.443,99.84438939500686
821.561,122.79266989846141
821.68,138.10818788619628
821.798,140.13648601114673
821.917,129.0591564304694
822.035,111.15585282381814
822.154,91.29757086218865
822.273,77.71634517761531
822.391,68.91534393461417
822.51,60.32981351103494
822.628,52.602228833316374
822.747,55.106199650872355
822.865,55.34993373955438
822.984,48.98835811377326
823.102,66.57955239975527
823.221,87.07289622835862
823.339,89.7884622462536
823.458,93.648747654962
823.576,83.48575571125966
823.695,78.95872731327522
823.813,66.32962510375287
823.932,51.36789537481451
824.05,62.856095773587626
824.169,68.05753246920885
824.287,66.32707155380734
824.406,64.12585510925994
824.524,52.057739055709206
824.643,47.54559597885181
824.761,42.72418359457217
824.88,44.12916690727937
824.998,50.87374158653098
825.117,58.375040893439476
825.235,64.31335456550661
825.354,65.8049593095694
825.472,66.347052185095
825.591,65.69174246321793
825.709,67.09877040367849
825.828,65.74908838742905
825.946,63.75698212875552
826.064,62.29647760168399
826.183,62.48792112656071
826.301,63.288476193933796
826.42,58.18588919770943
826.538,52.3762791261819
826.657,53.06822039368118
826.775,47.45058677956155
826.894,46.31868209346996
827.012,47.47855860326051
827.13,48.92199206105014
827.249,46.00266668950574
827.367,41.97318844912314
827.486,33.7468790311287
827.604,23.81854934596312
827.723,16.673644246130895
827.841,15.743579116928535
827.959,23.617704449271017
828.078,30.342994368236173
828.196,39.24567737987001
828.315,57.615200622052484
828.433,63.708122058920694
828.552,69.9226810725589
828.67,80.44546519442233
828.788,80.54747009550661
828.907,82.52826287537872
829.025,68.25841761839183
829.143,49.45605704403731
829.262,26.861869801852716
829.38,5.775554646840618
829.499,-8.873690143460294
829.617,-21.90265050699456
829.735,-27.816153723786563
829.854,-24.439928617902662
829.972,-21.37768909691613
830.091,-13.949376371004265
830.209,-4.273031017541635
830.327,15.524343720973459
830.446,27.583097263394208
830.564,49.486078135609034
830.682,83.63153770137478
830.801,111.57682950083702
830.919,142.42570630174723
831.037,167.66087892989498
831.156,182.57743683942797
831.274,176.72602938099556
831.392,150.25730590524694
831.511,125.7937772346931
831.629,95.3784632573993
831.747,60.84430256908098
831.866,36.08932761828728
831.984,28.918190171704975
832.102,25.699338407048664
832.221,20.425841566212476
832.339,21.70578298354467
832.457,26.215221058618063
832.576,28.83536916935998
832.694,25.0470089585383
832.812,20.456240475545727
832.93,17.782729686885915
833.049,12.374838462544451
833.167,-2.0075475772759726
833.285,-8.14674375917867
833.404,-12.046313236291168
833.522,-8.52569455132568
833.64,-8.520783259451878
833.759,-2.8463124677538945
833.877,4.794211579014708
833.995,10.702724726332171
834.113,11.675219113171742
834.232,19.649503269000533
834.35,32.0603705331091
834.468,46.12337474243445
834.586,59.71761820797215
834.705,71.59266994051649
834.823,80.5762484447456
834.941,79.8982758602
835.059,76.10601756136867
835.178,68.05661640539435
835.296,61.614141656346234
835.414,54.05651539214648
835.532,54.23655146560897
835.651,43.93925968290135
835.769,42.825121535908906
835.887,48.39089405810564
836.005,60.00077865572309
836.124,67.22841244974195
836.242,83.58327520229854
836.36,99.82497503097075
836.478,117.07666832219789
836.596,118.47181297803407
836.715,132.91890568581823
836.833,144.0049594325635
836.951,158.18019066848638
837.069,164.4627812117687
837.188,177.17134578102508
837.306,185.75004022041122
837.424,190.80492513598773
837.542,186.60786199961612
837.66,189.6385044909502
837.779,193.5868959000332
837.897,193.20195397578306
838.015,192.6957999303209
838.133,197.97319566840858
838.251,203.9337082896131
838.369,212.96261917921595
838.487,215.68070755799636
838.606,222.08797342595432
838.724,224.0311700298431
838.842,214.68259174195714
838.96,204.23964115969883
839.078,201.61746979821964
839.196,200.2195408609827
839.315,203.56014006227386
839.433,205.8591808220065
839.551,208.2525938761114
839.669,207.30228398649348
839.787,206.16669271159404
839.905,197.089975895569
840.023,194.08079154707644
840.142,196.57463750161412
840.26,194.6728124604807
840.378,199.9450133933733
840.496,202.24751735656895
840.614,197.95175292149614
840.732,196.70187593231068
840.85,189.3758084669346
840.968,183.1917323435499
841.087,187.06912808163707
841.205,185.4218484950489
841.323,189.39361652750836
841.441,185.3705793651626
841.559,181.41507467034938
841.677,196.92883404480017
841.795,203.57938995604727
841.913,206.879296516645
842.031,221.67097796901754
842.149,233.0661226248534
842.267,238.70109412051593
842.385,234.5135547936677
842.504,232.99268213348623
842.622,244.0215930230881
842.74,245.42539568758153
842.858,247.0395879624645
842.976,258.82434300791016
843.094,263.0445958888536
843.212,268.89688340183176
843.33,260.6894306550697
843.448,253.5036229299526
843.566,253.02690611392615
843.684,254.00473475244496
843.802,250.95139455979506
843.92,251.16298943208017
844.038,259.35726828704935
844.156,272.43552982600136
844.274,274.6479904991525
844.392,286.5643472761998
844.51,295.9222624948053
844.628,296.27931191254504
844.746,286.8467509406744
844.864,281.11808607269995
844.982,277.861282676587
845.1,266.82266109865583
845.218,254.91650705319205
845.336,242.3471495445247
845.454,230.26696952503465
845.572,200.52358604234104
845.69,170.1187306981756
845.808,145.0333558734906
845.926,126.15490745573199
846.044,108.40892657044097
846.162,100.58329200549613
846.28,92.9784366613306
846.398,94.09133023491403
846.516,81.77868523900955
846.634,65.3654936181986
846.752,49.8582729298317
846.87,36.40147958663009
846.988,26.055072186401894
847.106,18.8122806372984
847.224,8.280557885425782
847.342,5.3537472698567115
847.46,-1.4006251509036607
847.578,-7.203046444329631
847.696,-8.998644832702235
847.814,-5.585745678942782
847.932,5.204377757621428
848.05,9.255109851820773
848.168,9.350517152197728
848.285,14.12099702570963
848.403,10.131428413317977
848.521,11.152740768632064
848.639,16.625226126827947
848.757,29.246185249366803
848.875,36.22444943712961
848.993,37.10132895607404
849.111,41.20098913820229
849.229,47.78547954612915
849.347,51.296012252533245
849.465,63.82949257615114
849.582,78.69618533434551
849.7,94.88477312340893
849.818,93.58874173815894
849.936,91.04445078101426
850.054,93.73392605763576
850.172,94.24158315243889
850.29,95.75097184897348
850.408,99.56685405200145
850.525,105.74290941520262
850.643,116.03671369615273
850.761,117.51753096411593
850.879,126.32129195502287
850.997,140.28349450437136
851.115,144.03184423986696
851.233,144.44512904029767
851.35,146.1034354857499
851.468,150.43100600046634
851.586,150.41831677492308
851.704,157.97012971388205
851.822,172.30808983898822
851.94,197.85211057015493
852.057,223.80046030565063
852.175,255.90811740045365
852.293,304.1049519844339
852.411,345.9312237978516
852.529,382.43108868486246
852.647,417.58723062815045
852.764,448.08103490910094
852.882,472.4674798826924
853.0,489.3032755056345
853.118,501.67673346623894
853.236,517.9540875307395
853.353,522.0730000367985
853.471,520.2585792095239
853.589,511.67272981082067
853.707,502.66090638614344
853.824,490.7815504939341
853.942,474.0104197099498
854.06,451.0185097051866
854.178,432.64564731947104
854.296,407.2745165354872
854.413,381.3284939766115
854.531,354.64221167747604
854.649,329.1637215861326
854.767,303.63934404890193
854.884,276.90371110041576
855.002,241.36374914760052
855.12,207.79521576621383
855.238,169.98339234153713
855.355,139.80793255322396
855.473,110.79524332768122
855.591,90.98428570386999
855.708,72.2249140366668
855.826,55.02536682835043
855.944,30.974796730691097
856.062,14.096749725971279
856.179,-2.6417090324083325
856.297,-17.850259758401464
856.415,-20.467049951540297
856.532,-18.818277644103418
856.65,-27.32568135018416
856.768,-36.894404549694315
856.886,-44.451481868828054
857.003,-47.739350932416755
857.121,-50.563761769654896
857.239,-49.53268400285855
857.356,-43.583725468481596
857.474,-40.3899343473162
857.592,-42.460812762390105
857.709,-35.93515401240832
857.827,-26.417874091352033
857.945,-20.527386389751026
858.062,-16.73323392067199
858.18,-9.288896479084897
858.298,-10.952473522452284
858.415,-11.458030881980704
858.533,-9.55327153378037
858.651,-1.4198397103507898
858.768,4.139098004802689
858.886,19.252450566232802
859.003,26.16479125989533
859.121,26.665029601487674
859.239,22.568665378284265
859.356,16.369845238311953
859.474,11.688834160621106
859.592,8.127601446739845
859.709,3.508377591492381
859.827,7.106941868020158
859.944,-3.7973815041250147
860.062,-14.552990089837532
860.18,-19.11942371923149
860.297,-19.62931424195652
860.415,-24.29184239430858
860.532,-16.485659287262553
860.65,-10.73896368274249
860.768,-4.020144122336535
860.885,-5.787481518937038
861.003,-2.505016233448437
861.12,0.4426126794898595
861.238,0.7526654978611256
861.356,-6.841276912347754
861.473,1.0820060640825309
861.591,6.247812409725855
861.708,13.653055052437612
861.826,26.484997645100492
861.943,32.95999570865364
862.061,29.435365884182527
862.178,22.103622794432397
862.296,13.728494571152615
862.414,6.09354576186475
862.531,0.16996256371574603
862.649,-5.843445901078888
862.766,5.054232213991293
862.884,11.681629685106351
863.001,13.760845562674417
863.119,11.236661544669854
863.236,10.965728862456675
863.354,0.9432132130125261
863.471,-5.403467704434618
863.589,-4.8361828721889335
863.706,3.4681320929065484
863.824,17.826582350028886
863.941,34.43083323733629
864.059,44.22787399401216
864.176,56.0354735559207
864.294,56.36483869178937
864.411,55.52606938237132
864.529,49.88048045516861
864.646,41.92746102784555
864.764,42.947898194343054
864.881,47.66478308548439
864.999,52.93844896421338
865.116,60.88432014334386
865.233,68.67204618469299
865.351,75.23286120644104
865.468,84.32105574460357
865.586,92.27938015289595
865.703,113.27666560014936
865.821,126.16745754090911
865.938,135.94656116998053
866.056,135.33518860857583
866.173,124.9220844454396
866.29,114.56525733858032
866.408,108.81016183345261
866.525,99.99878927204765
866.643,95.92507904830487
866.76,96.77431254750573
866.878,110.23566725882773
866.995,116.42256309569086
867.112,122.81984854294365
867.23,130.48899546205791
867.347,131.33909476212443
867.465,127.2298867028835
867.582,123.90422842719224
867.699,124.42705499998578
867.817,129.6788859017837
867.934,125.17314104600587
868.051,130.05787238070428
868.169,127.99022276302189
868.286,124.62733505010127
868.404,128.8947503674835
868.521,146.1699578926578
868.638,164.63823901090572
868.756,179.6199400425736
868.873,190.04319951579993
868.99,203.18161050417783
869.108,208.9061686787029
869.225,217.29566191816298
869.342,225.08602095848875
869.46,254.84261376504827
869.577,282.02691219931353
869.694,302.76878639115444
869.812,324.9288424011772
869.929,340.5503702726719
870.046,356.2931102653786
870.164,368.1596597818949
870.281,377.9595426317445
870.398,392.8304211525897
870.516,389.39394036607564
870.633,384.9782388003407
870.75,372.15041602248465
870.867,358.31480103683634
870.985,346.5657661377679
871.102,337.7171641391326
871.219,332.1360946080296
871.337,318.748964470866
871.454,303.43456160642967
871.571,287.65089467272935
871.688,265.17025804205934
871.806,245.11213223390018
871.923,230.25660382833843
872.04,210.10323992494125
872.157,196.66675913842698
872.275,181.88395800559255
872.392,171.30548587708685
872.509,164.76251158407888
872.626,155.94507841661186
872.744,142.404701526201
872.861,138.52493069639607
872.978,117.71009493152609
873.095,107.05370072509757
873.213,93.23107275243542
873.33,84.48376945509791
873.447,70.91750243329889
873.564,60.92462825522473
873.681,43.139020007134164
873.799,33.36685494023365
873.916,20.97717945396263
874.033,14.114142825825995
874.15,13.198098967584553
874.267,12.039161750092173
874.385,9.013424741152523
874.502,10.721013164905829
874.619,7.666257122279841
874.736,8.2283136975207
874.853,10.327614821070512
874.97,5.457570365865941
875.088,5.9453553322588135
875.205,4.815282886790142
875.322,-0.7679695400310638
875.439,-6.019854239049042
875.556,-10.773685705616778
875.673,-10.852461618091164
875.791,-10.194770494459178
875.908,-5.401695114574754
876.025,-1.548987802092393
876.142,3.1464020522789355
876.259,2.1731039775685117
876.376,3.5050498003799953
876.493,-3.961217042516438
876.61,1.5448851773985677
876.728,0.9491650420644786
876.845,11.910106338732493
876.962,11.798364931302798
877.079,13.988660939952565
877.196,11.137140324860887
877.313,9.867574734091558
877.43,-1.7865553560114673
877.547,0.6696102476856916
877.664,-4.783452536688046
877.781,1.3920771190653918
877.898,4.733435041498572
878.016,3.77533301612523
878.133,4.322065203439403
878.25,4.878005831099837
878.367,-3.4303813786899617
878.484,-1.8769079972969234
878.601,-0.5174554100477149
878.718,0.27017496773595484
878.835,6.146453508028146
878.952,0.166008520574067
879.069,1.069486243598691
879.186,0.45138321781368784
879.303,-1.7094279805144623
879.42,-1.8587966688535724
879.537,1.8477541203313876
879.654,-2.6567037586125357
879.771,-7.722901161024588
879.888,-18.559485699630777
880.005,-23.969431464200042
880.122,-28.54289700570775
880.239,-32.279882324153924
880.356,-35.180387419538555
