wavelength_nm,intensity
792.446,171.8694184533757
792.565,187.3106305745879
792.684,194.84578208973946
792.803,194.4748729988304
792.922,186.19790330186066
793.041,160.96240546636284
793.16,131.244656548614
793.279,100.38751369147118
793.398,84.97019767415514
793.518,76.13989464385214
793.637,75.54855265251012
793.756,93.33989464385212
793.875,114.9113232152806
793.994,148.22301152696883
794.113,173.82647473043198
794.232,186.7632712672285
794.351,191.42647473043198
794.47,169.05937516333248
794.589,144.92690763086506
794.708,119.48881239276989
794.827,97.840327544285
794.946,93.18751369147111
795.066,94.62041412437154
795.185,102.15547905943646
795.304,106.42387732783473
795.423,103.1572106611681
795.542,101.12604182999934
795.661,96.3719292758868
795.78,95.34508944904692
795.899,101.09487299883048
796.018,107.83340113735858
796.137,106.30006780402525
796.256,98.57625828021574
796.375,95.37798988194729
796.494,89.44898555294299
796.613,81.37510423144565
796.732,69.82780497953217
796.851,63.21398718329461
796.97,62.030338209235886
797.089,55.46246760340442
797.208,52.59702830351494
797.327,68.36717118440299
797.446,81.84605155153208
797.565,89.19055208471573
797.684,97.54225060302171
797.803,111.83247725985586
797.922,124.37724937123548
798.041,127.22505178564522
798.16,120.90055982776036
798.279,110.97260466641202
798.398,95.68447634489053
798.517,80.14526577228678
798.636,67.55930195292969
798.755,70.8659788262135
798.874,80.32417085101258
798.993,90.6092027026514
799.112,97.40765446770992
799.231,103.3273183539805
799.35,106.70412509739396
799.469,106.29565045552604
799.588,100.15990308638555
799.707,100.60251069560032
799.826,99.17758583728278
799.945,102.3067735330779
800.064,96.514749107661
800.183,100.49328745280681
800.302,93.61381713994392
800.421,92.74300483573893
800.54,92.02284188218326
800.659,95.0957525217011
800.778,97.60675839931429
800.897,109.24157380073719
801.016,111.3603718861428
801.135,122.14583663821509
801.254,120.28801134699748
801.373,121.48299990859377
801.492,117.43643002863166
801.611,119.05046620927561
801.729,120.92251104792837
801.848,128.1287550207802
801.967,140.40686046549348
802.086,146.39232521756605
802.205,145.82367741552605
802.324,135.81606857452488
802.443,115.79114371620767
802.562,96.95323184490337
802.681,74.56223722955157
802.8,56.55688126131167
802.919,44.24607627418631
803.038,25.520402906317067
803.157,10.345688262052317
803.276,1.5606500512866663
803.394,-12.676254603628038
803.513,-18.926854696705604
803.632,-26.62138655188494
803.751,-30.8985881232945
803.87,-34.16216756755195
803.989,-39.147618339982486
804.108,-40.215434044359085
804.227,-37.069753280052744
804.346,-35.92941595513456
804.465,-26.480778877333428
804.583,-22.01899926870625
804.702,-13.504438750776828
804.821,-4.9904591012165085
804.94,-0.2162758679432586
805.059,3.6434584838797512
805.178,6.988898590427058
805.297,8.120462832539307
805.416,13.889808727112943
805.535,16.82786943253209
805.653,27.221510833768004
805.772,25.79955632508171
805.891,25.746950473672946
806.01,25.915291317752818
806.129,36.0525179674372
806.248,49.629811658129135
806.367,76.52930881024818
806.485,102.79133767965719
806.604,133.08503453482004
806.723,160.85850213862486
806.842,187.9358658463256
806.961,206.74569708649392
807.08,217.2299872011211
807.198,226.75150675297766
807.317,220.3821172139252
807.436,209.4456281077731
807.555,192.74463683711878
807.674,184.6419139647328
807.793,184.4933036464593
807.912,189.3126586961514
808.03,198.11989253372235
808.149,216.00504844921534
808.268,236.65816973267374
808.387,268.35631266115377
808.506,297.9955811307593
808.624,314.5846331501484
808.743,337.4680574639099
808.862,339.8761571023467
808.981,325.68685414338086
809.1,305.40577629264
809.219,284.35933047653117
809.337,263.4730578205955
809.456,245.03180680968154
809.575,217.63038263859457
809.694,205.6454086839579
809.812,186.80848667737314
809.931,178.977625276849
810.05,182.72425305381395
810.169,191.28040464030283
810.288,203.93179432202987
810.406,215.04465586522895
810.525,222.0146602655709
810.644,219.27643955768758
810.763,225.23865175023712
810.882,226.1445868865095
811.0,227.64186401412377
811.119,232.34866495126187
811.238,249.29182952476356
811.357,255.58564344891454
811.475,261.52967382328166
811.594,267.77067389461854
811.713,286.5891631434446
811.832,291.3634965481149
811.95,303.69367410862935
812.069,308.9112975565897
812.188,323.71247078809995
812.307,317.2798777858437
812.425,316.82823716453987
812.544,314.64326320990256
812.663,317.9318823288583
812.782,316.5356529629655
812.9,324.02860108625026
813.019,333.1527180407038
813.138,348.32705144537374
813.257,358.10484805350694
813.375,369.7216057006012
813.494,372.59550620483833
813.613,385.68499112466
813.731,393.56668383668944
813.85,399.857900358243
813.969,414.2045281352079
814.088,418.9788615398784
814.206,426.7531949445489
814.325,422.23921666090774
814.444,419.03086608289425
814.562,424.6614765438418
814.681,424.74230345500575
814.8,419.88027322331277
814.918,416.5247364981134
815.037,408.6220136257278
815.156,402.38509161914317
815.274,392.9559618203508
815.393,389.6757497704763
815.512,387.2362303612945
815.631,388.35601831142014
815.749,394.5277543134939
815.868,399.9860704021477
815.987,400.9881094345243
816.105,399.2386333153856
816.224,395.2415381486278
816.343,387.90851224593916
816.461,377.06639543415963
816.58,371.7974387955404
816.698,356.7631141915532
816.817,344.4300882888647
816.936,335.01654290565665
817.055,326.300833020284
817.173,313.26564261543086
817.292,304.358590738716
817.41,303.97621418667643
817.529,298.1055259463251
817.648,278.11016238129855
817.766,266.7953182967914
817.885,257.30211923392915
818.004,251.75870372085046
818.122,248.5590111514948
818.241,252.44330126612164
818.359,267.2228294759865
818.478,280.51491179840525
818.597,297.6879490695524
818.715,316.10304683702464
818.834,329.64367730560423
818.953,323.5721590961731
819.071,336.5049745263725
819.19,345.7970506293649
819.308,447.26623882904937
819.427,574.003847210595
819.546,711.5297148151842
819.664,812.7902630972789
819.783,848.0409545090426
819.901,793.2920483721762
820.02,685.3732845571278
820.138,540.289820286431
820.257,459.3848761864984
820.376,380.91374124402876
820.494,326.83650053604924
820.613,284.68061871017494
820.731,259.98568804558124
820.85,240.06478335501345
820.969,221.69193061249746
821.087,223.7260042769077
821.206,238.92371430495416
821.324,259.36644597802217
821.443,291.1762772181898
821.561,320.0337275059765
821.68,338.8175847201701
821.798,331.0239527568747
821.917,310.74980131305966
822.035,283.04534683894167
822.154,252.93396595789727
822.273,235.86068031494813
822.391,231.0505981352024
822.51,224.89592721086808
822.628,213.06766321294083
822.747,214.6584468340613
822.865,212.7912217971731
822.984,216.31793615422436
823.102,215.75547302209816
823.221,228.58868088564273
823.339,229.15608788338645
823.458,225.06548622312164
823.576,215.07358586155812
823.695,227.6894777077868
823.813,223.95645180509788
823.932,227.03814451712748
824.05,225.9518718611916
824.169,229.34265548231198
824.287,221.37326594325918
824.406,210.37703657736654
824.524,206.0907639214308
824.643,210.35167741268145
824.761,196.3026341939755
824.88,190.61462993630846
824.998,191.46948282149856
825.117,196.63082921318224
825.235,196.47962149231176
825.354,201.88945273248027
825.472,220.91227098563581
825.591,225.7671238708262
825.709,224.52414125818098
825.828,218.7833231477003
825.946,206.354193348908
826.064,195.03761766266996
826.183,183.23359608898608
826.301,177.92481261054024
826.42,178.81862653469165
826.538,184.33495128135368
826.657,193.88850546524486
826.775,198.73556614264243
826.894,194.9557869932002
827.012,193.07297754072772
827.13,191.42480012288726
827.249,188.2865794150036
827.367,185.7708695296307
827.486,181.55992154901963
827.604,170.64248006191505
827.723,162.83499528476716
827.841,150.63010791021665
827.959,151.89448460493026
828.078,161.57877471955732
828.196,172.1946665657861
828.315,191.57073157218804
828.433,214.42471865651214
828.552,236.1384460005765
828.67,249.53875343122087
828.788,251.69230761511187
828.907,245.9939137470546
829.025,222.86608264955981
829.143,186.53219094600428
829.262,150.48233653839196
829.38,123.95212535781218
829.499,94.7868738791287
829.617,74.85305094549595
829.735,61.58077243090072
829.854,56.49981894876776
829.972,52.86212045620098
830.091,67.80323890431103
830.209,83.87570157154877
830.327,109.4723297353298
830.446,131.9363882633838
830.564,161.94019730672227
830.682,206.86805521425725
830.801,240.54044626732164
830.919,265.59292390047267
831.037,289.3718084600305
831.156,289.2511259200211
831.274,278.9659412155096
831.392,243.7153885456301
831.511,218.90639431730915
831.629,192.68614467773278
831.747,159.9221720944334
831.866,143.6525718055064
831.984,135.16998450359216
832.102,134.21553572981628
832.221,135.47580557075912
832.339,132.9049065805331
832.457,142.047427503727
832.576,132.7838878208602
832.694,125.57056458820983
832.812,123.04468724300528
832.93,113.14586670089864
833.049,108.04949891055064
833.167,97.58967729864113
833.285,97.46797152628636
833.404,93.80364129327916
833.522,95.60927149447753
833.64,99.98506391630774
833.759,105.924032041959
833.877,108.2254209648037
833.995,113.55487889529655
834.113,122.87728737262249
834.232,140.64910295040156
834.35,153.7818728125659
834.468,184.66615782624544
834.586,212.9305294200116
834.705,234.76200058087733
834.823,239.48524663351787
834.941,236.43100350866905
835.059,220.3005699076299
835.178,195.81602375247812
835.296,176.07346893931788
835.414,162.48848988373334
835.532,159.0299177545558
835.651,162.9436399976727
835.769,162.07814146156892
835.887,172.8974914103136
836.005,183.61034785256498
836.124,194.93013070174288
836.242,214.54342004442748
836.36,225.04415527455788
836.478,243.32584288564078
836.596,253.9962750854683
836.715,264.0710362896248
836.833,273.64969359767724
836.951,294.5106019879806
837.069,305.2598220665953
837.188,320.65406379023136
837.306,328.51670378226544
837.424,346.0970926920485
837.542,351.4445811689312
837.66,362.5435847973289
837.779,372.5170473001856
837.897,392.94072625325884
838.015,404.23540087732783
838.133,406.45215342347484
838.251,401.8533215540376
838.369,398.1982126283235
838.487,391.9829305424364
838.606,394.4282545171551
838.724,393.2389464572419
838.842,396.9803743280647
838.96,398.23002730711244
839.078,392.7870395935194
839.196,386.0263029621773
839.315,379.5027957680645
839.433,378.3792885739517
839.551,383.6895476136052
839.669,384.73313998659216
839.787,384.36720855005524
839.905,384.3952165074576
840.023,382.80590844754374
840.142,375.2157345867639
840.26,365.5770758774993
840.378,358.2518370816545
840.496,354.5898017490132
840.614,351.6810131696187
840.732,346.3990644170641
840.85,341.5318342792279
840.968,337.1693660461534
841.087,338.76187616805703
841.205,340.11282784840216
841.323,348.5365068014746
841.441,353.7757701701315
841.559,358.32239284614775
841.677,369.2534311065796
841.795,372.0970234795658
841.913,381.2202695322057
842.031,394.42403506536493
842.149,407.36459713532065
842.267,417.6454189455362
842.385,427.57039659990755
842.504,429.43909719800183
842.622,442.7303086186069
842.74,450.38602220371416
842.858,457.6374067844923
842.976,460.28705976353876
843.094,460.31247031834266
843.212,458.00974234500814
843.33,459.07151653617575
843.448,456.59735999141276
843.566,459.1768831003294
843.684,458.4230728759128
843.802,459.9956695779032
843.92,454.8539805656079
844.038,454.30190194292294
844.156,464.59138176179636
844.274,477.96657586638395
844.392,489.6274842566858
844.51,495.6736740322691
844.628,488.9596906476793
844.746,493.5721141894964
844.864,490.96375851053426
844.982,489.4393855155548
845.1,478.6474800530429
845.218,465.67635381131026
845.336,437.79180765615797
845.454,413.7540147477589
845.572,366.1205508436889
845.69,336.24552849806025
845.808,306.5479953299207
845.926,287.28595999727884
846.044,263.4334484741607
846.162,256.7670841371897
846.28,232.91890161840084
846.398,223.79366282255575
846.516,198.6034889617756
846.634,176.92586921354956
846.752,156.81102002809408
846.87,145.79746954393718
846.988,133.03586711172832
847.106,122.38855039380513
847.224,105.62261895726749
847.342,98.23173292734012
847.46,85.3560695649605
847.578,72.80015909099197
847.696,68.23272931665386
847.814,69.53822079503678
847.932,68.79962592833549
848.05,68.46473114464763
848.168,79.32669101235675
848.285,86.71104122714459
848.403,85.40595170018409
848.521,87.16366674473068
848.639,96.67866945840561
848.757,108.55778231992832
848.875,121.35133602028523
848.993,144.03146980722204
849.111,168.4120364945917
849.229,179.34152093087894
849.347,177.7091006052615
849.465,180.99356339652718
849.582,187.14122965099637
849.7,188.5927920093617
849.818,201.27812060149319
849.936,216.7582543884299
850.054,235.90332324030163
850.172,243.02847867225995
850.29,243.05146960205388
850.408,242.79827005565744
850.525,253.28100124519167
850.643,257.06243373342727
850.761,258.95468873248524
850.879,261.25819914279845
850.997,268.97989137129315
851.115,263.9795056777099
851.233,259.8319338369404
851.35,258.5328468446557
851.468,271.0787814973926
851.586,273.895711821125
851.704,282.4191356513509
851.822,301.63087116988834
851.94,334.8884941343132
852.057,370.8132166658379
852.175,418.41845867788214
852.293,482.5752158414416
852.411,540.1579470309753
852.529,588.2341847140153
852.647,638.1251410117741
852.764,676.3208592142945
852.882,716.1841098843475
853.0,739.6776635847036
853.118,758.4742475880897
853.236,786.630571851216
853.353,800.7210952485416
853.471,804.0194108536593
853.589,795.9237870648375
853.707,777.2740507219032
853.824,751.923881478536
853.942,715.1970888585456
854.06,679.565534333793
854.178,655.2595209345816
854.296,626.7379231197856
854.413,595.7548534435177
854.531,553.5683205637866
854.649,510.3393634416313
854.767,468.16495177402135
854.884,430.5662976821691
855.002,387.58755701023006
855.12,347.94301547249034
855.238,305.0924133286899
855.355,260.8721142151924
855.473,213.29683674671656
855.591,159.79428655096797
855.708,126.76965843314161
855.826,98.2993450888252
855.944,69.43639130634166
856.062,46.37742719084649
856.179,29.47332005121916
856.297,12.66159348322373
856.415,2.8875543614708685
856.532,-15.660527000894675
856.65,-22.09703154037017
856.768,-34.63937639651408
856.886,-48.26456114728282
857.003,-45.86384683753771
857.121,-47.22180366945011
857.239,-43.01136654286151
857.356,-31.354123952286812
857.474,-25.901733499052575
857.592,-25.783480990740554
857.709,-32.43406229127555
857.827,-34.356892587441564
857.945,-22.744195743859255
858.062,-21.82224121867091
858.18,-9.584459184427642
858.298,7.300213046628901
858.415,14.919829111248902
858.533,25.1254167489965
858.651,30.661419250152978
858.768,39.84125527430038
858.886,52.94071564961604
859.003,51.68851619374687
859.121,48.37369384981872
859.239,46.55399531587109
859.356,41.649956056614826
859.474,38.33277909131152
859.592,38.863728933167096
859.709,37.81897178553427
859.827,42.98345717726784
859.944,29.31086334059233
860.062,12.782090443668015
860.18,2.92660019838521
860.297,1.2821644058903285
860.415,-4.857143258348863
860.532,-5.080099685785414
860.65,-2.4987378031192637
860.768,3.4876449189358834
860.885,2.368912878881181
861.003,1.2117238330683286
861.12,5.7897232605298665
861.238,13.43169874103867
861.356,24.681123853631973
861.473,38.30214841042258
861.591,56.62051257177244
861.708,66.39801013433518
861.826,70.79323843554526
861.943,70.20258289189594
862.061,57.76040148728048
862.178,40.717648965802596
862.296,32.23831790817117
862.414,21.39428990817993
862.531,15.439977870416104
862.649,12.580390812627705
862.766,17.242995337585317
862.884,27.761698317065147
863.001,29.179444294445997
863.119,36.31887375646531
863.236,42.43722431020227
863.354,39.766586431320064
863.471,35.92019097668033
863.589,42.676392924637966
863.706,49.5711230111236
863.824,52.436415868171935
863.941,59.63244465595625
864.059,72.99817041343736
864.176,88.55783556485785
864.294,97.70191630069414
864.411,97.92911391964736
864.529,98.13639811868728
864.646,92.83459140863638
864.764,83.87391023971097
864.881,85.13227668983313
864.999,83.4339331832451
865.116,86.2221697632369
865.233,99.98443231725462
865.351,116.56141348599074
865.468,134.84748556381777
865.586,158.45996456805176
865.703,182.5191968190389
865.821,203.0286455202425
865.938,211.11904660239838
866.056,209.9514390265456
866.173,205.04097430783563
866.29,201.594578853195
866.408,192.66160331197437
866.525,191.0100130521391
866.643,183.67963491351594
866.76,178.97955980519578
866.878,183.5366275540183
866.995,193.0521368612823
867.112,199.89751629841624
867.23,211.37319876585323
867.347,211.6549418393508
867.465,216.73062430678772
867.582,209.49721586513374
867.699,199.3070974667698
867.817,197.194901146328
867.934,198.80564854882994
868.051,209.76358209851816
868.169,217.66004378673452
868.286,230.38767430611966
868.404,245.88846499866477
868.521,259.1693422712965
868.638,269.1290074227162
868.756,276.805555691019
868.873,294.1271256043435
868.99,322.0261846951571
869.108,338.91745157817843
869.225,362.420839673321
869.342,384.70258274681856
869.46,418.23800547399594
869.577,447.3699649977102
869.694,475.62486824436843
869.812,511.4598580711132
869.929,545.5563197593297
870.046,563.4138204085851
870.164,571.4895028760225
870.281,577.446570624845
870.398,586.8763656463947
870.516,582.9988013605852
870.633,574.923834477373
870.75,564.4956208409141
870.867,550.8154591525072
870.985,532.3863797151826
871.102,511.29842581898345
871.219,494.95592646823883
871.337,477.86883837290554
871.454,458.3419234377455
871.571,440.26955395713094
871.688,414.49501997435175
871.806,385.26767213875877
871.923,361.6706273334688
872.04,339.98440503900133
872.157,320.5657152120664
872.275,303.87516391326994
872.392,284.39500222486316
872.509,269.3572647788807
872.626,246.78705980043065
872.744,230.04369464882038
872.861,211.1072559041366
872.978,189.39419378282955
873.095,171.85948663987742
873.213,152.14209551424122
873.33,126.93899010289067
873.447,102.43631759197287
873.564,83.4851602325701
873.681,75.42404616321048
873.799,61.00189313281188
873.916,47.210882922535916
874.033,39.479341712409365
874.15,33.170235945184906
874.267,18.624021456383
874.385,9.314949910891038
874.502,6.757289754647771
874.619,14.492339201656128
874.736,16.094363890931472
874.853,13.16875177240022
874.97,4.914366785848754
875.088,-1.645748858423571
875.205,-12.573368076278676
875.322,-10.54373548040455
875.439,-18.43449196619239
875.556,-16.37486375736039
875.673,-10.915019240632262
875.791,-8.081858255679412
875.908,-4.061246063653509
876.025,-1.251774543924081
876.142,4.223265512617963
876.259,14.214139885117582
876.376,0.04424859710409024
876.493,-2.6367899821149154
876.61,-6.444251801553868
876.728,-3.3153725856238188
876.845,4.106090620655742
876.962,3.148364100457133
877.079,8.848389795194269
877.196,11.112623627182586
877.313,3.631479387736026
877.43,5.165522273603356
877.547,-1.3733829131131143
877.664,0.8433337645658718
877.781,-7.590242754801684
877.898,-10.555087155188435
878.016,-8.244264893405644
878.133,-7.025091093733671
878.25,2.329895348652518
878.367,10.414599428313382
878.484,11.664865576004079
878.601,11.382507731527383
878.718,4.144805762240992
878.835,-0.9790902708893767
878.952,-5.086995675418652
879.069,-9.127419666458856
879.186,-11.653223323821884
879.303,-9.843929054750058
879.42,-9.329750053167935
879.537,-10.177191789224537
879.654,-4.985156388507225
879.771,-1.365121077364559
879.888,-5.370934523997192
880.005,-10.4602085005862
880.122,-18.856588995733066
880.239,-30.560076009437786
880.356,-45.57066954170037
