wavelength_nm,intensity
792.446,191.94756073524522
792.565,212.09422740191187
792.684,220.7980369257214
792.803,218.05898930667377
792.922,203.87708454476876
793.041,164.20245654011904
793.16,123.45405961504832
793.279,94.4466075866772
793.398,70.65022744657685
793.518,64.82509139540083
793.637,65.69241251388083
793.756,82.62535385373586
793.875,110.2758682645119
793.994,131.54179796068152
794.113,169.6345674836912
794.232,189.8624019417659
794.351,189.3006260102304
794.47,171.65486739471234
794.589,153.2523988224844
794.708,125.69235449268069
794.827,103.11412834469508
794.946,89.85191951272674
795.066,92.28841197945962
795.185,94.69373561502346
795.304,100.204686956215
795.423,94.9892313709998
795.542,106.8975853095942
795.661,106.23451067676007
795.78,108.45195552444525
795.899,106.8373657400957
796.018,104.73273266570267
796.137,97.62896539217522
796.256,88.7736829671326
796.375,77.31320573689518
796.494,68.87465318107158
796.613,61.52826628242093
796.732,58.93757524198621
796.851,63.314377834073184
796.97,63.24233935180135
797.089,61.82191690487234
797.208,68.37953376916391
797.327,77.65199497114531
797.446,78.28778598917631
797.565,90.56703490850343
797.684,99.76992598213357
797.803,118.99287019451563
797.922,122.8619251749601
798.041,122.18552560994996
798.16,119.98791392372772
798.279,100.8474450946481
798.398,85.73295029154242
798.517,77.18901825899945
798.636,65.49703427840437
798.755,67.44054813330705
798.874,68.9728065769543
798.993,75.88948060501713
799.112,80.63559186251715
799.231,79.9539974923114
799.35,84.10790095760352
799.469,86.956176717268
799.588,90.37674684922682
799.707,90.6302174140861
799.826,93.05338494864236
799.945,92.52157412822024
800.064,87.16898408701873
800.183,92.88046330988635
800.302,97.52094686175816
800.421,96.88870314090259
800.54,105.99325595684354
800.659,109.11858799356365
800.778,114.23699362335745
800.897,114.17444687219896
801.016,120.62705163619198
801.135,136.52900704953566
801.254,138.98420921612606
801.373,141.0688486121536
801.492,136.67383432852762
801.611,126.59570316178474
801.729,124.43618671365681
801.848,131.24290403176272
801.967,140.52754342779082
802.086,150.02257243420854
802.205,152.07344559647032
802.324,149.53990317431638
802.443,127.26869841450002
802.562,100.22962559959677
802.681,77.838918043454
802.8,56.81320015785665
802.919,32.161184845512906
803.038,16.70768897294782
803.157,9.857789607260603
803.276,-0.7664623162260809
803.394,8.303999171713905
803.513,7.849959123668024
803.632,0.6644877904596953
803.751,-16.178075010939097
803.87,-31.495872415889714
803.989,-42.35704228328775
804.108,-50.21907943758946
804.227,-47.47088568244757
804.346,-38.061952842127376
804.465,-27.658815096686226
804.583,-22.641958389718017
804.702,-11.609074437033161
804.821,-7.621400977539756
804.94,-3.927984857698208
805.059,-4.859479958854948
805.178,-6.961483509161456
805.297,-13.723904282242458
805.416,31.04116506013584
805.535,75.64293360760256
805.653,110.6413710457842
805.772,113.33433871894923
805.891,106.55888421564008
806.01,79.6091653981428
806.129,51.85296852763019
806.248,39.5134537839546
806.367,75.07120388282937
806.485,110.54623134319343
806.604,142.3954336966616
806.723,170.68436097528468
806.842,206.5680934487131
806.961,230.06567873599462
807.08,246.61261467262676
807.198,255.87383632354465
807.317,256.05194109134567
807.436,245.2265826556835
807.555,229.3137783325754
807.674,209.48149348998675
807.793,202.57907877726842
807.912,195.3580493459354
808.03,199.7231671007495
808.149,212.2475922148712
808.268,243.90967966665542
808.387,289.044494391167
808.506,328.3715169078864
808.624,356.4491887752551
808.743,373.6662545820176
808.862,375.15258445804403
808.981,363.26402255917844
809.1,333.4784909633432
809.219,313.35962603417454
809.337,289.14379140803635
809.456,267.06302171696296
809.575,241.8047628484005
809.694,227.8235602568941
809.812,217.55058277361255
809.931,210.43518104790655
810.05,218.4150174174385
810.169,237.02082781294445
810.288,245.6777204595326
810.406,267.43418020568777
810.525,274.92310748431066
810.644,282.6942858451845
810.763,281.1676287082227
810.882,282.71456464485397
811.0,282.73769105767576
811.119,284.02488673456696
811.238,279.35017764955325
811.357,290.93261142168245
811.475,294.00768588645235
811.594,298.587522255984
811.713,307.68597334413045
811.832,326.013861661714
811.95,334.5512737888215
812.069,349.2003742276175
812.188,360.01484263178156
812.307,370.23710324373786
812.425,373.81347640980664
812.544,373.5915811776073
812.663,373.3947941705161
812.782,377.56337512879304
812.9,384.63585219096615
813.019,400.74209548690567
813.138,413.140979475486
813.257,432.9762271004298
813.375,451.8790071929061
813.494,457.926376029971
813.613,465.1953898886808
813.731,471.1648366478235
813.85,470.5325518052347
813.969,478.32970419208317
814.088,478.7623544144296
814.206,484.4209786627501
814.325,486.67094490241266
814.444,479.34861676978073
814.562,481.06784707870713
814.681,484.4797180802743
814.8,477.3487319389843
814.918,482.74328692323553
815.037,473.2919544615993
815.156,468.00425836359926
815.274,464.4317137807508
815.393,463.2054895442226
815.512,460.5939839224129
815.631,449.2067207248458
815.749,446.1216220294432
815.868,447.94561424313144
815.987,443.6864895737027
816.105,444.83342551033445
816.224,449.7665086331134
816.343,454.85889911519956
816.461,452.4101640561602
816.58,435.3164073520992
816.698,428.7776290030165
816.817,416.812010827094
816.936,395.6230160277948
817.055,371.2608610553355
817.173,349.42078400495404
817.292,327.9633909372565
817.41,319.0566472202083
817.529,311.32392947718586
817.648,309.8500861930379
817.766,312.28966282231
817.885,305.1959061182486
818.004,299.1662186782564
818.122,298.30189920363193
818.241,291.3042463956738
818.359,293.6364637175857
818.478,298.9522308230471
818.597,309.027305287816
818.715,323.49844952906767
818.834,333.7707158276265
818.953,320.8517758864997
819.071,339.1674516869431
819.19,349.56247944713897
819.308,464.52360476397337
819.427,605.4312063161422
819.546,757.2028741514976
819.664,869.1227354467331
819.783,905.2115682672292
819.901,837.3319933913639
820.02,717.9585633387815
820.138,552.7460740939448
820.257,465.61999674076503
820.376,375.5726363507779
820.494,317.8415673136162
820.613,276.5702378555586
820.731,252.67994435495967
820.85,232.01216167687153
820.969,222.83442228882672
821.087,232.98222402632308
821.206,259.4252638590574
821.324,284.5470915705795
821.443,325.3078803210626
821.561,360.1820889849656
821.68,384.18703357960464
821.798,380.2785582608237
821.917,350.8376154095752
822.035,321.0468890085431
822.154,284.02326217461035
822.273,261.9719297129719
822.391,252.36648469722076
822.51,248.53073665116645
822.628,243.4473695574932
822.747,241.459240559058
822.865,241.37673926625047
822.984,241.22930290850798
823.102,237.6628189317178
823.221,241.92317478176744
823.339,239.16534881363518
823.458,236.61791245589262
823.576,226.10770553537935
823.695,236.2347280520954
823.813,247.27603628309708
823.932,242.8827124794667
824.05,239.50237568882346
824.169,246.4700908462321
824.287,241.71745968329455
824.406,233.76656012208886
824.524,230.52734887257145
824.643,233.3504752853919
824.761,230.86018178479236
824.88,225.3534380677426
824.998,226.1904172944159
825.117,238.0066173003098
825.235,232.70073938412582
825.354,233.8182380913186
825.472,241.39720865998322
825.591,243.3224995749681
825.709,241.15688139904375
825.828,237.59299482485102
825.946,239.500103921654
826.064,235.15526496650887
826.183,228.41648661742454
826.301,227.10887709950913
826.42,220.6367654170916
826.538,226.14560611562638
826.657,225.1124554721699
826.775,229.98406673347546
826.894,232.04269098179407
827.012,226.20954033833783
827.13,227.4828832013751
827.249,219.18999229817862
827.367,206.91701481489542
827.486,198.69079057836547
827.604,184.35980443707365
827.723,182.3344460014095
827.841,169.70302695968468
827.959,171.04909709544896
828.078,186.29386852991448
828.196,203.2754365011766
828.315,226.8007274161618
828.433,254.8541568592856
828.552,275.51364690847015
828.67,293.9203231048409
828.788,290.45946683367924
828.907,275.4886538525609
829.025,255.38883654243818
829.143,214.44335745840056
829.262,170.7299371223537
829.38,136.34364479326624
829.499,92.34878742941855
829.617,75.89558470811681
829.735,63.73761074773973
829.854,53.941277208367154
829.972,62.61896438859538
830.091,68.07272744551528
830.209,86.43303100721523
830.327,104.75995565094706
830.446,126.72496510490446
830.564,172.9174509692249
830.682,214.68226695812893
830.801,252.5009718341633
830.919,291.1295509198362
831.037,318.89146333884264
831.156,322.914847619321
831.274,308.7200500816178
831.392,277.6949495136117
831.511,249.14171041746698
831.629,216.98673971959062
831.747,188.19453958448474
831.866,176.97896282600217
831.984,167.98156788570134
832.102,159.0231339843615
832.221,158.71405073237227
832.339,154.05518393059958
832.457,157.318395050905
832.576,149.51320790281224
832.694,146.8855099322086
832.812,148.45954356333678
832.93,139.34277346009117
833.049,135.53444682766894
833.167,126.04996988552486
833.285,114.69369807899548
833.404,111.64181348603299
833.522,113.64059321547361
833.64,122.49298949361801
833.759,133.83438723998879
833.877,141.6988378335635
833.995,150.12095433731932
834.113,156.0831953524268
834.232,165.44889957099758
834.35,185.2674176423822
834.468,212.25909588692707
834.586,239.04038452108233
834.705,262.1333614669261
834.823,274.4462518326831
834.941,270.5686660079639
835.059,257.4980065901711
835.178,222.81782336285448
835.296,199.4493284472262
835.414,178.3622188129833
835.532,171.85173255536358
835.651,171.87804283454042
835.769,181.88184229120634
835.887,202.98347724570772
836.005,227.64268795778491
836.124,236.3339333018967
836.242,258.2944427152726
836.36,273.8878525615489
836.478,296.5461974727601
836.596,306.8149319943609
836.715,312.69492192721714
836.833,323.97750926267076
836.951,344.5137762518043
837.069,344.98857137946607
837.188,357.8044920482535
837.306,374.0853477819759
837.424,395.48481823431297
837.542,407.00290340526465
837.66,415.3781314333592
837.779,432.1741386822331
837.897,449.38573034669145
838.015,444.98606659989457
838.133,449.2989569656519
838.251,453.6438819634438
838.369,458.19313596556464
838.487,458.066199491495
838.606,466.397271675434
838.724,477.2763958074248
838.842,476.53906972296556
838.96,466.4294492662119
839.078,460.0384435280729
839.196,456.8543641968604
839.315,452.9897653851285
839.433,447.58317523140533
839.551,455.2951997962969
839.669,451.8479170018811
839.787,449.1928419996733
839.905,448.3611436208421
840.023,453.2411335536993
840.142,460.88649145192454
840.26,454.5508969691974
840.378,447.69409036525826
840.496,439.9991885232238
840.614,430.1034208803235
840.732,422.3453155750856
840.85,416.65301113564874
840.968,420.79620453170986
841.087,429.1125581009313
841.205,418.841032882274
841.323,416.3262176203267
841.441,410.84949759647475
841.559,420.298318698164
841.677,423.0025510552645
841.795,435.41241111799286
841.913,451.3659941244441
842.031,466.7429537542721
842.149,477.798701262888
842.267,501.12977344682855
842.385,518.2617114316348
842.504,530.6014416242334
842.622,537.755024630685
842.74,550.0644517929809
842.858,547.8976884790861
842.976,541.7265961608623
843.094,548.4109150980498
843.212,550.3099526499561
843.33,554.1613711542432
843.448,543.9643048100456
843.566,548.6832557818655
843.684,549.3416006930793
843.802,541.4077378120851
843.92,538.9578576150737
844.038,546.4785401886252
844.156,545.2416470046007
844.274,558.7857062015289
844.392,564.0804147491065
844.51,587.3612704828313
844.628,593.5529487273786
844.746,602.9212503485495
844.864,600.3527554329237
844.982,597.3929185259558
845.1,575.0703110562172
845.218,547.8238940626691
845.336,507.68656797821177
845.454,478.3691553136678
845.572,431.2829114802928
845.69,397.13000098025117
845.808,360.68358398670307
845.926,338.05967781566596
846.044,308.6539534628106
846.162,291.2413027030286
846.28,273.9247558393504
846.398,253.35452932199235
846.516,231.5055149258464
846.634,210.27727975047966
846.752,184.25337357944193
846.87,157.67881805775485
846.988,136.36140539321065
847.106,120.99550788018158
847.224,109.90666664420885
847.342,92.49667009765474
847.46,90.74175833246936
847.578,85.91639019582581
847.696,80.55419022629115
847.814,77.69796184828627
847.932,77.63966735099308
848.05,77.80441057233682
848.168,88.08377023231989
848.285,94.49467439189607
848.403,100.72034744639942
848.521,108.70820962888149
848.639,118.59444796758024
848.757,137.01401963961246
848.875,150.95653503458865
848.993,160.72242705294144
849.111,181.63463941761472
849.229,195.3182803537165
849.347,202.61923730713437
849.465,217.6760384163963
849.582,226.5250473178659
849.7,238.48314712842642
849.818,247.37284867058875
849.936,249.19242034262118
850.054,266.3124249150865
850.172,278.21597927110156
850.29,293.2277587353418
850.408,309.2438672039109
850.525,315.1950406075449
850.643,319.54188500684995
850.761,325.5934913109169
850.879,326.9160932859793
850.997,326.9131541355006
851.115,327.97774745255435
851.233,332.8267563540237
851.35,327.9303107100384
851.468,324.48321571540396
851.586,330.07421595886484
851.704,346.82625516336486
851.822,372.5843549739256
851.94,397.17535521738677
852.057,438.0070481015406
852.175,495.8976154445687
852.293,554.687749887164
852.411,628.4207414726167
852.529,699.8688845732208
852.647,764.0832614400589
852.764,821.3651707744295
852.882,870.2375562992768
853.0,895.4510673652494
853.118,922.6550546216984
853.236,939.6512496703551
853.353,960.7877044592717
853.471,952.6921246161535
853.589,937.1411335176242
853.707,921.7858134147663
853.824,906.9543028357178
853.942,874.6024459363232
854.06,838.4653076516472
854.178,793.9117191505211
854.296,760.6040180952825
854.413,706.4841958279228
854.531,658.1955423917319
854.649,610.4722569209089
854.767,564.1195342206488
854.884,513.3901881437652
855.002,450.0781580841977
855.12,384.76959122809353
855.238,342.31383822480325
855.355,286.7316782951061
855.473,239.4767910926817
855.591,198.40631947467298
855.708,156.15056647138283
855.826,119.50087407415336
855.944,84.25560269039573
856.062,58.228046776021436
856.179,46.960226124595394
856.297,26.993914150354374
856.415,13.534547456789465
856.532,0.10308367628218018
856.65,-22.040618399842053
856.768,-34.74938750216662
856.886,-49.44857170358813
857.003,-52.8150294301759
857.121,-54.63094056778761
857.239,-55.02086574740684
857.356,-49.3990609438181
857.474,-46.814984615912124
857.592,-40.08803777663901
857.709,-34.35392705433186
857.827,-25.971194079302045
857.945,-14.297120462606848
858.062,-11.545782859115096
858.18,-6.015896663797156
858.298,6.117400874268246
858.415,13.035106842036473
858.533,26.299638158274846
858.651,32.56775067740245
858.768,42.02879111939946
858.886,54.884764457586584
859.003,60.92321287729987
859.121,61.44926381878072
859.239,67.73017174276768
859.356,60.26840458260624
859.474,57.22655084235818
859.592,49.74833346574639
859.709,41.928279459052746
859.827,36.51271790849232
859.944,28.701779475467884
860.062,18.94974900721195
860.18,11.438614353457803
860.297,-2.083988667809973
860.415,-5.157986310157213
860.532,-8.822899643854885
860.65,-11.052120391279235
860.768,-14.300649208205751
860.885,-8.795960921985346
861.003,1.8361393840784648
861.12,9.312970777337892
861.238,17.320807516553344
861.356,27.677940370608923
861.473,31.995031450391146
861.591,38.95951572503478
861.708,44.27758099598336
861.826,55.532072439090314
861.943,63.66725250748434
862.061,66.82580919925508
862.178,58.98691981129191
862.296,48.511407174897435
862.414,35.85489922461358
862.531,29.59207142246433
862.649,23.641540964466977
862.766,26.281017630178503
862.884,23.16218230944103
863.001,23.52253939362518
863.119,20.760684879644295
863.236,29.46946714744815
863.354,42.58849707747746
863.471,55.989472918276945
863.589,63.963626173940995
863.706,63.91268489570835
863.824,63.56638913581311
863.941,69.15602411184852
864.059,80.72747726970219
864.176,95.6928698214952
864.294,107.16648748151331
864.411,116.43491033633654
864.529,111.60116868899536
864.646,101.03236210658936
864.764,105.04797110859894
864.881,104.22894807597643
864.999,107.66620209963096
865.116,110.62726564709494
865.233,122.52945473568454
865.351,138.11649230912258
865.468,156.0169497959809
865.586,183.2005241659563
865.703,210.44470459653792
865.821,229.1971101353448
865.938,241.17289229752828
866.056,247.42573073676783
866.173,248.11666441410256
866.29,238.06820415204317
866.408,234.36952743976724
866.525,223.36782042446103
866.643,217.0215246645662
866.76,217.66570509514753
866.878,219.89689851274196
866.995,219.79475859700293
867.112,221.11253210117727
867.23,218.42684240188828
867.347,221.45890162034823
867.465,215.88403443188201
867.582,223.00527113951975
867.699,219.78018750083714
867.817,226.5646276716785
867.934,234.54993364338543
868.051,251.1560188358717
868.169,256.9274719937257
868.286,262.24697709963186
868.404,270.6288198678757
868.521,281.0851215105785
868.638,288.0583062701646
868.756,305.95530055356016
868.873,325.43064981531086
868.99,354.1726657437283
869.108,375.4436860011501
869.225,399.8662214100872
869.342,433.16148409175156
869.46,484.04289395956323
869.577,528.2836111866823
869.694,576.11220720168
869.812,611.4810629569374
869.929,640.4152866775628
870.046,662.6430168916945
870.164,671.5962882313675
870.281,672.9235855450663
870.398,674.5565105643932
870.516,665.2015567958414
870.633,666.3409753216617
870.75,651.467406834495
870.867,636.863968217458
870.985,624.6051183450097
871.102,605.6986494249422
871.219,589.208630721325
871.337,559.4233739224696
871.454,532.0736149591122
871.571,505.01043608233476
871.688,478.40872906702924
871.806,448.2736887183904
871.923,420.10055313165617
872.04,394.5871578046624
872.157,363.66250706641324
872.275,334.24002083032883
872.392,308.06169043840026
872.509,282.92924749235937
872.626,267.3604409099549
872.744,249.19250012841633
872.861,228.52499224731048
872.978,209.8020731107934
873.095,185.10599380111603
873.213,168.45493613646033
873.33,151.86621613414223
873.447,132.93723639156454
873.564,116.18055102128125
873.681,97.26975309688552
873.799,73.90181231534689
873.916,52.21965023327999
874.033,35.79978287104559
874.15,23.839698282501274
874.267,10.486253843556835
874.385,6.540966191963164
874.502,9.673123778048872
874.619,11.0732394805575
874.736,15.556137242687461
874.853,15.0490691602077
874.97,12.694171418467878
875.088,4.303904958186644
875.205,-9.407759362135561
875.322,-12.204030755048382
875.439,-9.489611915549961
875.556,-11.781859189776398
875.673,-7.970485026922825
875.791,-6.511487085020504
875.908,-5.278798804799883
876.025,-9.048688567284293
876.142,-9.024832215414934
876.259,-9.308519657943089
876.376,-11.533787119084577
876.493,-18.288099590298614
876.61,-14.185236277032672
876.728,-9.83369501944022
876.845,1.0519627691628506
876.962,6.210017704924656
877.079,7.9438711449920305
877.196,9.288609489283019
877.313,9.248155979938023
877.43,-3.419989962200129
877.547,-6.791178296417025
877.664,-10.429079645781016
877.781,-14.036997604010054
877.898,-15.904612291729041
878.016,-24.857923823253856
878.133,-18.488185204748657
878.25,-5.950127016302328
878.367,-9.68530726598756
878.484,-2.905531606577548
878.601,-1.8042347484032624
878.718,-6.1514547115173315
878.835,-15.288382019976979
878.952,-28.08943763562279
879.069,-28.875534828514944
879.186,-27.520159926007416
879.303,-24.096292183817276
879.42,-21.199844380985006
879.537,-17.534462975152366
879.654,-15.06281004752013
879.771,-24.510645251663007
879.888,-18.590748603810923
880.005,-20.95820529091042
880.122,-24.420274784485265
880.239,-28.9769570845355
880.356,-34.628252191061115
