wavelength_nm,intensity
792.446,160.43198159127735
792.565,178.8762240155199
792.684,188.56592098521696
792.803,189.50107250036854
792.922,181.68167856097438
793.041,154.66695994625576
793.16,123.683410162706
793.279,103.23838851768431
793.398,80.4202066995025
793.518,73.2929339722298
793.637,73.53362661292248
793.756,94.20462228391818
793.875,122.75267423197015
793.994,157.2323279116238
794.113,181.47475215404802
794.232,190.6150118943077
794.351,187.30072618002202
794.47,167.64098592028174
794.589,139.51024998954588
794.708,115.77345345274935
794.827,95.12237120166716
794.946,88.4011590804551
795.066,82.6955313748274
795.185,80.4981287774248
795.304,96.56999024928626
795.423,102.3682586475546
795.542,99.67994695924281
795.661,96.0037564830523
795.78,96.7388214181172
795.899,94.98297726227308
796.018,83.57518505448088
796.137,74.05137553067145
796.256,73.10159198088797
796.375,76.16825864755464
796.494,70.93466985616944
796.613,60.190112644516304
796.732,58.915291719600376
796.851,51.713552606760906
796.97,34.44322346364142
797.089,25.827122962587328
797.208,31.10017933826513
797.327,45.538434716666586
797.446,52.588049444113324
797.565,64.78892499252524
797.684,73.91075367673201
797.803,83.45115265724701
797.922,89.55865120486183
798.041,89.51030559663265
798.16,92.68100760745106
798.279,86.94694771350743
798.398,82.36613457281031
798.517,82.26757251436402
798.636,68.6313481182553
798.755,72.52585965288262
798.874,73.92426729140604
798.993,69.37375718101183
799.112,75.03017347754403
799.231,78.13420882169518
799.35,82.25123117883328
799.469,83.0634916312095
799.588,83.89826290609659
799.707,91.39190863985812
799.826,89.44313013119537
799.945,80.68915681733795
800.064,74.5758761441733
800.183,72.61930542771847
800.302,74.4116524601815
800.421,75.45941074805594
800.54,91.27167120043251
800.659,101.58436455324198
800.778,107.9611271701207
800.897,108.20715385626345
801.016,108.62980391902961
801.135,109.46197779131948
801.254,115.24739841685613
801.373,117.05879306836691
801.492,115.85200590169592
801.611,116.23829232809865
801.729,118.20726273718547
801.848,126.52082189086107
801.967,130.26814727830305
802.086,130.29945534972762
802.205,128.3247028150916
802.324,118.09107582158097
802.443,97.73796830858967
802.562,81.27274033162792
802.681,59.58741126345973
802.8,47.348989993364455
802.919,30.03403147648293
803.038,20.399636074518682
803.157,9.173834446863737
803.276,6.972846123163862
803.394,2.8351724145027903
803.513,0.13242986232095877
803.632,-9.254863521270746
803.751,-13.493247976120541
803.87,-21.42826615556291
803.989,-24.797378103266794
804.108,-33.8748285548605
804.227,-29.406871848594847
804.346,-32.04027619823072
804.465,-25.644147905636565
804.583,-21.410741074623477
804.702,-15.065931633640723
804.821,-14.289540982527178
804.94,-13.049746067807881
805.059,-20.52729062966536
805.178,-16.24704532865406
805.297,-13.024766647411742
805.416,-4.891928670129422
805.535,7.425133041998523
805.653,13.586019758423582
805.772,12.822695369022302
805.891,10.513615483275293
806.01,5.612078699560524
806.129,20.265461563210867
806.248,39.50707533085574
806.367,60.45212147439884
806.485,88.62012764390249
806.604,122.40901847224207
806.723,155.1478894177286
806.842,182.14309284279943
806.961,205.60669453626866
807.08,220.4460538054957
807.198,225.23086762017715
807.317,206.76113598031316
807.436,196.4957333447781
807.555,184.182711661624
807.674,181.27228738106731
807.793,181.2475773862251
807.912,184.70338687190224
808.03,187.6033522017354
808.149,204.69379372204457
808.268,220.70284996096862
808.387,254.02359451158105
808.506,277.7434732613277
808.624,305.06335201107436
808.743,326.68799266558307
808.862,334.96631297377144
808.981,328.9398713771981
809.1,316.3974124646072
809.219,292.109499006562
809.337,262.21206173899304
809.456,228.89557685237654
809.575,201.98948157614973
809.694,182.76996638650306
809.812,167.9798884262937
809.931,167.6556113318851
810.05,175.34432125046334
810.169,189.0278363638467
810.288,204.0282345941132
810.406,214.24594884169565
810.525,222.13985356546868
810.644,222.19479725028071
810.763,225.94238162773354
810.882,238.4068491220696
811.0,241.9570309021198
811.119,252.37387934883682
811.238,258.02449402932007
811.357,258.7045459392405
811.475,262.8434723080354
811.594,268.0568575512891
811.713,280.71439863869847
811.832,295.97973193390015
811.95,309.92818211221856
812.069,320.4610478749525
812.188,329.651922295695
812.307,331.9960434696842
812.425,333.18172308523174
812.544,324.8531169864936
812.663,317.130571493816
812.782,317.3725281656407
812.9,321.4084242314047
813.019,330.8460518989003
813.138,344.65077913349535
813.257,360.89100420358807
813.375,374.91824226069366
813.494,385.3757833481024
813.613,398.17271837490506
813.731,410.4285278605823
813.85,412.62373128565355
813.969,416.8423113341014
814.088,421.45742817908604
814.206,422.8370471885728
814.325,422.44264022403337
814.444,422.01186962313045
814.562,425.69451893564747
814.681,426.41872668972314
814.8,423.8026747035391
814.918,415.9467958775284
815.037,414.87446683506755
815.156,407.44715943762844
815.274,396.24755766789485
815.393,387.4444926946983
815.512,391.3444580245319
815.631,387.3881462980886
815.749,385.9798865196972
815.868,383.3872111568901
815.987,383.1824145819617
816.105,379.84341887283404
816.224,370.8031244624075
816.343,368.81131490046573
816.461,369.69656161558026
816.58,361.8718516207381
816.698,357.633288812043
816.817,359.51593812456014
816.936,348.13971297820285
817.055,334.92019778855536
817.173,314.6521977504229
817.292,297.3616868897796
817.41,284.5984487564089
817.529,276.3546911425186
817.648,266.5949162126108
817.766,267.6905525381144
817.885,259.9290460064751
818.004,259.9329074402037
818.122,252.9289766661402
818.241,249.82201558904643
818.359,255.26743546433352
818.478,266.1059289326944
818.597,276.424076080709
818.715,293.1157131881048
818.834,305.10018343812766
818.953,296.5882855107338
819.071,306.57507231734087
819.19,312.40182964841387
819.308,421.6136865572361
819.427,558.9480205691424
819.546,702.0651067656406
819.664,810.3604116932167
819.783,838.2827810946013
819.901,774.3955470717166
820.02,660.9230396909386
820.138,507.13851463474555
820.257,431.01938711850767
820.376,353.34142284745826
820.494,300.7845326802658
820.613,270.5217550861374
820.731,247.3758329700824
820.85,232.62211864623515
820.969,214.57056882455225
821.087,208.34412722797757
821.206,229.7280752417925
821.324,251.04622238980681
821.443,273.5158846893363
821.561,305.9076249109438
821.68,328.1010967342829
821.798,341.14305340610684
821.917,327.7573044502251
822.035,301.0763173991053
822.154,278.12346887612404
822.273,250.63468961721225
822.391,220.15543416782435
822.51,206.15236919462706
822.628,194.5501700222955
822.747,203.80597950797264
822.865,206.6522651841259
822.984,211.0621872239156
823.102,212.70674129833753
823.221,213.15042957189377
823.339,208.16987542120773
823.458,211.00057668177715
823.576,202.7135290245975
823.695,205.52778006871665
823.813,200.65891422971904
823.932,203.74935575002888
824.05,203.6848189153605
824.169,206.34236000277014
824.287,201.58345087372942
824.406,197.02887074901764
824.524,187.71238586240088
824.643,185.18897456885762
824.761,181.34175375150474
824.88,185.1170437566626
824.998,192.2334593029459
825.117,198.99835969771394
825.235,198.26888779810938
825.354,198.26322542231432
825.472,198.9138401027962
825.591,195.88739850622184
825.709,198.04364089233155
825.828,197.64923392779204
825.946,193.88253259095816
826.064,188.8716754099684
826.183,186.83657580473607
826.301,184.63264503067256
826.42,187.3447315726262
826.538,187.34080079856244
826.657,198.9593808470094
826.775,198.62125093874639
826.894,193.73593488329715
827.012,191.31295649018568
827.13,190.1029651100613
827.249,186.62630706327027
827.367,180.8552767221068
827.486,177.55004724674401
827.604,177.34092166748485
827.723,172.11361427004363
827.841,163.99106877736438
827.959,160.13865315481496
828.078,165.72000376603188
828.196,176.90481758071215
828.315,192.6446097503709
828.433,220.46665300228085
828.552,240.4809040463986
828.67,256.0986182939795
828.788,247.16048838571623
828.907,231.5418389969331
829.025,207.3231896081498
829.143,165.57437117459392
829.262,137.32964812153557
829.38,110.35164382948975
829.499,89.34375513134265
829.617,74.67527628307198
829.735,60.7041832139979
829.854,54.25965959648414
829.972,59.8327136904328
830.091,65.69320345624723
830.209,82.22052244569988
830.327,97.73194101006129
830.446,117.26026142205889
830.564,139.76128354849934
830.682,166.35227856777283
830.801,194.58696300217045
830.919,223.12467773959827
831.037,237.52213273676642
831.156,239.4979427122895
831.274,231.28327649733637
831.392,208.1673115810845
831.511,186.80199601548193
831.629,157.057288727377
831.747,138.99754388630825
831.866,124.11622411801295
831.984,116.5203160888426
832.102,117.89223526766753
832.221,116.79372202977319
832.339,119.944629535648
832.457,127.2887245967841
832.576,113.11037925992312
832.694,112.64182972115535
832.812,111.0316445438664
832.93,113.27389993102264
833.049,109.2315563485478
833.167,106.86589575476049
833.285,106.81007359704287
833.404,109.46436322232316
833.522,100.24636691422566
833.64,103.02711568828695
833.759,108.3791404543912
833.877,114.83120900395299
833.995,119.4865078280994
834.113,124.05727415230211
834.232,135.0267006982819
834.35,151.83335668149113
834.468,166.07377889846646
834.586,188.1029457041866
834.705,212.4455324233266
834.823,219.48855204289958
834.941,211.8224807533818
835.059,198.67935318680765
835.178,187.84445072845864
835.296,167.86063052119187
835.414,146.69932113643563
835.532,140.87307668674435
835.651,146.3065724967932
835.769,147.0941808609544
835.887,154.58395372728006
836.005,179.4139863338654
836.124,202.0925037889357
836.242,219.3242679972526
836.36,228.09975514929255
836.478,249.46138948747972
836.596,261.6715086741518
836.715,266.6565196357158
836.833,269.8735652293146
836.951,281.22740735971
837.069,289.8583057671617
837.188,303.6744855598947
837.306,319.301920763883
837.424,343.93887977739496
837.542,355.9931548082228
837.66,360.1738367654576
837.779,369.64975681793055
837.897,371.2815210262476
838.015,372.20419432547385
838.133,380.1156122134446
838.251,389.8123114866967
838.369,394.24320989414787
838.487,394.66198708947775
838.606,392.9335781376216
838.724,396.70646788706415
838.842,385.98758274473175
838.96,383.0245417582437
839.078,381.60349211374705
839.196,382.7140442008522
839.315,385.85230191566313
839.433,391.21480205471676
839.551,390.20933682580494
839.669,387.30949930252075
839.787,376.41139338096787
839.905,371.86913161525916
840.023,363.4506793733598
840.142,360.6278981271313
840.26,355.6328225086083
840.378,352.5580932104315
840.496,350.25912148801217
840.614,348.5125307179738
840.732,349.06550704750236
840.85,351.2366651952128
840.968,351.46063719573715
841.087,348.7278992395512
841.205,339.48693617514016
841.323,330.6009514657072
841.441,331.49591913722656
841.559,329.74240196026096
841.677,347.60187179628224
841.795,363.9029000738618
841.913,380.31301926053226
842.031,390.7447834688477
842.149,405.911612612228
842.267,414.54684002400677
842.385,422.36301981673785
842.504,424.51772774799724
842.622,436.669838276659
842.74,441.57259815597
842.858,443.7749251348481
842.976,444.4586373951113
843.094,453.73802065104564
843.212,451.72043421001047
843.33,446.7123715784991
843.448,443.8402396829184
843.566,445.2391034583334
843.684,447.8552832510643
843.802,447.03163620396816
843.92,450.1534437023263
844.038,457.70815163358475
844.156,457.80225350423717
844.274,459.63921251774667
844.392,465.3809334360181
844.51,473.5070699387053
844.628,479.1682713764576
844.746,477.41042519516236
844.864,479.3867781480661
844.982,485.74668088451955
845.1,474.8823411967303
845.218,465.4638889548283
845.336,439.19175705924647
845.454,408.50230914634875
845.572,371.9271469477366
845.69,331.73640033354013
845.808,298.1577749314647
845.926,281.9973313475708
846.044,257.1165414433305
846.162,244.26951777285618
846.28,222.30474518463288
846.398,211.272440128877
846.516,196.76221299519892
846.634,175.12211573165058
846.752,160.10972409580782
846.87,143.76399912663155
846.988,130.6009581401393
847.106,114.14664808779916
847.224,99.95837888455259
847.342,90.87618677111975
847.46,81.35569307624249
847.578,70.7934504261323
847.696,66.23123099089274
847.814,65.39650668888426
847.932,65.65651045522114
848.05,63.372248242854546
848.168,66.31616677714148
848.285,68.85524923215115
848.403,77.94799997027188
848.521,82.46786283624567
848.639,89.77174178799913
848.757,110.100474554983
848.875,120.30448071167541
848.993,138.15264271252363
849.111,154.1159562285235
849.229,164.37623944149314
849.347,173.00708542502565
849.465,180.03966301028993
849.582,186.94669947001307
849.7,201.21044588644602
849.818,210.98588061456735
849.936,223.53534131671438
850.054,234.76012669418608
850.172,241.04378653053223
850.29,246.69021692964907
850.408,250.1764741685928
850.525,262.85407339887854
850.643,270.91089340838505
850.761,272.42399047416865
850.879,281.93968494254966
850.997,291.39996815551945
851.115,291.25072755896554
851.233,286.7975908585156
851.35,281.2613372749489
851.468,285.051490617789
851.586,280.64857036755575
851.704,285.70798777966013
851.822,306.20463462899414
851.94,340.2519308289775
852.057,379.612646942381
852.175,426.7136227960441
852.293,481.1020445371532
852.411,535.8965268843227
852.529,580.2156845561675
852.647,624.7244526176225
852.764,667.4072466531035
852.882,705.4588718574155
853.0,737.7027048539351
853.118,765.0703473742639
853.236,784.384310240913
853.353,802.2861518954409
853.471,793.026088788064
853.589,786.0655927802544
853.707,769.587347854696
853.824,746.6372414572761
853.942,714.5927627654839
854.06,689.4703619957697
854.178,664.668307546402
854.296,638.9476383784194
854.413,596.1100860935536
854.531,568.1937459298999
854.649,527.1163668052072
854.767,486.15327339480024
854.884,431.01182500603846
855.002,385.7102034571036
855.12,340.1981922977792
855.238,288.72427637655
855.355,240.731745736706
855.473,203.4673536250006
855.591,160.3051260154597
855.708,123.65804992107044
855.826,88.96733487149183
855.944,61.23542975274499
856.062,42.88015626640388
856.179,24.23402077988635
856.297,11.365320832770081
856.415,-3.501344352301134
856.532,-15.653127935948767
856.65,-27.994714694255276
856.768,-35.596426406346104
856.886,-38.67663667063023
857.003,-34.2928092950264
857.121,-36.180203027509194
857.239,-38.12147684221459
857.356,-40.60237359525985
857.474,-40.72041191064429
857.592,-45.304317493414445
857.709,-42.73321065312027
857.827,-33.72864573651805
857.945,-23.606960361751366
858.062,-8.26683347474824
858.18,3.7462453302524663
858.298,15.723038312864343
858.415,23.5046473638781
858.533,29.00213271754108
858.651,33.50479843306742
858.768,41.079103351527365
858.886,51.76748401852697
859.003,61.75459191510301
859.121,60.845989919695754
859.239,57.16509355199425
859.356,50.975972076067976
859.474,44.002435015726256
859.592,33.65794463467188
859.709,31.259746366415953
859.827,29.33772282504718
859.944,18.21951128453842
860.062,9.153008146004467
860.18,-2.3865362373574195
860.297,-6.1138243994326364
860.415,-9.729904793478653
860.532,-15.769758324917504
860.65,-9.051635173536251
860.768,-6.607742134418386
860.885,-0.31300910813950034
861.003,9.776527928076328
861.12,16.416926093317738
861.238,32.89070602285153
861.356,39.43383158728204
861.473,41.492409803844
861.591,44.539554455095896
861.708,44.28610053656418
861.826,50.72355570894158
861.943,49.97154313422604
862.061,42.194373681878595
862.178,42.82175959376261
862.296,37.83099877497784
862.414,26.910860952192447
862.531,19.57885852439651
862.649,22.166720500265885
862.766,23.981476407167627
862.884,25.617556994214127
863.001,24.66656758804131
863.119,30.01364536353349
863.236,38.08779964074136
863.354,37.96038726356129
863.471,42.244023137003055
863.589,51.821712739217254
863.706,45.14057283052383
863.824,55.5122467746443
863.941,61.27786011270419
864.059,66.22962063691125
864.176,75.33029891003628
864.294,79.08032783251198
864.411,87.1887983134292
864.529,92.23579693287462
864.646,84.0542241237487
864.764,94.4899673319388
864.881,93.84345945787769
864.999,90.96751435437929
865.116,95.17295453226615
865.233,107.17579730755538
865.351,125.85569635990066
865.468,139.97542225207272
865.586,157.40337325246986
865.703,183.74560996715263
865.821,200.34672114070986
865.938,211.7331136995483
866.056,216.37664911552974
866.173,217.20113691246345
866.29,210.6446723284448
866.408,197.85184410806244
866.525,186.37589900456317
866.643,186.25233485344484
866.76,183.62833780189368
866.878,186.89438404038566
866.995,186.38207530052293
867.112,189.95634664724034
867.23,185.62325868659855
867.347,185.44514908093515
867.465,189.09474510297736
867.582,194.67074805142641
867.699,197.67705403017834
867.817,205.85825178382174
867.934,209.3546010526166
868.051,219.83190270236364
868.169,221.6217584646647
868.286,231.97957959493112
868.404,240.81792020571714
868.521,249.8086417688843
868.638,262.2608351935234
868.756,273.6506909558251
868.873,282.02755970513977
868.99,304.36113841116435
869.108,326.3648469873186
869.225,350.29236508728235
869.342,375.185251152614
869.46,418.3196956595041
869.577,455.03249514474925
869.694,487.4907491754492
869.812,512.7940248511708
869.929,546.8072572368493
870.046,564.7590177610559
870.164,573.6839384584232
870.281,580.6131881601191
870.398,589.5588880782655
870.516,586.1115144033381
870.633,575.0459589102289
870.75,558.9085419452581
870.867,544.0836790928414
870.985,525.6917166733253
871.102,510.7594945135494
871.219,499.06103858753966
871.337,478.72448742343477
871.454,467.35676742816105
871.571,443.26264050648035
871.688,414.81353522982124
871.806,387.13412692285925
871.923,362.7984415596203
872.04,339.48526701889233
872.157,310.95910546517746
872.275,286.7368400153588
872.392,272.5137087646743
872.509,250.80399742740968
872.626,237.0284852243443
872.744,221.41141457972043
872.861,206.8220495628022
872.978,187.33831225151158
873.095,166.59829788394376
873.213,153.07213633022877
873.33,130.3165375470765
873.447,114.26223746522285
873.564,99.67720145263337
873.681,76.20471955259808
873.799,67.05691297723827
873.916,51.98356527633738
874.033,42.48510935032826
874.15,38.224748662414434
874.267,25.778779239969076
874.385,19.75743632392183
874.502,7.679112159781939
874.619,-0.5329879597132292
874.736,-0.17854047226315828
874.853,-0.9198336366558886
874.97,-1.1329200004777915
875.088,2.6082437626455963
875.205,3.0972724643527636
875.322,5.278108151504545
875.439,1.781751401582469
875.556,2.766633811898911
875.673,4.734833383043464
875.791,1.7590445753812984
875.908,-0.8268596268025898
876.025,-0.8656992927446385
876.142,2.2504587784626042
876.259,-1.129950932216622
876.376,-2.4947308126946703
876.493,-4.167960761603366
876.61,1.9966412257832875
876.728,0.9045785268862856
876.845,-3.1161335506234025
876.962,2.646782635974898
877.079,3.3226281958796955
877.196,-0.8634975427182203
877.313,7.970427861289139
877.43,4.368328720506602
877.547,7.770912254870895
877.664,5.7072928113505785
877.781,5.302214523569791
877.898,16.774658373149528
878.016,17.019210688709983
878.133,21.397149411031393
878.25,27.11528458177325
878.367,23.43178813139085
878.484,17.366625727749103
878.601,9.899241300615337
878.718,1.3773038167651483
878.835,-2.021147545351119
878.952,-15.10131431749702
879.069,-15.172658237520299
879.186,-19.221259691951055
879.303,-19.067230187108656
879.42,-17.21381114766426
879.537,-15.459213326897698
879.654,-16.599180465583963
879.771,-20.63492865995954
879.888,-25.101846507068988
880.005,-25.63173245826785
880.122,-24.717996279272377
880.239,-22.360637970082557
880.356,-18.559657530698402
