wavelength_nm,intensity
792.446,0.1755743431004304
792.565,0.20590541053840433
792.684,0.22658380205605852
792.803,0.237609517653393
792.922,0.23898255733040744
793.041,0.22605760938427982
793.16,0.20279401039223582
793.279,0.18302238429999984
793.398,0.15448233291255148
793.518,0.12902826173543666
793.637,0.11715569913286594
793.756,0.11527898158438349
793.875,0.12546075531200568
793.994,0.14281530864830144
794.113,0.1775302255919409
794.232,0.20998712594957736
794.351,0.22681802860767808
794.47,0.22607286134578064
794.589,0.21413275434227771
794.708,0.1889859012468224
794.827,0.1659932061423884
794.946,0.14050209448734302
795.066,0.14123999891043054
795.185,0.13932406203237457
795.304,0.14169320005216934
795.423,0.14352997198719725
795.542,0.15112036482744112
795.661,0.15739691012697105
795.78,0.16115325035945988
795.899,0.1627394543555456
796.018,0.1647222093506528
796.137,0.14954941279285602
796.256,0.13756936017589858
796.375,0.13477461980184263
796.494,0.13835156791572664
796.613,0.1373580115665301
796.732,0.12852058930262356
796.851,0.12429797481853802
796.97,0.11355030341389802
797.089,0.09506352396755463
797.208,0.08657968478559494
797.327,0.08951894941923141
797.446,0.09266548736083402
797.565,0.0974958981096338
797.684,0.10638218209277531
797.803,0.12729224994309474
797.922,0.14083551768300373
798.041,0.14935759206935686
798.16,0.15696527504954158
798.279,0.15080987848493435
798.398,0.13370139471109171
798.517,0.12615443823050432
798.636,0.11276355076715014
798.755,0.10906508894650158
798.874,0.10315960506014193
798.993,0.1015207502915528
799.112,0.10997244730518031
799.231,0.10754993336954508
799.35,0.11030597815400298
799.469,0.12010787011883292
799.588,0.1141295413250493
799.707,0.10966115671984744
799.826,0.11173223217909448
799.945,0.10650772389066714
800.064,0.10638806434917875
800.183,0.10654772452829321
800.302,0.11248824547390607
800.421,0.12486907316575216
800.54,0.12344724305703744
800.659,0.12926543738434976
800.778,0.14123432924722887
800.897,0.1473660153954649
801.016,0.14644040107210513
801.135,0.15453595883454285
801.254,0.15887445008061074
801.373,0.16516664496654632
801.492,0.15693606736817267
801.611,0.16122662387809533
801.729,0.16696684301447742
801.848,0.17887393858435982
801.967,0.18579001132406764
802.086,0.1994031477303996
802.205,0.19981970601911295
802.324,0.19829127607453068
802.443,0.18018686911407555
802.562,0.16737779792993066
802.681,0.14767556643129381
802.8,0.13009045244574774
802.919,0.11709182116866419
803.038,0.10648011128708858
803.157,0.09178526646497878
803.276,0.08349375579392396
803.394,0.06714815200393748
803.513,0.05659401804939944
803.632,0.044300018202766925
803.751,0.03535974825888931
803.87,0.03104957176620564
803.989,0.024208803097030107
804.108,0.02594825653431329
804.227,0.031529976920193034
804.346,0.031765310904161556
804.465,0.03449982973295435
804.583,0.041633867852482104
804.702,0.05025163213172834
804.821,0.04861802825203371
804.94,0.045247827751411125
805.059,0.051353120359121575
805.178,0.059825881949747806
805.297,0.057326077675791634
805.416,0.06044330830549463
805.535,0.06633654848252885
805.653,0.06582694174681075
805.772,0.06141733710837988
805.891,0.05706174305659903
806.01,0.057922458474594984
806.129,0.06703836237091826
806.248,0.0769642125136533
806.367,0.08953967615790406
806.485,0.10398790556832105
806.604,0.12468632741457758
806.723,0.15811947722622524
806.842,0.18915084599650012
806.961,0.22603388399592486
807.08,0.2576804152133998
807.198,0.2862271668268024
807.317,0.2858859770737615
807.436,0.2759447669817729
807.555,0.2658648366685147
807.674,0.2540236679438516
807.793,0.24275335834964779
807.912,0.24163141342454036
808.03,0.23730365144873555
808.149,0.2501503244067406
808.268,0.26021896151995244
808.387,0.2737541515971377
808.506,0.29724959881824253
808.624,0.323645097576147
808.743,0.3459211141610668
808.862,0.3625539049906814
808.981,0.3625351852808
809.1,0.3656344022720157
809.219,0.35693586390040277
809.337,0.3369603157086324
809.456,0.3179964809630834
809.575,0.2979926076999546
809.694,0.27678891346542767
809.812,0.2525486263244748
809.931,0.2335622767786154
810.05,0.22464367439106236
810.169,0.22394878438797777
810.288,0.22738427081609267
810.406,0.24340698318567394
810.525,0.2597100411333181
810.644,0.2763290325691937
810.763,0.2893558239296845
810.882,0.2984534194940105
811.0,0.3059604533589646
811.119,0.31345223526241794
811.238,0.31976961613030763
811.357,0.32645958062914626
811.475,0.318775660839279
811.594,0.31720995646288563
811.713,0.3209533872565413
811.832,0.3243627274649409
811.95,0.33474657178250333
812.069,0.34931017983517276
812.188,0.36356729609006366
812.307,0.361944215287072
812.425,0.3628718434741232
812.544,0.3648780032244471
812.663,0.3693026882984732
812.782,0.37281806595349776
812.9,0.3780990397232131
813.019,0.3838237729442143
813.138,0.3863216268819697
813.257,0.38322128466504135
813.375,0.3929892402515233
813.494,0.3984220073523659
813.613,0.4132971911899811
813.731,0.4280808632585913
813.85,0.44295023682515844
813.969,0.44894514764988847
814.088,0.4613930907572294
814.206,0.4637108262924986
814.325,0.4695866265607458
814.444,0.47013586084580017
814.562,0.4760421650370492
814.681,0.47902590289118774
814.8,0.4882505981346877
814.918,0.47941624467733
815.037,0.4852092485831445
815.156,0.48197091242882767
815.274,0.48142563690522794
815.393,0.47141542984454465
815.512,0.46667005463717
815.631,0.4632632206224629
815.749,0.46283415051982163
815.868,0.45266633985696314
815.987,0.45989230185997404
816.105,0.46548993540180184
816.224,0.4672339066710879
816.343,0.4667380184513954
816.461,0.4716660182549487
816.58,0.46778128944654906
816.698,0.4515235884415756
816.817,0.43715277295941846
816.936,0.4207505414621276
817.055,0.40019106103004065
817.173,0.3700533487754357
817.292,0.3519813906357454
817.41,0.34627296300217614
817.529,0.3377937623626239
817.648,0.3273826465996338
817.766,0.3260682364460644
817.885,0.3239425671974274
818.004,0.3200578383890287
818.122,0.3109010148885114
818.241,0.3092249153622083
818.359,0.3096906270009496
818.478,0.3054870595687955
818.597,0.31179645131399575
818.715,0.3220648164944816
818.834,0.33561458758096774
818.953,0.3455576894081361
819.071,0.3349548733590283
819.19,0.3434946534540505
819.308,0.34929264249191916
819.427,0.4446744447426719
819.546,0.5618660321966646
819.664,0.7068823245597166
819.783,0.8243479930197963
819.901,0.8857866313707163
820.02,0.8394482791359255
820.138,0.735412183277933
820.257,0.5832786195591377
820.376,0.4808444501727772
820.494,0.3743266811649451
820.613,0.3274381540613768
820.731,0.29836382877150924
820.85,0.2841492074302485
820.969,0.2644612676553516
821.087,0.2520979008202556
821.206,0.25415126902284413
821.324,0.2647588087757523
821.443,0.28499905164225303
821.561,0.32013101920460674
821.68,0.3625541506482359
821.798,0.38207537247255496
821.917,0.3939553615849607
822.035,0.38527933801365966
822.154,0.36686312131437937
822.273,0.336957093617811
822.391,0.3034683075363107
822.51,0.28092316697359276
822.628,0.2720873609484734
822.747,0.2609782863758501
822.865,0.26676475372673586
822.984,0.2729833599868118
823.102,0.27580005254832285
823.221,0.27354728362051217
823.339,0.2761744160890845
823.458,0.27524493639244074
823.576,0.2686802200631825
823.695,0.2668900939675635
823.813,0.2717120563244926
823.932,0.27593991846677046
824.05,0.2711204623035354
824.169,0.2824898738476045
824.287,0.29299137615388854
824.406,0.289864887717245
824.524,0.28534466051297847
824.643,0.2760033609066893
824.761,0.26767159589497846
824.88,0.2555522604438964
824.998,0.24780660652414618
825.117,0.2538334738396409
825.235,0.2576059559885376
825.354,0.26393132597911995
825.472,0.28027432954022025
825.591,0.2875743724990933
825.709,0.28624979437119047
825.828,0.2787968328554798
825.946,0.2628151197252841
826.064,0.24732945848580556
826.183,0.23562410484688862
826.301,0.2341092403421658
826.42,0.24069026225885715
826.538,0.2532979878200173
826.657,0.26379295357137283
826.775,0.27222382053295
826.894,0.27169379697085205
827.012,0.27001479230902525
827.13,0.26521567209445823
827.249,0.2649826986396858
827.367,0.2654992501500969
827.486,0.26421025993236275
827.604,0.26408259764033437
827.723,0.25829936276702403
827.841,0.2451566933276253
827.959,0.22992668401425653
828.078,0.2265605218968863
828.196,0.23498703115517766
828.315,0.24312956341600128
828.433,0.2576387001775977
828.552,0.27938017182610897
828.67,0.2998557306700518
828.788,0.3141622342288514
828.907,0.31204164896738157
829.025,0.303610383063975
829.143,0.28611291547414935
829.262,0.25125312892690127
829.38,0.213803814674623
829.499,0.1765470779000144
829.617,0.1430440311967875
829.735,0.12171622239031857
829.854,0.10216447574668794
829.972,0.09574739018177197
830.091,0.09983417700773711
830.209,0.10255865559681028
830.327,0.1080205671217172
830.446,0.12068736408054662
830.564,0.13431049146622676
830.682,0.15597601370784298
830.801,0.18326126774874923
830.919,0.21172511408243508
831.037,0.23873122450454237
831.156,0.26208893256826504
831.274,0.28040259907850057
831.392,0.2850446978129492
831.511,0.27962195452461536
831.629,0.266051758659317
831.747,0.24250895882412232
831.866,0.22184587457705968
831.984,0.20737218156380804
832.102,0.2008389502214385
832.221,0.19870264149459252
832.339,0.20061609168815614
832.457,0.2062183377132763
832.576,0.20341602666756076
832.694,0.20009224379529303
832.812,0.198507910818
832.93,0.19564604449404255
833.049,0.18719033971868743
833.167,0.1782879703565225
833.285,0.17215056372929302
833.404,0.16996268884689625
833.522,0.16706523461277056
833.64,0.17150179500889864
833.759,0.17408052123745008
833.877,0.184703567731865
833.995,0.19198425580595635
834.113,0.20191370119402427
834.232,0.2113797774660196
834.35,0.22631331879412017
834.468,0.24918223780593562
834.586,0.2727694515760518
834.705,0.293309178181527
834.823,0.31081085931281405
834.941,0.32025950477166565
835.059,0.3237380967287659
835.178,0.3121107102451207
835.296,0.2927222542091986
835.414,0.2786501961821355
835.532,0.2614907053769766
835.651,0.24977906996313615
835.769,0.24053679974466724
835.887,0.24222655450288488
836.005,0.25581574436726995
836.124,0.27180748130997545
836.242,0.28553466511174896
836.36,0.3059037150051911
836.478,0.32223317395255746
836.596,0.3405780706696756
836.715,0.35593213036487026
836.833,0.3670287139496917
836.951,0.38134055627566343
837.069,0.3937611553755329
837.188,0.39820788374599503
837.306,0.40337726457804385
837.424,0.413029269523573
837.542,0.4249806892363216
837.66,0.43229914407222425
837.779,0.4421973592534093
837.897,0.4509458670509846
838.015,0.45855991942645086
838.133,0.4560401328104406
838.251,0.45712997708295894
838.369,0.4649822505713906
838.487,0.4674629284760079
838.606,0.46388785138091665
838.724,0.4688509675907633
838.842,0.4720659184990629
838.96,0.4692795856987283
839.078,0.4595158436537068
839.196,0.4612520805803071
839.315,0.4647895015317667
839.433,0.46161678570674425
839.551,0.45338477636673397
839.669,0.4521374391102205
839.787,0.45461884329871804
839.905,0.450878899762641
840.023,0.4465804439220814
840.142,0.4548169215835568
840.26,0.45699837052920494
840.378,0.4541924280640833
840.496,0.4520110897366145
840.614,0.45147914210287776
840.732,0.44586248101831827
840.85,0.4362374591945658
840.968,0.42552809553649273
841.087,0.42542973937970785
841.205,0.41451628995107614
841.323,0.4123015425650816
841.441,0.4124849845541215
841.559,0.40832742778647424
841.677,0.4105858628235073
841.795,0.4117323572387421
841.913,0.41746460807855823
842.031,0.43507305294035015
842.149,0.4482235673406153
842.267,0.45954021494137665
842.385,0.4721082496690866
842.504,0.47183485909698286
842.622,0.4847573203586167
842.74,0.4883346869235309
842.858,0.49402408701436895
842.976,0.5095277611890475
843.094,0.5186306955205466
843.212,0.531203087951543
843.33,0.5384445566960607
843.448,0.5352667568838719
843.566,0.535409526975577
843.684,0.5281739791202877
843.802,0.5228529155752922
843.92,0.522752380566865
844.038,0.5307658890768767
844.156,0.5465927595785968
844.274,0.5515812957242782
844.392,0.5630954925406697
844.51,0.5714663327201294
844.628,0.5733616258166674
844.746,0.5750383074650267
844.864,0.5749392250243613
844.982,0.5774867210460296
845.1,0.5719252575364259
845.218,0.5595984596753848
845.336,0.5440411511116925
845.454,0.5209864140445234
845.572,0.49211486937449206
845.69,0.4602851704571819
845.808,0.42886582193263234
845.926,0.3923951690157858
846.044,0.36892427128480915
846.162,0.34711801620906535
846.28,0.3228525639122838
846.398,0.30453755545246697
846.516,0.28971379360857696
846.634,0.26678107223341496
846.752,0.24696701384323128
846.87,0.22424346222579475
846.988,0.214772412584813
847.106,0.19837043586752773
847.224,0.19023284343204672
847.342,0.1854528613783902
847.46,0.18248931531109397
847.578,0.16482611787104118
847.696,0.15388058131652457
847.814,0.14546261796306978
847.932,0.13852073139419369
848.05,0.12908382097156168
848.168,0.1298558189218253
848.285,0.13366254889019316
848.403,0.1413584577836544
848.521,0.14458536272011774
848.639,0.1516118543263105
848.757,0.16583966714513032
848.875,0.17562665551667508
848.993,0.18380419880794238
849.111,0.19043403114881646
849.229,0.19926522993297635
849.347,0.20732729408716605
849.465,0.21459698252719378
849.582,0.21691777260214434
849.7,0.23069932231914328
849.818,0.23637917534368014
849.936,0.24850479781201798
850.054,0.26580809806794536
850.172,0.2813203822733474
850.29,0.29344818359332825
850.408,0.2937760506988376
850.525,0.2947989714784559
850.643,0.2963891199691287
850.761,0.291656240991888
850.879,0.29823014947392545
850.997,0.30591745114552316
851.115,0.31636681041653214
851.233,0.3205556026333927
851.35,0.3160979852470475
851.468,0.3143348810591813
851.586,0.31491041096810823
851.704,0.31526587686109475
851.822,0.32201699861009386
851.94,0.33331320488633903
852.057,0.3587080338603945
852.175,0.38573119129563327
852.293,0.42214737816373715
852.411,0.4631086495590868
852.529,0.5186195659423424
852.647,0.5686259767915621
852.764,0.6167135456272017
852.882,0.6612009252647656
853.0,0.6989069923055103
853.118,0.734013689336186
853.236,0.7671979129338767
853.353,0.7942762679440706
853.471,0.819647855833934
853.589,0.8284681603598785
853.707,0.828155445082353
853.824,0.8133039790751363
853.942,0.7844955157269029
854.06,0.7507149129294006
854.178,0.7157715296384306
854.296,0.6855497178577876
854.413,0.6612529299782743
854.531,0.6303389696590462
854.649,0.5974444331963538
854.767,0.5631183912042268
854.884,0.5214961013436576
855.002,0.4750178774547783
855.12,0.4301091530327218
855.238,0.3913738415990946
855.355,0.34957361218768235
855.473,0.30466924546891155
855.591,0.26212748021500665
855.708,0.2291900930033352
855.826,0.19399396292177964
855.944,0.1577571367479589
856.062,0.12676704212766682
856.179,0.10549473852974627
856.297,0.08203254999259729
856.415,0.07797423815368598
856.532,0.07166756562454549
856.65,0.06485469931705862
856.768,0.06009465667290749
856.886,0.04515692946728869
857.003,0.03193009161282462
857.121,0.02203830821603693
857.239,0.014015725059074915
857.356,0.019185188081909655
857.474,0.011478068705714443
857.592,0.010597825084631902
857.709,0.01554281091804947
857.827,0.02128589709930854
857.945,0.024007149768568894
858.062,0.025980921738680485
858.18,0.02866157374509084
858.298,0.03321364021021142
858.415,0.029273606608503366
858.533,0.03505510667153269
858.651,0.04348022723596887
858.768,0.04910054096290122
858.886,0.05266287795767989
859.003,0.05522471118293425
859.121,0.051686428290793084
859.239,0.05337536568447736
859.356,0.04191442373344624
859.474,0.038727439647593634
859.592,0.041308680655780805
859.709,0.03128126231663103
859.827,0.03141035801421649
859.944,0.03795796589086729
860.062,0.038876300531498625
860.18,0.04402114280897539
860.297,0.04351400608661313
860.415,0.04912396535366029
860.532,0.05213735712683659
860.65,0.04940336406539196
860.768,0.04839796534927239
860.885,0.06028450477852038
861.003,0.06485059596790908
861.12,0.0717869195630067
861.238,0.07620260151012005
861.356,0.08010215693035347
861.473,0.08504574277173857
861.591,0.09357317968795409
861.708,0.0927971406014377
861.826,0.10740958938668284
861.943,0.11159593978417402
862.061,0.11266238593559985
862.178,0.1069962266921615
862.296,0.09640591085905166
862.414,0.09474546535506
862.531,0.08958405458752511
862.649,0.08072025741504785
862.766,0.08155895649647453
862.884,0.07820848268120847
863.001,0.07743641338720869
863.119,0.078763567041647
863.236,0.08342561988846407
863.354,0.09074973197064792
863.471,0.09216481832172568
863.589,0.10082967037286225
863.706,0.10475479381664739
863.824,0.10670878280742138
863.941,0.10844343406613598
864.059,0.11212162099038436
864.176,0.11709695092608383
864.294,0.12364178032860615
864.411,0.13471426344523035
864.529,0.1474368635394676
864.646,0.14771095791350772
864.764,0.1497499221183576
864.881,0.14495019729978995
864.999,0.14273386424590967
865.116,0.1356448926344563
865.233,0.14091436754195713
865.351,0.14513654109306806
865.468,0.16034085320865402
865.586,0.17841761807356205
865.703,0.20621060869837654
865.821,0.22554457096128105
865.938,0.2425674979148701
866.056,0.2514582242529955
866.173,0.249370443446051
866.29,0.23819031473297192
866.408,0.23920303981398103
866.525,0.2351579239477642
866.643,0.2352686044485816
866.76,0.23676939229761718
866.878,0.23637457921726446
866.995,0.24116398047943033
867.112,0.24226022820675358
867.23,0.24175356740872844
867.347,0.2429798199507494
867.465,0.2352262985881895
867.582,0.2298615249102111
867.699,0.22554477887250385
867.817,0.22230220669478323
867.934,0.22012218783495335
868.051,0.22059818912791007
868.169,0.2332024049495467
868.286,0.2402265817135243
868.404,0.2436149813692578
868.521,0.2534978114888188
868.638,0.2681261804867794
868.756,0.27896625276148757
868.873,0.28634558234327057
868.99,0.2959451617492451
869.108,0.3219987024790859
869.225,0.34344832968732064
869.342,0.3667274659917734
869.46,0.40581998123705776
869.577,0.4497059700968871
869.694,0.481106412758589
869.812,0.5066929529529526
869.929,0.5264946420352176
870.046,0.5505908477057861
870.164,0.5674946641028944
870.281,0.5754136226082549
870.398,0.5897267844018657
870.516,0.5943731077394774
870.633,0.5944728939820813
870.75,0.5892359462671585
870.867,0.5794648082832045
870.985,0.5756056210905229
871.102,0.5671221844275673
871.219,0.552167558384976
871.337,0.5374547848747548
871.454,0.5211652490589007
871.571,0.5058307765465506
871.688,0.4894700649103592
871.806,0.45876887804398736
871.923,0.4363240863367287
872.04,0.40888827179929504
872.157,0.37770773757146836
872.275,0.3542722946505368
872.392,0.3332096211688048
872.509,0.31580814473115176
872.626,0.3096902146685852
872.744,0.2946498871280361
872.861,0.28287347934866336
872.978,0.2671032365077174
873.095,0.25257784423879115
873.213,0.23636747336596436
873.33,0.2114656632893103
873.447,0.18977693310216331
873.564,0.17143419275474509
873.681,0.15224170026656664
873.799,0.13118047935259658
873.916,0.11531654589100285
874.033,0.11102739864077321
874.15,0.10492835195911226
874.267,0.09485279439946051
874.385,0.08606113573314919
874.502,0.0840944609680046
874.619,0.07705278757079391
874.736,0.06395810866317525
874.853,0.05724067694651044
874.97,0.05419533880401745
875.088,0.050061869296136305
875.205,0.04433523808185279
875.322,0.04391693827926024
875.439,0.05093240119903123
875.556,0.052097033419197115
875.673,0.052989704235758966
875.791,0.05324413018332129
875.908,0.05500180745598964
876.025,0.05288719657091343
876.142,0.04662367427484079
876.259,0.045390249560343626
876.376,0.04200029506183037
876.493,0.039833826048963114
876.61,0.04008460042773428
876.728,0.04357217620433065
876.845,0.05447626028982973
876.962,0.05357153365852156
877.079,0.052215466676294446
877.196,0.05117136902959304
877.313,0.050737850291888445
877.43,0.04660761853914516
877.547,0.048281268707228715
877.664,0.04815559910917888
877.781,0.04984458875806172
877.898,0.04672580156400346
878.016,0.03995272772682306
878.133,0.036407422655529625
878.25,0.04080734692348136
878.367,0.04586934810433799
878.484,0.04995181714883765
878.601,0.04550384653364494
878.718,0.044605633059284874
878.835,0.04269218895212892
878.952,0.03213614341780052
879.069,0.031126923273148744
879.186,0.03132246208935607
879.303,0.042667264432156196
879.42,0.051720445294746106
879.537,0.053467475409712514
879.654,0.052295334771641555
879.771,0.04953512529571148
879.888,0.039655431801945196
880.005,0.03367515370453648
880.122,0.02713162991324957
880.239,0.02002486042808451
880.356,0.012354845249041298
