wavelength_nm,intensity
792.446,0.16129925890111582
792.565,0.1986219042922915
792.684,0.22418157881699177
792.803,0.23797828247521657
792.922,0.2400120152669658
793.041,0.2265451333996027
793.16,0.20154314180680538
793.279,0.17363015202924983
793.398,0.14299580799128375
793.518,0.1222618863156488
793.637,0.11338539692888297
793.756,0.1144771113831124
793.875,0.1278711642148896
793.994,0.15256958131281856
794.113,0.18387669258050449
794.232,0.21395436319795197
794.351,0.23132877520234874
794.47,0.2265847927754168
794.589,0.20684307657469575
794.708,0.17753119245024138
794.827,0.1548496348823518
794.946,0.14005740878323591
795.066,0.13656449939335008
795.185,0.14556213014623914
795.304,0.15378315821273125
795.423,0.15621824388771977
795.542,0.1593470080996756
795.661,0.15828197358917578
795.78,0.1627324766350832
795.899,0.1576870829519637
796.018,0.15031764984613533
796.137,0.1392461942779466
796.256,0.13475098429930332
796.375,0.1335655295022405
796.494,0.1332756555190171
796.613,0.12765858754862347
796.732,0.1252771493889508
796.851,0.1147719715758482
796.97,0.10237060794858129
797.089,0.09008641622501623
797.208,0.08672078993202396
797.327,0.09481810808086757
797.446,0.09768846632125378
797.565,0.10838484283312112
797.684,0.11794551903758352
797.803,0.12828063468976214
797.922,0.1365433676857617
798.041,0.1424770137021305
798.16,0.1377646410908621
798.279,0.132371569374711
798.398,0.11350079959779294
798.517,0.10872929846258361
798.636,0.1020858747889467
798.755,0.10535873722796667
798.874,0.10879456364760476
798.993,0.11561874292089139
799.112,0.11813230858296053
799.231,0.11561418107355524
799.35,0.10926351570138315
799.469,0.10644253477667
799.588,0.10417101647687291
799.707,0.11000226919568581
799.826,0.11026462447063246
799.945,0.11323247025566388
800.064,0.11750114356739924
800.183,0.11893164772996245
800.302,0.11890124470344465
800.421,0.1183466168366201
800.54,0.11544992255808031
800.659,0.1225517174620667
800.778,0.13019143771800493
800.897,0.1399612269949429
801.016,0.1522172985956478
801.135,0.164177006497087
801.254,0.17433978413436535
801.373,0.17540542203943932
801.492,0.16990563054837188
801.611,0.16755118809914632
801.729,0.17116872656797075
801.848,0.17942424876836963
801.967,0.18260553410323888
802.086,0.19293704435761833
802.205,0.20337960086427737
802.324,0.19973514708175205
802.443,0.18938681662751583
802.562,0.1721067483605272
802.681,0.15698631337650876
802.8,0.1434515323454959
802.919,0.12106836949922412
803.038,0.10506551885138815
803.157,0.0897228874055126
803.276,0.07017790806193747
803.394,0.05402032782401543
803.513,0.04290009996094479
803.632,0.03448113870335277
803.751,0.029793262086242386
803.87,0.024951865008225202
803.989,0.025197493230072206
804.108,0.026759888698640655
804.227,0.030405595199283205
804.346,0.03405632246597802
804.465,0.03695478542798225
804.583,0.03860755703705871
804.702,0.04131220193634649
804.821,0.040074270953685015
804.94,0.04049321693546051
805.059,0.04189088941034344
805.178,0.04869894162212128
805.297,0.04821063066724205
805.416,0.05187838146023494
805.535,0.053306970139467516
805.653,0.06064145037259612
805.772,0.06346107335632728
805.891,0.06349505821721599
806.01,0.06778651613983971
806.129,0.07323183852522741
806.248,0.07980952283640455
806.367,0.09083750178120703
806.485,0.1041825584742497
806.604,0.13490224291962477
806.723,0.1599311660841849
806.842,0.18964142344481316
806.961,0.2153814167466653
807.08,0.2355698185140973
807.198,0.2582675771512241
807.317,0.2729137614185191
807.436,0.2704948768127674
807.555,0.273056488729712
807.674,0.2578182517017082
807.793,0.2415431022660548
807.912,0.22717520826728183
808.03,0.223164179992483
808.149,0.2356002554075904
808.268,0.24834639503360847
808.387,0.263810283522236
808.506,0.29444352271999386
808.624,0.3147602766491522
808.743,0.332473933365782
808.862,0.3490454000589645
808.981,0.3574463142548729
809.1,0.35716759378396556
809.219,0.34137196225588406
809.337,0.32631471619750596
809.456,0.30518309592352133
809.575,0.28371184717665565
809.694,0.2573639373637706
809.812,0.243261400643173
809.931,0.23095723634585685
810.05,0.22966323585410747
810.169,0.2366645346235568
810.288,0.24872709082645117
810.406,0.2608026264614303
810.525,0.269994564934941
810.644,0.2701549819162305
810.763,0.2787477032751676
810.882,0.28634461376138953
811.0,0.29355214128507257
811.119,0.30088225233399934
811.238,0.31059985780693766
811.357,0.3123697243667215
811.475,0.31554136959164525
811.594,0.3164408931221986
811.713,0.32012306267578433
811.832,0.3376997142759655
811.95,0.34586555653523027
812.069,0.34893985601951916
812.188,0.3662525925006463
812.307,0.3720395932906228
812.425,0.38468406069864525
812.544,0.3828651142870292
812.663,0.3792081360763174
812.782,0.37204599012319556
812.9,0.36067562385641283
813.019,0.35008258135558723
813.138,0.3564587041462939
813.257,0.36354581138341424
813.375,0.38689975242037633
813.494,0.400719579511618
813.613,0.4177597479189685
813.731,0.42065161427451303
813.85,0.42983922627066296
813.969,0.437014305214135
814.088,0.4446761128607806
814.206,0.4523891171562045
814.325,0.4654272940041275
814.444,0.46452916619095996
814.562,0.4680426031274457
814.681,0.47261746917662995
814.8,0.4812224488880914
814.918,0.4852190091299493
815.037,0.48351183005017284
815.156,0.48636620026858357
815.274,0.4783438064000751
815.393,0.4637321875099365
815.512,0.4569774515083602
815.631,0.44968695339351294
815.749,0.44742021657497744
815.868,0.4466187134228844
815.987,0.43836845841333477
816.105,0.44656242277545
816.224,0.4422644048356698
816.343,0.4447041543069326
816.461,0.44564766369066167
816.58,0.4385194084768719
816.698,0.4367293052476659
816.817,0.42564016000938326
816.936,0.40012942356595693
817.055,0.3865424587309434
817.173,0.3595607199845925
817.292,0.3433079240153083
817.41,0.337653555422684
817.529,0.3320878796159713
817.648,0.3272836638248901
817.766,0.3244516006311121
817.885,0.3218286505098086
818.004,0.3146037706349437
818.122,0.3030178015796434
818.241,0.30083975754701864
818.359,0.3040597151024791
818.478,0.3074556160706423
818.597,0.31466602791256615
818.715,0.329469407523998
818.834,0.3451878830954298
818.953,0.35007136353006485
819.071,0.3379597779597793
819.19,0.3476883838154561
819.308,0.35535862318583905
819.427,0.45549323307835665
819.546,0.5672480910495488
819.664,0.7120380370566982
819.783,0.8264394349811472
819.901,0.8880974458413269
820.02,0.8343911102265114
820.138,0.7309016727600552
820.257,0.5820698636067583
820.376,0.4825154587296596
820.494,0.37347048510987024
820.613,0.3244538330148426
820.731,0.293417495225925
820.85,0.28393497855681726
820.969,0.2560771281447546
821.087,0.2444587105092439
821.206,0.24592283933547926
821.324,0.2530784491308245
821.443,0.2729192905502139
821.561,0.30961104021325353
821.68,0.3474658912069879
821.798,0.3747273623809839
821.917,0.3754747381243234
822.035,0.3696840854948109
822.154,0.34679158893467876
822.273,0.3190044043195208
822.391,0.29689716340050887
822.51,0.2875761052439774
822.628,0.2752301183321671
822.747,0.27185219791127535
822.865,0.2649532459976478
822.984,0.2671694608052312
823.102,0.26383119976015346
823.221,0.2682092110893879
823.339,0.26964161241497164
823.458,0.2696058957558718
823.576,0.2601795599835427
823.695,0.2606738368012319
823.813,0.26361978412379544
823.932,0.2632300174006091
824.05,0.26765706213994067
824.169,0.2758878015596289
824.287,0.2769942749239761
824.406,0.2719600347531733
824.524,0.2669568010034616
824.643,0.26025470380978394
824.761,0.2583095684751229
824.88,0.2542920504842826
824.998,0.254596683377624
825.117,0.25630814249302714
825.235,0.2614879942932673
825.354,0.26053506443352026
825.472,0.26781542099278965
825.591,0.2728878319385515
825.709,0.28403822249772104
825.828,0.2813849870348872
825.946,0.2732443361184961
826.064,0.2652745810578859
826.183,0.2503009802284978
826.301,0.23618618515537604
826.42,0.23855815314797446
826.538,0.24541739924405342
826.657,0.25623248780770336
826.775,0.25605904495259413
826.894,0.2571049476338798
827.012,0.261542087487055
827.13,0.25462943506178226
827.249,0.25602794564803383
827.367,0.2626766365125177
827.486,0.2587038254544134
827.604,0.2521026793991716
827.723,0.24435141144531952
827.841,0.2320328255567984
827.959,0.22503724898209576
828.078,0.22021644836112886
828.196,0.2247386756024141
828.315,0.24262250709526495
828.433,0.2565555436774668
828.552,0.2721845593853936
828.67,0.2905911735594312
828.788,0.3026140703865118
828.907,0.307460783429913
829.025,0.29872235755806875
829.143,0.27613704089060576
829.262,0.24991459892120557
829.38,0.21205312970758683
829.499,0.17402509769821228
829.617,0.1430953944947936
829.735,0.12104033708092904
829.854,0.10850670098411112
829.972,0.09555563937814585
830.091,0.08920217943600939
830.209,0.0858050230574959
830.327,0.08716834152249209
830.446,0.09592538128948297
830.564,0.10878919258010691
830.682,0.12817506874450113
830.801,0.1564405495003306
830.919,0.18264299178019577
831.037,0.20599240733431476
831.156,0.22416007856967113
831.274,0.23502241987385622
831.392,0.23500943925024242
831.511,0.23005490040018617
831.629,0.21468436730221496
831.747,0.1946715239953079
831.866,0.17663876516086702
831.984,0.16840187215251987
832.102,0.16678232626865275
832.221,0.16788197140651545
832.339,0.17241467633076246
832.457,0.18023983052714374
832.576,0.1803306853602066
832.694,0.17963844779083016
832.812,0.17711250489971977
832.93,0.17679594978123742
833.049,0.1793045843798426
833.167,0.17693144465284594
833.285,0.17330703533072342
833.404,0.17029000002892997
833.522,0.16718258668634017
833.64,0.1617906345188258
833.759,0.15940822534006066
833.877,0.16017860102933262
833.995,0.17195750180697117
834.113,0.18231076259132056
834.232,0.19405931232476767
834.35,0.21532034361712746
834.468,0.23727937992381623
834.586,0.25623367770291333
834.705,0.2864937819072828
834.823,0.30492962348255515
834.941,0.31451277129655
835.059,0.31706755663671826
835.178,0.3011836165415502
835.296,0.2866271839168155
835.414,0.2631791192345495
835.532,0.24489182096504392
835.651,0.22979962622703776
835.769,0.2206570589407135
835.887,0.22579619342484297
836.005,0.24475193336306034
836.124,0.2639917786480191
836.242,0.2901424504384828
836.36,0.3056802732610813
836.478,0.3208986578384861
836.596,0.3246086126341863
836.715,0.33221383921439585
836.833,0.3431475690447527
836.951,0.3564327393211082
837.069,0.37124082962872684
837.188,0.38795833861190654
837.306,0.4004157095530869
837.424,0.4128658696986647
837.542,0.42048407571095914
837.66,0.42499731313678624
837.779,0.4308914179205058
837.897,0.43988039617684915
838.015,0.44637011267734134
838.133,0.4516440890392398
838.251,0.45166644296378533
838.369,0.45641619448537685
838.487,0.4581071265123573
838.606,0.46231318404551497
838.724,0.46139525022348493
838.842,0.46322318736691415
838.96,0.45914620399139716
839.078,0.44990124340751675
839.196,0.4499870523333641
839.315,0.45329103933663917
839.433,0.4544238557839797
839.551,0.46038141556900114
839.669,0.45581265593338827
839.787,0.45244954132252535
839.905,0.44963516825701816
840.023,0.44267170340179113
840.142,0.44620427262566775
840.26,0.4399063642045581
840.378,0.4347910262622701
840.496,0.4296317024668066
840.614,0.4168022553888874
840.732,0.41902750737001737
840.85,0.4153788452532923
840.968,0.4109744917574175
841.087,0.41139920807658514
841.205,0.41051877039168727
841.323,0.41031182101606967
841.441,0.39975810103032206
841.559,0.38629121962113533
841.677,0.387298568224991
841.795,0.3828105695001266
841.913,0.3863510705991655
842.031,0.39719971304141094
842.149,0.4142575715770309
842.267,0.4298985087767456
842.385,0.44942750696536715
842.504,0.4620564948418878
842.622,0.4817794634322189
842.74,0.4960496283878851
842.858,0.5027261044944831
842.976,0.5106024569893489
843.094,0.51232511651698
843.212,0.5149065818008772
843.33,0.5246065445036335
843.448,0.520954998068668
843.566,0.5156154043831402
843.684,0.5105130458729373
843.802,0.5065341293176151
843.92,0.5049434282658645
844.038,0.5046492282634563
844.156,0.5147061253485399
844.274,0.5296490575339261
844.392,0.5396208672308995
844.51,0.5427164622412606
844.628,0.5507125139431293
844.746,0.561464531724301
844.864,0.5618632891793003
844.982,0.5590438685568715
845.1,0.5514350374952146
845.218,0.5432911653998468
845.336,0.5204480864686366
845.454,0.49635753989818143
845.572,0.469504537532381
845.69,0.4479053208426142
845.808,0.4174937908469442
845.926,0.39074822933562153
846.044,0.36422331816973746
846.162,0.3410153729810365
846.28,0.3081939950949869
846.398,0.2906371504200216
846.516,0.27505101618323907
846.634,0.25946488194645645
846.752,0.23882325891271075
846.87,0.21933968965273798
846.988,0.20673738263629948
847.106,0.1887197681223295
847.224,0.17141385913433338
847.342,0.16033375106959774
847.46,0.1547403373788591
847.578,0.14074812041796442
847.696,0.1284329135490817
847.814,0.11732576071968856
847.932,0.11544444424209466
848.05,0.10918716429693814
848.168,0.11057082229389627
848.285,0.11573361325844458
848.403,0.1268507969067537
848.521,0.1363906465270342
848.639,0.15178287819085612
848.757,0.1629049465303377
848.875,0.16954473542235327
848.993,0.17820571032176963
849.111,0.1875719010311175
849.229,0.19719623822303728
849.347,0.2054281707841004
849.465,0.2209581495745265
849.582,0.22803347052093725
849.7,0.23181273679741254
849.818,0.23231325431339844
849.936,0.23971522430060574
850.054,0.2548724049583791
850.172,0.2639458373662625
850.29,0.2706937881923166
850.408,0.27485522663572814
850.525,0.26582090912643347
850.643,0.26492613769332185
850.761,0.26540790714074114
850.879,0.2673909642326159
850.997,0.27765850439228534
851.115,0.28124884782397325
851.233,0.27890975403166623
851.35,0.2864263756689541
851.468,0.2821821896784475
851.586,0.289422637844157
851.704,0.2992993528821669
851.822,0.3081658354562564
851.94,0.3253860247359254
852.057,0.35178050926074655
852.175,0.38184456766771624
852.293,0.4280146591325902
852.411,0.46196749960802674
852.529,0.5050254116908306
852.647,0.5497007052272914
852.764,0.5928501944142479
852.882,0.6398740440784662
853.0,0.675944695222378
853.118,0.7081755977079202
853.236,0.7319417472356033
853.353,0.7574045969685717
853.471,0.7814036551942177
853.589,0.7979352134938404
853.707,0.8044841463612626
853.824,0.7984668257320828
853.942,0.7656116449496913
854.06,0.7273981219550285
854.178,0.6878210375119198
854.296,0.6608931307148422
854.413,0.6373881885903057
854.531,0.6096872845046324
854.649,0.5815962763768596
854.767,0.5509425514919328
854.884,0.507736273622049
855.002,0.4538270118392677
855.12,0.40607793273976367
855.238,0.36739138155357176
855.355,0.32780059659881744
855.473,0.28877513801930466
855.591,0.2549472209101257
855.708,0.2226652983781381
855.826,0.17946789936002416
855.944,0.14238414297544633
856.062,0.114922458167734
856.179,0.09479054574095389
856.297,0.07288221276028414
856.415,0.05490778884408565
856.532,0.04322869698392093
856.65,0.034684792119806955
856.768,0.025173817065733795
856.886,0.023508083614315195
857.003,0.026180861010148326
857.121,0.02264675997897848
857.239,0.01893794286525219
857.356,0.014081071569300921
857.474,0.011568058457200037
857.592,0.014269341467986623
857.709,0.018021062690020077
857.827,0.016812897376822525
857.945,0.019556244859077157
858.062,0.01780258116631476
858.18,0.017935442523869798
858.298,0.01758329392162325
858.415,0.014382050394809774
858.533,0.023572904153588224
858.651,0.03524048584549785
858.768,0.03679659002742858
858.886,0.03944979391850747
859.003,0.04717581028179685
859.121,0.044789032248295814
859.239,0.04560263518998356
859.356,0.03874355560004155
859.474,0.04378310505505132
859.592,0.04356456845112372
859.709,0.0418783889872542
859.827,0.043278712702731696
859.944,0.041462394655262996
860.062,0.03399197546004805
860.18,0.030833477575999135
860.297,0.026420690085057985
860.415,0.030837219223964166
860.532,0.033109634777719284
860.65,0.04078327128338691
860.768,0.048690297724115886
860.885,0.050436549550573154
861.003,0.053281274459660265
861.12,0.0585379132855348
861.238,0.06636465435011002
861.356,0.07595115691918165
861.473,0.08327884687852076
861.591,0.09403730802578036
861.708,0.10585535324402445
861.826,0.11829052581017901
861.943,0.12181820256847689
862.061,0.12205991977068292
862.178,0.1172966237451441
862.296,0.11051863142824694
862.414,0.10057942631918235
862.531,0.09289792131328298
862.649,0.0863074096820528
862.766,0.0893151880774059
862.884,0.08258505768789057
863.001,0.07720917462145485
863.119,0.0773719160294311
863.236,0.07589865598106853
863.354,0.07737646048361897
863.471,0.0775643817187541
863.589,0.08651415306265098
863.706,0.097632270553158
863.824,0.10222993625666427
863.941,0.10956554105046692
864.059,0.12076613228724786
864.176,0.1273958001915586
864.294,0.13823152517084922
864.411,0.14760490080193833
864.529,0.15092120812686707
864.646,0.14270240572636175
864.764,0.13306307659214986
864.881,0.12987019872663713
864.999,0.1283235454971916
865.116,0.12882547929843677
865.233,0.14372016112241529
865.351,0.16106867668994918
865.468,0.1666434051976038
865.586,0.1784958523568575
865.703,0.1971913445429519
865.821,0.22166484724538713
865.938,0.2330832045093662
866.056,0.2458730550969544
866.173,0.2519006215684509
866.29,0.2535130178924925
866.408,0.2385989917749997
866.525,0.2362432872789459
866.643,0.22528510362902374
866.76,0.22603580987855748
866.878,0.22143538471142266
866.995,0.22823162199415248
867.112,0.22955991297145215
867.23,0.23755458448332953
867.347,0.23613628341560977
867.465,0.23863632867832768
867.582,0.22915780028605323
867.699,0.2237865410690037
867.817,0.2218130087398858
867.934,0.22016756761068482
868.051,0.21663434019273037
868.169,0.21880629425553066
868.286,0.22204905146531279
868.404,0.22763315400724998
868.521,0.2390443004756254
868.638,0.2510539429790142
868.756,0.27358629950523566
868.873,0.28423238056017774
868.99,0.29858841595264285
869.108,0.3202172597898619
869.225,0.3325463405384439
869.342,0.35130672988495987
869.46,0.38355419132652613
869.577,0.42094655543052745
869.694,0.4543174588269745
869.812,0.48441610317897454
869.929,0.5200266796895807
870.046,0.550921395876105
870.164,0.5617289987525449
870.281,0.5664131940032808
870.398,0.5773203058590363
870.516,0.5878683200937835
870.633,0.585799605262711
870.75,0.5842493466354637
870.867,0.5758336895150076
870.985,0.573253729275713
871.102,0.5595345319895655
871.219,0.5355212029011862
871.337,0.5239594756593281
871.454,0.5102020611564866
871.571,0.49338726931815485
871.688,0.47228421733497367
871.806,0.44408934787666315
871.923,0.4308561582141289
872.04,0.40778167471320464
872.157,0.3805415145926746
872.275,0.35922285982097657
872.392,0.33937881275000437
872.509,0.3196119211919797
872.626,0.3010066888055294
872.744,0.2854278273334784
872.861,0.2808922993267661
872.978,0.264915401937453
873.095,0.25243934581318844
873.213,0.2367898185442321
873.33,0.21268995990862158
873.447,0.18922104588823616
873.564,0.16447077348927375
873.681,0.1494168579370897
873.799,0.13408604783376693
873.916,0.11586731409161413
874.033,0.10595397472450371
874.15,0.09576301972669435
874.267,0.07645600534584653
874.385,0.06965358636745032
874.502,0.06284437825759961
874.619,0.061284087940729925
874.736,0.05689497512340944
874.853,0.052323766749758374
874.97,0.05162229099904045
875.088,0.05053785448692743
875.205,0.042259888836627096
875.322,0.041943711901987424
875.439,0.04282939936847491
875.556,0.03731065100053534
875.673,0.037251821450833326
875.791,0.037100478570029266
875.908,0.03510970940355924
876.025,0.03479849934868592
876.142,0.036288285443250246
876.259,0.03948277011891667
876.376,0.038576811203637
876.493,0.03808659246494614
876.61,0.044194473479652496
876.728,0.047775350820916496
876.845,0.04480212083819546
876.962,0.04378556060323904
877.079,0.042228349893236546
877.196,0.040016626436841056
877.313,0.04145035365278303
877.43,0.04060786000187111
877.547,0.04274205670472088
877.664,0.042716790497599674
877.781,0.03999391441673233
877.898,0.0356835843874933
878.016,0.03323902172394254
878.133,0.03054965399492978
878.25,0.03973037721119148
878.367,0.036091581480731105
878.484,0.035140139871078384
878.601,0.03583445387487603
878.718,0.0359879010639937
878.835,0.036618414932112264
878.952,0.04075465169378337
879.069,0.04129536669212032
879.186,0.042048834897433204
879.303,0.04011772180662376
879.42,0.03720283707605503
879.537,0.03474380854704329
879.654,0.03426381645828242
879.771,0.033307753280426164
879.888,0.03317771188076783
880.005,0.03305194836981209
880.122,0.03238410350306222
880.239,0.031174177280518266
880.356,0.02942216970218022
