wavelength_nm,intensity
792.446,0.15639596786661988
792.565,0.19516146919492577
792.684,0.22151721101023064
792.803,0.23546319331253446
792.922,0.2369994161018371
793.041,0.21716811797543906
793.16,0.19855717773484816
793.279,0.16809969533972977
793.398,0.13778116776977445
793.518,0.11442389095486351
793.637,0.10630532663283593
793.756,0.11447792894242682
793.875,0.12481719722956044
793.994,0.1473497514247536
794.113,0.1831647143011593
794.232,0.2068983271008869
794.351,0.2173250854631233
794.47,0.21392326548413104
794.589,0.19580252698786543
794.708,0.17092382349929394
794.827,0.14872000039511163
794.946,0.13767566503215062
795.066,0.14023153318202508
795.185,0.1415477441648197
795.304,0.15236306139001204
795.423,0.15375196633226695
795.542,0.15203754684588
795.661,0.14252879096284599
795.78,0.1394923707092826
795.899,0.13532501257314206
796.018,0.1355913426547046
796.137,0.13529349041373007
796.256,0.13841482750489312
796.375,0.1359908377770484
796.494,0.13450093326279988
796.613,0.11783950511972652
796.732,0.11056484315855754
796.851,0.10883847155918744
796.97,0.10819911560547446
797.089,0.10113644207671574
797.208,0.09661196297719779
797.327,0.09513305512715117
797.446,0.09201260876970149
797.565,0.09007374443265362
797.684,0.09635747172131696
797.803,0.10785148580405785
797.922,0.11751447502726482
798.041,0.12185488531329706
798.16,0.12951348535947352
798.279,0.12550496086782292
798.398,0.1155773906092743
798.517,0.11055361403076677
798.636,0.10465041867355643
798.755,0.10226401265152506
798.874,0.10290114583349616
798.993,0.11118514387372772
799.112,0.12376391910592288
799.231,0.12567012609520828
799.35,0.12141407257413696
799.469,0.1266005140703967
799.588,0.12543620540920347
799.707,0.12624428329407475
799.826,0.12410536092861252
799.945,0.1203478721737508
800.064,0.1255278805762527
800.183,0.1259332467919013
800.302,0.1172016899437022
800.421,0.12347210773810859
800.54,0.12711010356692565
800.659,0.13269089371052262
800.778,0.13740257288747462
800.897,0.1449699023834029
801.016,0.16029747287906315
801.135,0.16798445791888178
801.254,0.16914892919792107
801.373,0.17836506062390944
801.492,0.1824900416501732
801.611,0.18196711243660732
801.729,0.1814885715699685
801.848,0.18715427855116515
801.967,0.19704331158419292
802.086,0.20155492154528493
802.205,0.21112873298419274
802.324,0.21700287220313386
802.443,0.20858010385529682
802.562,0.19104485819989087
802.681,0.16726436512465598
802.8,0.1376570167577411
802.919,0.11771351558060358
803.038,0.09493679803975383
803.157,0.08207208153844758
803.276,0.07658028700382856
803.394,0.0693017664057125
803.513,0.060231472022417
803.632,0.05049401587881425
803.751,0.040422075023414966
803.87,0.04242289808140992
803.989,0.04325322496829598
804.108,0.04194430590986168
804.227,0.047051492107450424
804.346,0.04866500697189788
804.465,0.04298115556210912
804.583,0.03480324268110872
804.702,0.039418035827117684
804.821,0.04618909771214839
804.94,0.05362408090137271
805.059,0.05582262754544158
805.178,0.06170248522923591
805.297,0.06496618199270981
805.416,0.05938830408311843
805.535,0.061514377842009096
805.653,0.06479169979999855
805.772,0.06843682048466161
805.891,0.07081586494899392
806.01,0.06984675952873115
806.129,0.07757140922912664
806.248,0.08601027529230455
806.367,0.09169567453153074
806.485,0.10817226173257613
806.604,0.131990051751934
806.723,0.1655516298151676
806.842,0.20165848649022008
806.961,0.2351075379162098
807.08,0.25954060844099375
807.198,0.2777303614740759
807.317,0.27894125015285753
807.436,0.2734141164299818
807.555,0.2680500616338598
807.674,0.25674311482451356
807.793,0.25048614661484375
807.912,0.24520636534694568
808.03,0.24224314114114126
808.149,0.24599606681821878
808.268,0.2614623696090427
808.387,0.2831057290258657
808.506,0.3085716327534247
808.624,0.33433924857821284
808.743,0.35905055040801115
808.862,0.3732611132973611
808.981,0.37874325457646785
809.1,0.36518215171447627
809.219,0.35891617717354585
809.337,0.33432167520798084
809.456,0.3118552406574132
809.575,0.2920926354131437
809.694,0.28034566499078084
809.812,0.2646680742825553
809.931,0.2540320991521214
810.05,0.2465000917597051
810.169,0.24829285376885712
810.288,0.24998847606227012
810.406,0.26278054177808047
810.525,0.27403960125146687
810.644,0.29162689505415473
810.763,0.3022754539299498
810.882,0.31279728085872105
811.0,0.3181346775282831
811.119,0.32048840531309364
811.238,0.32856501330462
811.357,0.32790740990152123
811.475,0.3277734603302868
811.594,0.33756899097383
811.713,0.3425268351116958
811.832,0.3549554310302039
811.95,0.3668970417512655
812.069,0.38054342231807775
812.188,0.39728605091039854
812.307,0.397379832858181
812.425,0.39965572020852436
812.544,0.3946583517565819
812.663,0.38796521979014953
812.782,0.38544394912548796
812.9,0.38231153455385913
813.019,0.3888840852248698
813.138,0.3956785776305159
813.257,0.40132025963480905
813.375,0.41144645129749
813.494,0.42236005363609497
813.613,0.4347616305608212
813.731,0.44807735010849525
813.85,0.45736144979831317
813.969,0.4657519927652076
814.088,0.46612561429144383
814.206,0.47236621732456535
814.325,0.47906678656135165
814.444,0.48858698079207175
814.562,0.4953370848507909
814.681,0.5052027362162912
814.8,0.5094934685314989
814.918,0.5078438820709854
815.037,0.5094880396143372
815.156,0.5068960049183426
815.274,0.49851933231555956
815.393,0.498452930228779
815.512,0.4977490085506254
815.631,0.4967221455658428
815.749,0.49266336549312717
815.868,0.4863652254834086
815.987,0.48442293325692687
816.105,0.478451594410092
816.224,0.4737681609335185
816.343,0.470623523483751
816.461,0.46776837525307335
816.58,0.4646192346376756
816.698,0.45254803628993245
816.817,0.44944071078395875
816.936,0.43922031351026253
817.055,0.42538644747295057
817.173,0.4043886882272315
817.292,0.3834636229409726
817.41,0.37380097489605557
817.529,0.35872359183540914
817.648,0.3467829852909438
817.766,0.3499459962704533
817.885,0.34372698331395257
818.004,0.3364722422624862
818.122,0.327806723749989
818.241,0.330878384798141
818.359,0.33222018693488775
818.478,0.3314268452535038
818.597,0.3361138561441763
818.715,0.3435857533224921
818.834,0.3493495278854175
818.953,0.35554276316498434
819.071,0.34314256977553687
819.19,0.3559722319267688
819.308,0.36300668837164835
819.427,0.4617711111535862
819.546,0.5726976658982584
819.664,0.7150548803521793
819.783,0.828626593917531
819.901,0.889208056437857
820.02,0.8384027110464414
820.138,0.7400093275874693
820.257,0.5873515637010273
820.376,0.4833071734485349
820.494,0.37491371510021076
820.613,0.32187657948086834
820.731,0.2908714351962347
820.85,0.27882833288896064
820.969,0.25999788293015896
821.087,0.25570043507903756
821.206,0.26137492586149397
821.324,0.2726198325286126
821.443,0.2974855286085909
821.561,0.3302427008009553
821.68,0.36946577552903276
821.798,0.39325521502337285
821.917,0.3994816652502267
822.035,0.38930629963283214
822.154,0.36983768677328144
822.273,0.3358154859060264
822.391,0.30961399711982446
822.51,0.2927327745695605
822.628,0.27860234291002484
822.747,0.273285249698332
822.865,0.2680736592242631
822.984,0.2723656781582221
823.102,0.26926800229288383
823.221,0.2709346756643868
823.339,0.273476893096292
823.458,0.27255360292100517
823.576,0.2699680013187675
823.695,0.2743314275934346
823.813,0.2818001082248708
823.932,0.2880207686673423
824.05,0.28226172191450477
824.169,0.28504003388731136
824.287,0.27880300826828786
824.406,0.27367944942815203
824.524,0.27259601214667645
824.643,0.27220697013293504
824.761,0.2739831243770656
824.88,0.2710429944866175
824.998,0.26615281077733693
825.117,0.26888823330733636
825.235,0.2685754729140895
825.354,0.2712564912546869
825.472,0.27071806665881487
825.591,0.270524636407958
825.709,0.2720073232979946
825.828,0.2727643572121796
825.946,0.26746077349737724
826.064,0.27045202087355924
826.183,0.2684782064876644
826.301,0.26330714450426745
826.42,0.2545965943354668
826.538,0.2571388117673717
826.657,0.26899357572270527
826.775,0.2805955190933671
826.894,0.28498918090869463
827.012,0.29506069127443546
827.13,0.2933120351700548
827.249,0.2872056013543101
827.367,0.27561945827588474
827.486,0.27225416571023187
827.604,0.26804742448109137
827.723,0.26779253274721343
827.841,0.25857441148094157
827.959,0.25617601290704795
828.078,0.25163925396814474
828.196,0.25712203855662513
828.315,0.26848595745825726
828.433,0.28636853026441444
828.552,0.3046364453866488
828.67,0.3219323200421175
828.788,0.3250683120278439
828.907,0.32605050422354265
829.025,0.31258203791165784
829.143,0.2905253914334446
829.262,0.2561631771590145
829.38,0.21671575671891707
829.499,0.1838358416207863
829.617,0.14891955695877412
829.735,0.1285342228830007
829.854,0.11690602531706587
829.972,0.10551894401184167
830.091,0.10346129512913187
830.209,0.10212390803874338
830.327,0.10155430163573567
830.446,0.11262557407160609
830.564,0.12247399432955919
830.682,0.14764419997971645
830.801,0.17088917645480567
830.919,0.19454386302497068
831.037,0.22323563820389697
831.156,0.24137449448498013
831.274,0.2450610632171858
831.392,0.24173105658803223
831.511,0.22917599351055262
831.629,0.215140032250085
831.747,0.19961030661911427
831.866,0.18941683226003103
831.984,0.18949250546612414
832.102,0.18901107275281348
832.221,0.1932746899950714
832.339,0.1982684633788112
832.457,0.2065849296883252
832.576,0.21012611050161015
832.694,0.21101621337740892
832.812,0.20690973233171897
832.93,0.20688311934706688
833.049,0.20049031677994378
833.167,0.19286493344887415
833.285,0.18360747423151408
833.404,0.1821372750076676
833.522,0.1847906888824103
833.64,0.18347617052749654
833.759,0.18443639412525228
833.877,0.19353576794505983
833.995,0.20179562302950727
834.113,0.20767652004241294
834.232,0.21427535031866102
834.35,0.2324865581366618
834.468,0.25990159319358885
834.586,0.28695701830946896
834.705,0.3105308530837635
834.823,0.3325330830530887
834.941,0.34571296824331077
835.059,0.3410011330750361
835.178,0.32713629210851985
835.296,0.31507078746599027
835.414,0.2955036521927821
835.532,0.283095263652975
835.651,0.26602545537644745
835.769,0.2597387988563245
835.887,0.2607099587134689
836.005,0.2715295418040459
836.124,0.2918688170370448
836.242,0.3133403167713725
836.36,0.3282314049011026
836.478,0.34955237024150354
836.596,0.36607360432939684
836.715,0.38001195127363396
836.833,0.385310653301482
836.951,0.40060895626606496
837.069,0.4109923755998801
837.188,0.41364321623712064
837.306,0.41908022978075576
837.424,0.4335274344412148
837.542,0.4472033111601435
837.66,0.46168139467063857
837.779,0.4673274837613937
837.897,0.4753152189798969
838.015,0.47626772286514407
838.133,0.4773720477630693
838.251,0.48182672788992653
838.369,0.4904738552185788
838.487,0.49834450813069475
838.606,0.5025888260916801
838.724,0.4981368879112098
838.842,0.4903185117674139
838.96,0.48042288964930524
839.078,0.4763704465911789
839.196,0.4795925459540897
839.315,0.4887466010708369
839.433,0.48645682570227905
839.551,0.4809389238861828
839.669,0.47549886250455287
839.787,0.4690719645405148
839.905,0.46097181889013794
840.023,0.45680165021624825
840.142,0.46170600359675795
840.26,0.46912698325522106
840.378,0.46346305021082823
840.496,0.4643049048834454
840.614,0.46593224030385944
840.732,0.4654649603968155
840.85,0.45781770454697046
840.968,0.4459336131484034
841.087,0.43834940161738245
841.205,0.4368637629685185
841.323,0.4278784236171032
841.441,0.4275809773852586
841.559,0.42493545193190824
841.677,0.42563835177936243
841.795,0.4294465059835858
841.913,0.42796987366598205
842.031,0.43947844109799233
842.149,0.44888917665566563
842.267,0.45800527651924317
842.385,0.4778672161954314
842.504,0.4873931041313647
842.622,0.5075715520204244
842.74,0.5229882239101459
842.858,0.5286458925696647
842.976,0.5415414350158028
843.094,0.5444148606970542
843.212,0.5489017062926993
843.33,0.5511260328138139
843.448,0.5507809816881635
843.566,0.548067265440983
843.684,0.5424026890872147
843.802,0.5461510155194929
843.92,0.5494567451012515
844.038,0.5512687103125072
844.156,0.5603436383760367
844.274,0.5740902791262987
844.392,0.5878607223234639
844.51,0.5890480341308622
844.628,0.5968717254585486
844.746,0.6027474759964493
844.864,0.5968474484111553
844.982,0.5886463031887861
845.1,0.5830582806507336
845.218,0.5789318570143963
845.336,0.5584055474619378
845.454,0.5319775176963034
845.572,0.5052349096459249
845.69,0.47455589152530175
845.808,0.4368557948776891
845.926,0.40906716578233304
846.044,0.3790095845186893
846.162,0.363219318590539
846.28,0.3382927729079169
846.398,0.3233053570807089
846.516,0.3131260355278933
846.634,0.2995551869460976
846.752,0.2787451779589314
846.87,0.26736286787345404
846.988,0.24565608561648528
847.106,0.23100319066466973
847.224,0.21043184945590862
847.342,0.19595843781992886
847.46,0.18377199101475805
847.578,0.1715855442095875
847.696,0.1618925645448431
847.814,0.16293963490832764
847.932,0.1638361708778855
848.05,0.1627577470638755
848.168,0.1699361990876803
848.285,0.17771743199656748
848.403,0.1841966067289265
848.521,0.18966642905072598
848.639,0.18926155015313112
848.757,0.19858672556382984
848.875,0.19869713747621437
848.993,0.1997268384865527
849.111,0.21496274044168767
849.229,0.22321423250425096
849.347,0.23368771515067172
849.465,0.24472023364462356
849.582,0.2478484098386743
849.7,0.25371579735468963
849.818,0.2536415794762323
849.936,0.2641858261539862
850.054,0.27672883506221074
850.172,0.28477318150578085
850.29,0.2928394004681265
850.408,0.2959695065903044
850.525,0.2943938046288348
850.643,0.2932015150553152
850.761,0.29370241575878275
850.879,0.29616348013017546
850.997,0.3071670497022181
851.115,0.3125236495738837
851.233,0.31723629676041837
851.35,0.3214188570213311
851.468,0.3240323857147773
851.586,0.3263705779954005
851.704,0.3272014964086297
851.822,0.32883333499467393
851.94,0.34214895846317955
852.057,0.3531853368133854
852.175,0.3821346647314878
852.293,0.42382151828953846
852.411,0.46920997399568304
852.529,0.5226507331581522
852.647,0.5761628996613302
852.764,0.6268753837612224
852.882,0.6675985598743917
853.0,0.6991410678861618
853.118,0.7342687390490144
853.236,0.7613473233024212
853.353,0.7827602818835542
853.471,0.802306999965622
853.589,0.8103127478466461
853.707,0.8042615425580486
853.824,0.783933372293321
853.942,0.7573123497149584
854.06,0.7355315868797763
854.178,0.7076631874218247
854.296,0.6847598497259502
854.413,0.6650775620744809
854.531,0.6414981062246881
854.649,0.6069913973183216
854.767,0.5625462018659169
854.884,0.5221609318839019
855.002,0.47937483131156955
855.12,0.4244810049781531
855.238,0.38023716536036
855.355,0.3401072892005199
855.473,0.30440981463963135
855.591,0.26293735181259065
855.708,0.2220412941862264
855.826,0.19803082105467837
855.944,0.16465300082022344
856.062,0.1351106706057124
856.179,0.12077868488527407
856.297,0.10674306163207474
856.415,0.09273965044727411
856.532,0.0757509522168281
856.65,0.06139330950475651
856.768,0.05687236478966791
856.886,0.04051825339630001
857.003,0.03464686256967226
857.121,0.03443451371860204
857.239,0.034611788493153876
857.356,0.03175322688058628
857.474,0.027777074220222825
857.592,0.025365431690248012
857.709,0.027193459604445323
857.827,0.026225650269879924
857.945,0.027317472677824455
858.062,0.029602732987848938
858.18,0.03962328967549296
858.298,0.046173877849969014
858.415,0.04627520845414609
858.533,0.04817013407092813
858.651,0.05357939146806952
858.768,0.058526179956196606
858.886,0.059848255910754086
859.003,0.05831244539950293
859.121,0.06448741615089834
859.239,0.06081998173531779
859.356,0.04705118766288513
859.474,0.0456924860363988
859.592,0.04558381411492492
859.709,0.04582906920488612
859.827,0.050709108568667935
859.944,0.05176784374832363
860.062,0.05779448228537308
860.18,0.05153474588091306
860.297,0.049424190331339504
860.415,0.05271266630701944
860.532,0.05174865566464415
860.65,0.05719636548316332
860.768,0.06800276551953946
860.885,0.07762121269351022
861.003,0.08375537356842527
861.12,0.0895923857976059
861.238,0.10070648041602596
861.356,0.10201970561593136
861.473,0.10707877917379914
861.591,0.11605011287211978
861.708,0.12254652739968623
861.826,0.12511261277360447
861.943,0.12397923253860998
862.061,0.12273713301911289
862.178,0.1202476566200269
862.296,0.1121568854862424
862.414,0.10787707909443023
862.531,0.10588809738968147
862.649,0.0985506415349061
862.766,0.09511421373470888
862.884,0.09788314817304417
863.001,0.09801129762390548
863.119,0.10196778116988454
863.236,0.10492777849281926
863.354,0.11056780267514915
863.471,0.11305689753503115
863.589,0.10958122786291306
863.706,0.10859001899996067
863.824,0.10971980114887235
863.941,0.11360745059164548
864.059,0.11966305263071281
864.176,0.1298763631652845
864.294,0.14078187458816854
864.411,0.1505474417972147
864.529,0.1547097843434353
864.646,0.1509671412803791
864.764,0.14799904270573178
864.881,0.14665530030486568
864.999,0.14190845130625596
865.116,0.14362042844022593
865.233,0.15033027611443628
865.351,0.16170154352536703
865.468,0.17147290051879538
865.586,0.18550103565159431
865.703,0.2102653609563676
865.821,0.23080314366243082
865.938,0.24346360306237452
866.056,0.2557226374118471
866.173,0.25734455123321154
866.29,0.24797488106042676
866.408,0.23643404174446903
866.525,0.22810138628540141
866.643,0.22957791218784546
866.76,0.23415711920955568
866.878,0.24612151786493275
866.995,0.2578305226981351
867.112,0.2657240596237348
867.23,0.26406316570062177
867.347,0.2595852200210778
867.465,0.2474892047138436
867.582,0.24171949380778368
867.699,0.23537337770104733
867.817,0.23395887126884846
867.934,0.23441060533571478
868.051,0.2417605458388015
868.169,0.24746683088683435
868.286,0.2554825965938276
868.404,0.2655891177720245
868.521,0.27585453636603297
868.638,0.2835428576007672
868.756,0.2915425405733669
868.873,0.301951417158169
868.99,0.31651478569159663
869.108,0.3359377132494773
869.225,0.356189866592706
869.342,0.38352614278174824
869.46,0.41511855380078516
869.577,0.4457382810436807
869.694,0.4749279315442729
869.812,0.5033880692127592
869.929,0.5274273848510577
870.046,0.5522650474246679
870.164,0.5731637266905305
870.281,0.5917452055849237
870.398,0.6114222403462277
870.516,0.6184292969520376
870.633,0.6192901757818847
870.75,0.6095750484743202
870.867,0.598835129331178
870.985,0.5843569394055238
871.102,0.5673306010425043
871.219,0.5491366561624893
871.337,0.5326558441501101
871.454,0.520768904389997
871.571,0.5083029861917044
871.688,0.48950433049847997
871.806,0.4714583467748888
871.923,0.4478940552260716
872.04,0.41715236097195635
872.157,0.38686870299337855
872.275,0.35974047750287885
872.392,0.3407597652563158
872.509,0.325514107245386
872.626,0.30651280909879886
872.744,0.2862802168070169
872.861,0.2732951479424903
872.978,0.2528657029817274
873.095,0.23765928684271895
873.213,0.22374720916772928
873.33,0.2018233565270873
873.447,0.18155023574463242
873.564,0.1575896656203501
873.681,0.1386810040238715
873.799,0.12588378149706503
873.916,0.11522427602589227
874.033,0.1138831068625302
874.15,0.1155436192464407
874.267,0.10413178390817424
874.385,0.09542805297347647
874.502,0.08663147796337958
874.619,0.07749022932490138
874.736,0.06252739261421737
874.853,0.05350248322728908
874.97,0.049856843135554114
875.088,0.05134502964982538
875.205,0.050549144365955076
875.322,0.05264116623560449
875.439,0.05892909915442021
875.556,0.05523161459505497
875.673,0.050272802015449966
875.791,0.044247320249780495
875.908,0.05194708082770512
876.025,0.0563816275733705
876.142,0.061395041934338826
876.259,0.06764600265354195
876.376,0.0697698508827348
876.493,0.061111551360436805
876.61,0.05334628864775229
876.728,0.04650264401714654
876.845,0.0519283863407483
876.962,0.050604227615216546
877.079,0.04872671274555512
877.196,0.04898779910179396
877.313,0.04431843487897631
877.43,0.04106545698654945
877.547,0.0413524520612637
877.664,0.04350000637321186
877.781,0.04619722213025933
877.898,0.05632132384467098
878.016,0.058304777821882314
878.133,0.05861806629484197
878.25,0.05402220577982626
878.367,0.056042971841295405
878.484,0.05506687453053118
878.601,0.050713888059374226
878.718,0.04944586655542842
878.835,0.051445554471967234
878.952,0.05460709001998379
879.069,0.051704340683786924
879.186,0.04806185857083961
879.303,0.044841611432199675
879.42,0.04325668873930627
879.537,0.040211441824632196
879.654,0.03971004184541169
879.771,0.03575280627095618
879.888,0.040571652797036936
880.005,0.03636557906486318
880.122,0.02914816943258043
880.239,0.018919423900188748
880.356,0.005679342467688118
