wavelength_nm,intensity
792.446,128.36104314490436
792.565,184.55195223581342
792.684,223.39783968170084
792.803,244.89870548256664
792.922,249.0545496384106
793.041,220.97576175962269
793.16,189.45195223581317
793.279,153.2761946600557
793.398,123.37056695442807
793.518,100.83203881590003
793.637,93.35411673797802
793.756,92.38182236568363
793.875,111.78528556914685
793.994,132.5255453094066
794.113,165.81818600204718
794.232,196.61039379425492
794.351,209.8735972574584
794.47,205.5714327552939
794.589,184.50563188949303
794.708,158.296973880835
794.827,134.91342409728517
794.946,122.57662756048867
795.066,123.11602149988255
795.185,121.01125959512066
795.304,132.5523851362462
795.423,136.45281803667916
795.542,136.9792249630861
795.661,133.296973880835
795.78,135.88398686784802
795.899,135.50476608862726
796.018,124.46147604533725
796.137,110.99221197607318
796.256,109.41732020118138
796.375,109.45974444360566
796.494,102.34286132672256
796.613,97.22684401070518
796.732,97.39307777693898
796.851,88.91082669468793
796.97,82.14199552585681
797.089,76.51255829641957
797.208,65.88568000931903
797.327,70.69374799731297
797.446,59.937632618679146
797.565,65.28971756024555
797.684,69.91900806249907
797.803,82.20108762954169
797.922,102.08954660051933
798.041,104.93935877299828
798.16,107.62895932504335
798.279,102.88912640581196
798.398,83.3810370128862
798.517,79.95383117855246
798.636,66.15747813583697
798.755,58.03268551346168
798.874,61.06376628438525
798.993,59.28253486969916
799.112,74.9193893897099
799.231,77.24313850376609
799.35,80.43767481843837
799.469,89.38063224608564
799.588,85.22000562331786
799.707,80.49314523431627
799.826,83.93078700981695
799.945,79.43682705371612
800.064,87.48745584220407
800.183,90.18397207657964
800.302,85.98784761831462
800.421,84.46618203450852
800.54,85.0960316022175
800.659,91.20813225217745
800.778,101.20767878958321
800.897,111.87822099798474
801.016,130.4007112583343
801.135,143.97861277409515
801.254,143.14872208206378
801.373,151.04870151990252
801.492,152.82920043826073
801.611,150.9880543349739
801.729,152.12266580744472
801.848,159.2771906998291
801.967,167.24297100346905
802.086,178.2641625625202
802.205,187.19531083152805
802.324,194.37580974988646
802.443,179.5260056379418
802.562,152.78788983768538
802.681,124.27921126686618
802.8,97.59823832375264
802.919,67.79490971038894
803.038,44.913077498971035
803.157,34.74143873608322
803.276,24.583178831194985
803.394,10.80235715455142
803.513,1.927526067443874
803.632,-9.79089274568572
803.751,-13.767407175687078
803.87,-21.798427396130243
803.989,-20.756665419380084
804.108,-18.895804923190468
804.227,-13.956800591306187
804.346,-25.098708844295224
804.465,-29.280847347844716
804.583,-31.629207742282098
804.702,-28.68517580844392
804.821,-23.63636106352996
804.94,-7.81751252164661
805.059,2.45396649355111
805.178,17.491758246166597
805.297,15.667816584369053
805.416,19.307094041766778
805.535,21.25467094748419
805.653,11.484695499172478
805.772,2.109666171262615
805.891,-0.14289069744529348
806.01,-8.319340446618854
806.129,2.592039007793316
806.248,20.66036755252881
806.367,46.51179901625319
806.485,73.50327099668162
806.604,108.10936922677826
806.723,146.442704112549
806.842,187.53774742958734
806.961,212.9082840368676
807.08,240.12990289523003
807.198,261.04502824709874
807.317,261.2822315210451
807.436,253.6415127170692
807.555,247.76962508192415
807.674,236.85964220868374
807.793,230.8232524090364
807.912,225.7366461591726
808.03,228.449174108443
808.149,235.37642067243206
808.268,243.65864559139936
808.387,263.86035102984715
808.506,296.32699153322994
808.624,331.3590000019806
808.743,365.12347600319873
808.862,392.6308091472739
808.981,409.0567570099638
809.1,402.2904970804457
809.219,385.9735878002781
809.337,352.43330189673395
809.456,315.95795105812476
809.575,288.4981846351
809.694,260.19339656705375
809.812,237.48168209208123
809.931,226.99421004135118
810.05,222.5846600685431
810.169,235.16039148101638
810.288,239.52486748223424
810.406,249.97592357003214
810.525,264.75078918163945
810.644,275.7213257889178
810.763,285.85723036156423
810.882,296.08058082165655
811.0,296.86929924711706
811.119,304.13680555136557
811.238,303.53677938808175
811.357,311.2960605841055
811.475,317.0276361524238
811.594,329.12284808437846
811.713,348.8890556873289
811.832,370.6682503032664
811.95,378.39203366379274
812.069,387.24741875592065
812.188,393.6144921597366
812.307,396.59022357221045
812.425,397.76941818814737
812.544,382.3789158343872
812.663,384.12953902175263
812.782,381.11306264201846
812.9,380.8255905912887
813.019,387.741581744022
813.138,402.5034603426428
813.257,417.44715712308187
813.375,441.99951191217883
813.494,449.1579273073364
813.613,478.01677560292694
813.731,497.3656671885609
813.85,516.602004661641
813.969,531.1725412689203
814.088,534.0391817723034
814.206,528.8062551761195
814.325,522.7404281470351
814.444,509.49970934305895
814.562,514.262453742546
814.681,521.555934072769
814.8,532.7333970869746
814.918,538.5351025254225
815.037,541.0571542842166
815.156,542.0943575581621
815.274,540.7843746849212
815.393,530.2588073960961
815.512,524.7609457349765
815.631,516.6197940305669
815.749,512.9522353997506
815.868,507.507187591445
815.987,510.2327025537021
816.105,500.7911179488598
816.224,498.02312641761057
816.343,494.43262406385054
816.461,493.3252385932076
816.58,490.8005371052488
816.698,488.39445033590476
816.817,476.3260259042228
816.936,457.39699541193454
817.055,424.2142852659665
817.173,394.8350383234616
817.292,377.5614190865844
817.41,368.64018080208825
817.529,355.815046413696
817.648,346.0383968737885
817.766,339.156119628253
817.885,323.5664830753583
818.004,317.0668898125068
818.122,320.66080304316193
818.241,327.4425950616957
818.359,327.96378101962364
818.478,317.44340853599306
818.597,325.1533390826655
818.715,335.72820469427324
818.834,335.84694710022274
818.953,347.56652011479383
819.071,338.2308724606954
819.19,348.712224658894
819.308,352.72410252577544
819.427,471.81163847302093
819.546,632.1805416896917
819.664,798.1990000377805
819.783,922.1950295300263
819.901,960.8117895012508
820.02,885.3666615493016
820.138,763.2458992089973
820.257,594.3783729602686
820.376,497.6485755655614
820.494,396.90366567854767
820.613,339.6018062535608
820.731,302.4680196587043
820.85,268.84375107117773
820.969,244.47662534079421
821.087,239.0930493939602
821.206,247.0739756116282
821.324,261.294728669123
821.443,286.52673713787306
821.561,331.7189187667963
821.68,374.15698784160713
821.798,394.7716802930412
821.917,400.5534723115751
822.035,389.85128164612627
822.154,356.13177496336147
822.273,322.11789598622454
822.391,295.38107328614376
822.51,275.76286530467786
822.628,262.17236295091783
822.747,258.14289955819675
822.865,262.84417209621165
822.984,272.9012887900708
823.102,273.48914141466594
823.221,270.87612823839527
823.339,270.72718432619365
823.458,271.1323529681045
823.576,269.5981276706215
823.695,275.1548114640476
823.813,281.2223177682962
823.932,290.8673132500341
824.05,287.23438665385
824.169,285.6144470706531
824.287,288.36766766061635
824.406,284.5780311077225
824.524,274.00484477127884
824.643,259.9346887378656
824.761,249.56496560488512
824.88,241.23939831606066
824.998,237.23417734758254
825.117,247.69562304577119
825.235,260.0981942850854
825.354,265.0973023209365
825.472,266.7241159844931
825.591,265.6556915528117
825.709,260.98813292199605
825.828,255.37511974572595
825.946,248.8374312447803
826.064,243.94995919405113
826.183,238.78543086626567
826.301,230.00531812289577
826.42,224.41221836653892
826.538,232.5697679608315
826.657,241.79831322611983
826.775,255.88659875114843
826.894,275.5636288649213
827.012,286.8008321388674
827.13,287.51595749073545
827.249,277.5531607646815
827.367,262.3401475884109
827.486,247.8985629835689
827.604,234.8102251319737
827.723,229.45262321111449
827.841,235.37554077077488
827.959,232.79715962913673
828.078,237.34691701563708
828.196,242.6109601164231
828.315,254.45076079296666
828.433,266.41696839591714
828.552,275.66196387765535
828.67,286.6775221299564
828.788,295.75368644286345
828.907,289.8705433964633
829.025,279.4306903933531
829.143,259.7631317625371
829.262,235.05861113178833
829.38,195.50407488771398
829.499,152.143041620634
829.617,115.62426984442288
829.735,86.42911146831018
829.854,61.685435056277335
829.972,44.89949307483187
830.091,43.78963464146018
830.209,46.177818919636515
830.327,48.41294234083347
830.446,53.5681768729016
830.564,76.51409471037258
830.682,101.25247097579444
830.801,127.52588547134316
830.919,149.42224618925056
831.037,183.73619616369626
831.156,205.72754980899293
831.274,227.16261341037617
831.392,219.80262515516426
831.511,222.00021265752815
831.629,202.1060252681172
831.747,179.61183787870635
831.866,156.2328020044469
831.984,140.4849349613564
832.102,147.29550947670754
832.221,160.5459108318856
832.339,159.27250266325427
832.457,171.19043648596508
832.576,170.5040413043468
832.694,169.33020023528255
832.812,159.4169652268242
832.93,152.20416311879876
833.049,156.85110127051357
833.167,142.90381710819608
833.285,135.9852929878453
833.404,138.9766325712909
833.522,140.24390065303345
833.64,141.97578549790643
833.759,147.3108715683491
833.877,158.69608108284814
833.995,169.54814587740924
834.113,175.55490610685592
834.232,191.54781352244999
834.35,211.73292873025184
834.468,229.29206991207974
834.586,251.1377911804877
834.705,276.13156439694757
834.823,302.80585709392676
834.941,318.2325307432869
835.059,321.97349010693245
835.178,313.6772200333485
835.296,297.40432658314097
835.414,265.8332994924388
835.532,234.66049681161215
835.651,209.26974304317864
835.769,201.82071622161607
835.887,198.526952864242
836.005,221.65252223512542
836.124,257.68573602257817
836.242,292.13741673742277
836.36,320.3348371069321
836.478,336.27782097835035
836.596,353.7465144806222
836.715,363.9244103754555
836.833,374.12164679537784
836.951,388.31888321530016
837.069,408.29793781704046
837.188,426.0172521590404
837.306,438.55647992095373
837.424,446.3069630941226
837.542,458.9215155313608
837.66,465.38888182141295
837.779,479.799971055188
837.897,479.49937197727485
838.015,491.9840542846429
838.133,497.8999054231798
838.251,501.6763626223225
838.369,506.8207851894307
838.487,508.4110952024264
838.606,517.5295437435607
838.724,516.6713689080716
838.842,513.1361377955263
838.96,510.6407335228078
839.078,496.8648097695699
839.196,497.57200289944876
839.315,495.5675077176393
839.433,501.86084803366526
839.551,502.4953138908168
839.669,499.35748537567406
839.787,500.46641010728456
839.905,498.43680670036673
840.023,493.7907530769986
840.142,500.7126648215957
840.26,495.10124323285936
840.378,500.1660121203133
840.496,487.86974204672833
840.614,485.74576634543774
840.732,476.1940850164415
840.85,473.8354772805185
840.968,467.5651812329072
841.087,464.3104696008803
841.205,454.7596540727494
841.323,444.6287519645321
841.441,434.3783693368344
841.559,430.00157978272983
841.677,425.0594222632575
841.795,426.451463877984
841.913,440.9162327654377
842.031,459.6009150728046
842.149,478.3306190251929
842.267,487.25079916805726
842.385,502.1363472762894
842.504,510.8383456009719
842.622,518.5481361334466
842.74,532.55922536722
842.858,557.9694488001276
842.976,579.9952566486197
843.094,594.7050471810944
843.212,600.6442749430062
843.33,600.5627234841388
843.448,595.7876655317652
843.566,590.6108759776598
843.684,588.5059478954163
843.802,594.0356518478045
843.92,595.3393817742187
844.038,604.3409471984683
844.156,615.0524693326744
844.274,627.4072815101704
844.392,645.8581975837703
844.51,661.0346547829115
844.628,670.9271292980701
844.746,684.8698202634451
844.864,679.1389181552274
844.982,671.333557172551
845.1,659.3004905621691
845.218,632.6466447310079
845.336,604.0430153500631
845.454,570.8281305578628
845.572,536.5612977137141
845.69,500.36113153623205
845.808,459.89862769641235
845.926,418.313180133649
846.044,389.32340356655675
846.162,361.1656616314991
846.28,336.33605822458003
846.398,321.3878400990461
846.516,308.4049899388802
846.634,283.4766852332597
846.752,258.1362593155181
846.87,223.450378852322
846.988,203.5177451423728
847.106,183.6742889216011
847.224,167.17715304714983
847.342,162.29386998655139
847.46,161.73006744543346
847.578,153.8736242116749
847.696,137.7936757968003
847.814,118.9738419471141
847.932,115.97490238245612
848.05,96.26611555931214
848.168,93.23130672700091
848.285,94.9182568912638
848.403,103.34865952422152
848.521,116.56141060766436
848.639,126.7970242174675
848.757,139.7838745337524
848.875,155.28029300507797
848.993,165.97426400574733
849.111,183.19810513628676
849.229,195.82021466509468
849.347,205.59557094714933
849.465,214.33196619024292
849.582,220.8553744203495
849.7,219.72423719591046
849.818,226.9437493221207
849.936,248.63945192452132
850.054,261.5542021459695
850.172,274.41094370940897
850.29,285.8728800780432
850.408,289.3304874423485
850.525,292.11277013132906
850.643,289.65089697615383
850.761,294.6894567214115
850.879,304.1652459038986
850.997,307.6739355192864
851.115,312.77050392255296
851.233,319.5510550098022
851.35,324.03983120527676
851.468,326.608261080405
851.586,325.4658684447106
851.704,330.3927398782804
851.822,343.0356286278675
851.94,356.6170455159829
852.057,380.9716225772585
852.175,418.6145113268459
852.293,469.28164250067584
852.411,528.7184706442027
852.529,592.87477930721
852.647,660.7090100481397
852.764,721.2523316981603
852.882,772.0380775906051
853.0,815.9433040025306
853.118,851.348097514023
853.236,880.0758347484593
853.353,921.7542213335448
853.471,946.8758979619204
853.589,957.0737650664863
853.707,952.9469568463769
853.824,942.6071616132804
853.942,915.9981023109198
854.06,876.2756230951393
854.178,837.0760876023026
854.296,812.1241711570849
854.413,779.6406529802657
854.531,747.4099486562604
854.649,714.7809759339867
854.767,672.5701850298949
854.884,613.5576625240716
855.002,548.9988196719279
855.12,480.4538296336371
855.238,419.30364479015157
855.355,366.9231569163629
855.473,318.17730107720615
855.591,269.6245188311228
855.708,223.50636861967143
855.826,172.16051278051447
855.944,133.14192966862998
856.062,97.08248850950756
856.179,72.38573797897041
856.297,49.44568734912339
856.415,29.74158191664646
856.532,8.621968151548739
856.65,-2.962704324067159
856.768,-13.581430388313912
856.886,-21.376893266162806
857.003,-24.19731122982924
857.121,-32.82891447778237
857.239,-36.362793562038306
857.356,-38.5511508449827
857.474,-41.620215160109936
857.592,-41.84819765928812
857.709,-39.8846907490935
857.827,-41.24565356213741
857.945,-39.58696627924607
858.062,-39.621498181040174
858.18,-33.51632296855648
858.298,-24.74540870809835
858.415,-22.687435680967887
858.533,-18.53361387276068
858.651,-12.069579631303716
858.768,-5.534004870680162
858.886,-2.011374468134243
859.003,2.777951687461133
859.121,2.2732101039321577
859.239,6.488561890997245
859.356,-3.325263783571983
859.474,-4.682585358197694
859.592,-3.8124496313226635
859.709,-6.7901838115294435
859.827,-9.80304955993631
859.944,-15.098998710820837
860.062,-16.69612317653453
860.18,-22.983887979016096
860.297,-22.38311304520484
860.415,-17.311258551894447
860.532,-13.43607934524772
860.65,-1.6745805126018753
860.768,11.174187028068236
860.885,21.38208951196009
861.003,31.344037690246417
861.12,33.584209950711
861.238,39.97640595385401
861.356,44.606961056404614
861.473,53.88972257692369
861.591,71.08223585407501
861.708,73.4231085092643
861.826,77.92675172722386
861.943,80.25117416596245
862.061,74.91412474322905
862.178,65.1917939352142
862.296,56.35165051081289
862.414,51.14791318853352
862.531,51.439161201447924
862.649,32.942159618225574
862.766,29.20982450799977
862.884,34.510963374193
863.001,37.50213662637796
863.119,47.85016840278897
863.236,57.419159557334474
863.354,64.95244419421452
863.471,75.00568943958282
863.589,66.68462147784672
863.706,67.90035005290727
863.824,68.73339464528382
863.941,65.20280287402376
864.059,77.02978686033933
864.176,90.58144617133004
864.294,107.90020504942032
864.411,121.46398557253215
864.529,127.5515756194534
864.646,126.42964185685096
864.764,122.04363883017932
864.881,112.23425918013118
864.999,108.74436004956368
865.116,110.80511026964561
865.233,122.17668300055016
865.351,126.47379685699579
865.468,140.10684144937207
865.586,159.73122803309047
865.703,189.40929427048866
865.821,218.97740379793024
865.938,241.14291592277442
866.056,259.2642722034628
866.173,262.6219921205147
866.29,254.71650857436296
866.408,245.51145792864415
866.525,229.70034667686474
866.643,222.28577222162207
866.76,221.53699863218026
866.878,225.00900426351765
866.995,235.6325250463702
867.112,241.32530989848698
867.23,246.42242375493288
867.347,243.81823891008037
867.465,240.6426254937995
867.582,242.40207701258373
867.699,236.82732939716885
867.817,236.96600169517393
867.934,239.45445754296242
868.051,233.8875021353395
868.169,231.5248757320454
868.286,233.780431146933
868.404,248.76239348822747
868.521,265.3599402451064
868.638,277.77740042189873
868.756,297.78100778483827
868.873,315.6495502127126
868.99,329.9094346319288
869.108,353.79096407278973
869.225,376.27249351365055
869.342,400.84493204542036
869.46,441.54810650792615
869.577,478.8599389790901
869.694,520.0869229654055
869.812,557.1121753499896
869.929,590.9305013276473
870.046,631.3332428897206
870.164,665.2061143219241
870.281,686.7240073991491
870.398,707.9146277491014
870.516,711.6636896574953
870.633,709.6335307866684
870.75,694.392116504586
870.867,670.1030831748845
870.985,656.8131840443173
871.102,644.6046701951353
871.219,622.3961563459534
871.337,594.7824476915764
871.454,581.714193582654
871.571,565.8277576555497
871.688,543.5759537630772
871.806,517.4566174030724
871.923,497.0126057183922
872.04,469.7270355921536
872.157,438.87869490314444
872.275,401.46325464703557
872.392,381.00712175023415
872.509,355.29384599628975
872.626,324.7944230561982
872.744,301.36512998623664
872.861,280.3159234963619
872.978,254.86671700648722
873.095,240.62357112267313
873.213,223.70336896180277
873.33,202.43511485288042
873.447,185.21621139330847
873.564,157.89427763070614
873.681,141.1420408378008
873.799,126.11188196697344
873.916,105.24016465458757
874.033,95.33901011276453
874.15,79.961665094751
874.267,54.23626812868551
874.385,44.07450752625639
874.502,25.86666430999702
874.619,15.208531157716045
874.736,11.143666840080233
874.853,2.6415984773605574
874.97,-2.9079707278337037
875.088,-5.130283003705985
875.205,-9.793786655615598
875.322,3.4680970956814843
875.439,4.623958511806436
875.556,1.9248833151116997
875.673,4.654604622719932
875.791,7.690187651439469
875.908,7.257219282807731
876.025,3.325626419944726
876.142,-5.37636283137179
876.259,-2.1531961548353533
876.376,-12.253266233373795
876.493,-24.368610505093116
876.61,-21.694080642097774
876.728,-13.607289371871182
876.845,-4.072338480578901
876.962,-3.2073288092513526
877.079,-3.6697208896395637
877.196,-3.0379954927834296
877.313,-9.528753672356183
877.43,-15.240173735513544
877.547,-10.111518134580525
877.664,-7.678200472552778
877.781,-4.401169107957146
877.898,-3.693244967182637
878.016,-0.6872169119839626
878.133,1.314114223254068
878.25,-0.20775860819839914
878.367,-1.4406124564139184
878.484,0.7484161667219864
878.601,-2.548566093051165
878.718,-4.190739387989988
878.835,-7.875025493457494
878.952,-5.231165804017326
879.069,-10.545749523461419
879.186,-14.725198195530915
879.303,-18.015989482745
879.42,-17.295777521691463
879.537,-19.92145669052691
879.654,-15.672220499186704
879.771,-22.82367005441703
879.888,-19.82427188850394
880.005,-21.960107002281323
880.122,-25.698462090956642
880.239,-31.039337154529946
880.356,-37.982732193001226
