wavelength_nm,intensity
792.446,89.89380853648878
792.565,140.635626718307
792.684,177.02549684817717
792.803,199.06341892609925
792.922,206.74939295207312
793.041,192.04809425077445
793.16,162.3658431685234
793.279,142.95978256246286
793.398,120.03250983519015
793.518,100.02558342826384
793.637,84.07493407761453
793.756,80.18315918583971
793.875,88.0913842940648
793.994,99.07839728107777
794.113,125.90956611224655
794.232,151.47320247588289
794.351,172.34246654514692
794.47,177.4757998784802
794.589,168.99441459709485
794.708,144.28359208627234
794.827,125.53727173995196
794.946,112.61779122047147
795.066,109.36237996506028
795.185,104.39095139363178
795.304,103.54506394774441
795.423,94.4299124325929
795.542,91.84203364471414
795.661,91.87060507328559
795.78,96.08186048454098
795.899,105.6351072377877
796.018,113.32774793042833
796.137,111.46887347155385
796.256,106.98056178324218
796.375,97.17969598237636
796.494,91.15631935899975
796.613,79.22558342826383
796.732,62.69657909925955
796.851,57.62644922912963
796.97,52.95769908086968
797.089,37.68864096023614
797.208,27.713183757896786
797.327,31.471034587500878
797.446,38.655058093038406
797.565,43.80954484710827
797.684,59.71635853706604
797.803,84.06333423342139
797.922,100.3083476539082
798.041,100.54560350823184
798.16,96.70407148376742
798.279,93.80539660216022
798.398,78.7361589499902
798.517,64.5353195662183
798.636,61.08253213049832
798.755,52.393807626169206
798.874,43.97608301462104
798.993,34.64216731898665
799.112,33.825027338426935
799.231,39.91112098146462
799.35,42.510527136113865
799.469,56.32101493394957
799.588,63.23020825227206
799.707,69.9329017314229
799.826,74.13169910667764
799.945,66.03966128605512
800.064,56.721600176103934
800.183,61.28961086158827
800.302,61.977530479946864
800.421,74.44050532085961
800.54,74.73074840200587
800.659,75.9607429322673
800.778,83.65562326410908
800.897,87.69430043470561
801.016,88.77626764859227
801.135,102.55780196204603
801.254,112.36098129714502
801.373,121.25680132488472
801.492,119.82881182881495
801.611,120.22593055785339
801.729,121.96417482801746
801.848,131.85826325402576
801.967,135.27962440730698
802.086,146.56332322292582
802.205,154.17689216841492
802.324,147.82855635199928
802.443,137.08195213731523
802.562,125.34833493561811
802.681,101.14025885946204
802.8,80.13391987782173
802.919,54.82398201036172
803.038,39.34483642049963
803.157,25.00326311816967
803.276,8.084612529198667
803.394,2.0744733150029906
803.513,-1.9875919688405248
803.632,-5.350299428353647
803.751,-12.165688336223697
803.87,-21.156230072076163
803.989,-26.39452967043656
804.108,-28.400731409261937
804.227,-18.57856448129794
804.346,-10.175755950527673
804.465,-4.532327491761113
804.583,-1.88788139886009
804.702,7.016145581370129
804.821,8.356265059946415
804.94,7.179368173826692
805.059,12.811350144745937
805.178,19.974835071640367
805.297,17.816810884541333
805.416,14.149224304391907
805.535,7.704916045650977
805.653,7.984893949668648
805.772,11.069151979065749
805.891,11.83084661405939
806.01,8.918050465517712
806.129,13.480953414740338
806.248,20.354004837510267
806.367,22.082197007077863
806.485,39.796219011345094
806.604,67.74433381387007
806.723,106.64059950198961
806.842,147.4942571471717
806.961,172.83228390399802
807.08,198.39108988160348
807.198,212.84599975531265
807.317,212.5433338714461
807.436,214.24759439450605
807.555,205.6089977747089
807.674,195.39204617655676
807.793,190.4452244485346
807.912,183.28974471185444
808.03,191.9143515552608
808.149,199.15194541165414
808.268,205.3860760645843
808.387,222.82107251838033
808.506,241.05000836611583
808.624,266.27807841298556
808.743,288.8351527888599
808.862,314.3238288963359
808.981,327.15103314234005
809.1,321.689059899167
809.219,301.2928875217947
809.337,277.4231220708294
809.456,251.30833497484252
809.575,232.29830978361764
809.694,210.45624996035826
809.812,207.49470961761824
809.931,192.70979265150152
810.05,189.81058997109903
810.169,191.49320547251466
810.288,191.23382963193896
810.406,198.32163993854925
810.525,212.90382253953175
810.644,218.80115665566575
810.763,240.26212713543595
810.882,250.15686384897236
811.0,257.17367848458673
811.119,269.7532636829717
811.238,269.004710353218
811.357,267.6102695775767
811.475,272.2703742564806
811.594,268.66294646785195
811.713,276.36374378744836
811.832,293.11042855293204
811.95,303.7376327989352
812.069,318.14838682848807
812.188,324.0162837151838
812.307,319.76037107806997
812.425,323.5347614712589
812.544,317.8927016479977
812.663,323.18657256066706
812.782,325.90641749931024
812.9,320.5318901435811
813.019,327.4093108398
813.138,330.5793722286594
813.257,336.1208621889475
813.375,346.49698418386754
813.494,353.0687771744586
813.613,371.1236870481664
813.731,380.6703718136491
813.85,389.1824245444998
813.969,398.9195855004586
814.088,403.24635684602765
814.206,409.558409576878
814.325,410.0488172860831
814.444,412.7980994541625
814.562,422.4504119252722
814.681,423.19363348729104
814.8,432.0199719324269
814.918,423.5649250961776
815.037,415.6129085629585
815.156,419.436649605497
815.274,420.33917852682333
815.393,419.8884606949029
815.512,422.2351454603851
815.631,421.1333453773826
815.749,423.5068699697048
815.868,415.2942473758799
815.987,406.31019621062626
816.105,416.09237881160664
816.224,417.3446912827169
816.343,418.9571769140003
816.461,421.58091795653934
816.58,422.5293343237538
816.698,411.3781835914013
816.817,402.1768164088322
816.936,388.95640160721575
817.055,380.15416862378106
817.173,359.6246629130736
817.292,335.53325244046147
817.41,318.03837876438604
817.529,302.42142716623243
817.648,279.5620513256546
817.766,272.9018096842109
817.885,272.27966328086256
818.004,268.2713696913672
818.122,261.36610640490255
818.241,255.4963409539357
818.359,258.24995212634553
818.478,260.4286715238633
818.597,263.7736246876147
818.715,269.08394581673406
818.834,269.4843102358967
818.953,275.41730994480366
819.071,262.27895982846434
819.19,275.99440595080563
819.308,291.4258514699845
819.427,402.38642120894974
819.546,540.1067814475579
819.664,672.2143559901126
819.783,768.672353539669
819.901,798.516025614741
820.02,730.0676650152791
820.138,623.7978474977347
820.257,478.9735244186207
820.376,391.6581097705264
820.494,315.84781614305246
820.613,262.05927705569763
820.731,226.58797644033922
820.85,195.4783841495452
820.969,172.91164900160854
821.087,169.9388532476114
821.206,179.88207480963177
821.324,194.67031801667392
821.443,227.63691620207098
821.561,257.1654191493729
821.68,300.45149785425065
821.798,317.0380094595614
821.917,320.22019206054307
822.035,308.3945824537325
822.154,281.5282802062292
822.273,252.43167492842292
822.391,226.7116930272399
822.51,214.8427933771393
822.628,211.36350411664904
822.747,204.13616290810685
822.865,203.50535849610125
822.984,211.04165365119513
823.102,210.24374967209002
823.221,212.65710110424047
823.339,215.94664301258138
823.458,212.55739704213448
823.576,205.29975280328918
823.695,210.25855878089388
823.813,208.2043777455114
823.932,215.63850839844048
824.05,216.0440676227982
824.169,222.11369611122535
824.287,226.71925533558323
824.406,221.99754183266842
824.524,220.94595819988342
824.643,222.3168853896092
824.761,211.30859180011413
824.88,202.99726790758865
824.998,195.1681950973143
825.117,192.49583224374987
825.235,197.48753865425465
825.354,200.84288142839588
825.472,206.84930645361942
825.591,214.034086457198
825.709,215.70371494562494
825.828,216.08676334747173
825.946,205.58669486620153
826.064,195.8753709736759
826.183,193.99694751405076
826.301,182.01549375139547
826.42,179.26607462077476
826.538,178.36167713517568
826.657,183.27459566689254
826.775,190.07063108172628
826.894,194.6632032930968
827.012,203.9752560239481
827.13,216.83016589765663
827.249,222.31278139907104
827.367,223.28197698706543
827.486,213.645977769865
827.604,206.68703482972091
827.723,203.4917282532133
827.841,193.8245602048443
827.959,194.5504657495489
828.078,192.98546220334453
828.196,199.27933311601473
828.315,203.10220835768908
828.433,216.47659875087854
828.552,228.44233113541003
828.67,251.53620204808004
828.788,253.9192504499275
828.907,260.7464546959307
829.025,241.08448145275648
829.143,223.64588483295879
829.262,194.2453834512562
829.38,170.1334723521585
829.499,131.85470677417243
829.617,102.42764096695046
829.735,67.25124265171061
829.854,54.87113557688393
829.972,37.89345962997383
830.091,36.276568833161576
830.209,37.91885921141808
830.327,44.180314214239075
830.446,50.08098563654133
830.564,59.69669424040504
830.682,70.07110116514515
830.801,106.21941494346169
830.919,132.26944958851956
831.037,164.19407389327733
831.156,194.8845290191806
831.274,218.1700226211853
831.392,219.54902271669658
831.511,209.79295787714295
831.629,182.2498800505764
831.747,156.57606629327393
831.866,131.89186292558202
831.984,122.1764907267216
832.102,127.37886744561013
832.221,133.28687187012633
832.339,137.4433611431275
832.457,143.4881621044402
832.576,141.64811458090446
832.694,135.03057787987964
832.812,135.82083338664705
832.93,136.8595737418995
833.049,131.93602197983375
833.167,115.88020531897676
833.285,105.49889634069922
833.404,93.12925028730209
833.522,87.48122183727799
833.64,88.64968631743231
833.759,97.45210204054524
833.877,117.16357524043718
833.995,133.51339686850505
834.113,141.44222783813228
834.232,142.7803834684438
834.35,149.6691884494046
834.468,168.35539602776794
834.586,184.5827291472567
834.705,203.92175057843383
834.823,237.2140187628576
834.941,249.03182807282255
835.059,249.93275426590426
835.178,239.03281465812034
835.296,225.24196595942726
835.414,212.8034982131152
835.532,189.56416466593726
835.651,175.37245016637843
835.769,176.23181791790174
835.887,169.84096921920877
836.005,189.34622441661955
836.124,210.84109000364066
836.242,234.10911576382188
836.36,254.0922930391544
836.478,263.4823967214131
836.596,270.8179549491261
836.715,276.19160841493414
836.833,278.8016255171058
836.951,300.0012530088876
837.069,318.2242571240463
837.188,329.9868716288155
837.306,338.4655034496021
837.424,376.7566893829428
837.542,422.05783202624025
837.66,476.89425605481904
837.779,524.6869571396746
837.897,544.1047664496382
838.015,533.887077924104
838.133,488.82696515614555
838.251,445.3309216522563
838.369,423.72470498819393
838.487,409.39251429815766
838.606,415.1291547769527
838.724,422.41817620812867
838.842,412.7970244791313
838.96,405.2944874687487
839.078,399.191950458366
839.196,405.46776842633824
839.315,407.598131848856
839.433,411.4003567432352
839.551,414.20950804454077
839.669,417.6654125925996
839.787,417.43993185927303
839.905,417.75124766274325
840.023,417.5188405224907
840.142,424.78253727834203
840.26,420.21852840648785
840.378,410.43287451298875
840.496,400.5796881519572
840.614,393.7498784143024
840.732,389.19019854677737
840.85,382.1127697615035
840.968,371.0500595909481
841.087,368.04535807840114
841.205,358.08134920654675
841.323,347.00478622213825
841.441,345.536015445522
841.559,347.6421364437975
841.677,349.58375527757073
841.795,348.63186761783743
841.913,349.6687245468488
842.031,365.7341529044315
842.149,374.4974167598498
842.267,377.06154641613375
842.385,397.8014336481755
842.504,413.1456498845462
842.622,426.1643249953756
842.74,440.9258572490621
842.858,453.19734621270544
842.976,473.28182218933557
843.094,471.02603842570585
843.212,465.29579578761695
843.33,473.80191678589176
843.448,472.2110680871968
843.566,470.2643752326576
843.684,472.15924081967694
843.802,482.5744527270425
843.92,486.6216992664426
844.038,484.88193281882974
844.156,490.1205213495719
844.274,508.32447784568217
844.392,526.1007287140867
844.51,533.1618280673397
844.628,543.7043127019781
844.746,557.1853254751444
844.864,550.6576802396528
844.982,540.223541497668
845.1,519.31580968209
845.218,510.9111081695427
845.336,492.33670968729837
845.454,460.4341726769155
845.572,433.82167895657585
845.69,399.4853757124267
845.808,370.6131417323467
845.926,342.8456696570286
846.044,311.5656434691566
846.162,300.64665624232356
846.28,279.23762572544723
846.398,263.05110603108164
846.516,248.91999759212737
846.634,222.4997116639956
846.752,201.2326724891106
846.87,177.9058930544851
846.988,162.21461145535744
847.106,148.7042822371821
847.224,133.8069400319936
847.342,126.17106968827693
847.46,117.46766687702771
847.578,102.94261904413355
847.696,97.73705173071974
847.814,89.0738355974494
847.932,86.97661333831138
848.05,78.81650883181938
848.168,76.45411848300381
848.285,78.77630776020808
848.403,78.98625448513211
848.521,80.65366528304862
848.639,88.39269766072502
848.757,98.36152710599109
848.875,109.57624399714454
848.993,120.65849335583033
849.111,135.3052448790182
849.229,154.26714791735753
849.347,163.21346654011236
849.465,172.76757737065952
849.582,179.0532899328084
849.7,193.84636180231678
849.818,200.4420310744224
849.936,201.50869601752368
850.054,214.7918111770751
850.172,222.96843283013294
850.29,229.02211076024696
850.408,229.74245535702755
850.525,226.7216744126826
850.643,232.08617485361907
850.761,233.10954975342992
850.879,224.99872551904156
850.997,234.46798786473977
851.115,230.24374371693142
851.233,232.55802770765115
851.35,231.0705800966394
851.468,235.75542685792198
851.586,244.40131258024354
851.704,249.09395154931843
851.822,260.98659051839314
851.94,280.35022515846356
852.057,296.84113252580664
852.175,324.88355504466483
852.293,362.2714321089778
852.411,399.8757593897409
852.529,447.488744679162
852.647,499.89134035819336
852.764,557.2852780285667
852.882,607.7112503309745
853.0,643.8125473087069
853.118,677.7675239401187
853.236,700.0393836884136
853.353,715.9779101033753
853.471,734.5640555659556
853.589,748.8904607687956
853.707,747.3259568807266
853.824,741.5259551571598
853.942,722.9770356846752
854.06,694.1311465152211
854.178,653.3424002029097
854.296,630.3493248862694
854.413,603.5467257601053
854.531,572.0835205733351
854.649,537.0956400618898
854.767,503.67832232100716
854.884,464.7839483030683
855.002,415.6930374885927
855.12,361.95191022390077
855.238,322.1138132622391
855.355,277.1640279888892
855.473,232.96316046445705
855.591,189.5025526802847
855.708,158.86878472295217
855.826,136.12592585652885
855.944,109.87672952922185
856.062,87.73854028261965
856.179,69.41279244502473
856.297,52.08688700442474
856.415,36.601975561228144
856.532,16.077462941724527
856.65,3.866419689565599
856.768,-6.9645902532542365
856.886,-22.822549597961896
857.003,-22.803059396090035
857.121,-29.3803158343129
857.239,-31.64083221698322
857.356,-30.618681960073854
857.474,-31.718914014465938
857.592,-33.909649442059134
857.709,-33.950523876506004
857.827,-37.48584120444191
857.945,-37.88597542789441
858.062,-37.94446943735031
858.18,-37.966830203840246
858.298,-28.349723905823076
858.415,-22.44412396933094
858.533,-15.287739288638527
858.651,-4.274005835350609
858.768,0.19546071918134222
858.886,2.5139281869541565
859.003,2.8057100072485515
859.121,-2.0719225097898235
859.239,4.43040074957289
859.356,-2.32860710191311
859.474,-1.4992952246857396
859.592,4.390154422006799
859.709,5.301410124631309
859.827,0.16959040959509952
859.944,-7.555748921260582
860.062,-9.747976743208621
860.18,-8.617933518209181
860.297,-9.229527719100325
860.415,-0.2604819569312543
860.532,5.285875931243471
860.65,9.01553586986705
860.768,10.826435168117875
860.885,21.63219175540612
861.003,22.8176278984931
861.12,31.524480103410326
861.238,38.888399509786424
861.356,39.9180493367359
861.473,51.03817349514256
861.591,63.00186252899161
861.708,69.59013677711522
861.826,82.45188295141995
861.943,81.85277188580423
862.061,78.71946168598949
862.178,68.30130300132625
862.296,55.55673739025612
862.414,54.21909818611245
862.531,48.42691352742327
862.649,36.86529648350835
862.766,38.43856798501092
862.884,38.782405629267274
863.001,37.18332419978716
863.119,37.970883458461984
863.236,48.13846736634411
863.354,55.20302434338669
863.471,55.405067268443986
863.589,51.36235313295087
863.706,49.865093542912334
863.824,54.17649196153189
863.941,63.37360466586571
864.059,69.25556585504802
864.176,85.96176946847287
864.294,102.28961810354275
864.411,114.7646528857989
864.529,120.10115952952694
864.646,106.1545492901381
864.764,106.28672692953717
864.881,97.59119894123052
864.999,89.9008657581187
865.116,93.89797846245276
865.233,107.17820804990373
865.351,122.59090516982234
865.468,129.4841217702606
865.586,134.3132691066296
865.703,158.76146406204614
865.821,173.0858494936532
865.938,195.359152674178
866.056,209.90258572483273
866.173,214.34385427332307
866.29,212.8448630815538
866.408,197.6108069547197
866.525,187.22696727810177
866.643,187.64572500408116
866.76,194.32768619326396
866.878,199.38886816166732
866.995,202.39204147206215
867.112,206.3259507131929
867.23,206.34124523570887
867.347,203.50545750714258
867.465,194.2021373110437
867.582,193.34124135736914
867.699,192.39030211365127
867.817,182.80213343270395
867.934,177.2165621543542
868.051,184.56086100587453
868.169,193.7597053119403
868.286,198.68149334094988
868.404,207.77038093705897
868.521,223.7718226457223
868.638,236.9351691162904
868.756,245.42492251326567
868.873,259.2800438756089
868.99,276.05291415570116
869.108,301.4777324877414
869.225,314.3752780925091
869.342,337.7706591951121
869.46,373.30889744057225
869.577,407.8228932617899
869.694,440.39576354188205
869.812,466.5781576314979
869.929,487.14323570379776
870.046,521.9576644254483
870.164,544.0733918483977
870.281,565.0982101804382
870.398,583.4641540536043
870.516,588.7547732514458
870.633,587.838466042361
870.75,561.2329813440986
870.867,539.0768472951868
870.985,532.5657348912966
871.102,522.942934175718
871.219,509.4474061874124
871.337,498.6696271168557
871.454,495.917822072273
871.571,483.7348481965217
871.688,462.45144142033735
871.806,431.7559134320319
871.923,410.1365759199167
872.04,379.39342888399204
872.157,338.1004982982838
872.275,313.8560525610604
872.392,296.42286223509234
872.509,277.12300524245757
872.626,270.9166547433291
872.744,261.2124687463652
872.861,249.29096673208505
872.978,233.55561190395224
873.095,213.80120945677197
873.213,196.6078459706307
873.33,169.19370326371035
873.447,140.51289389012328
873.564,115.67537455982615
873.681,92.97638336805704
873.799,73.69297659187214
873.916,62.67017587629318
874.033,56.06902018235931
874.15,52.21072163128273
874.267,39.24134825496476
874.385,27.670431403054778
874.502,14.72310248911112
874.619,4.539707763679869
874.736,-4.227822349172541
874.853,-6.836222923781863
874.97,-7.979059193230979
875.088,-6.526753749155848
875.205,-5.421988443239597
875.322,-3.8033996182692222
875.439,-1.818007336551216
875.556,2.7677610643730524
875.673,-0.5753690213278726
875.791,6.857552328186301
875.908,6.696944157426812
876.025,-0.9287805180799609
876.142,-3.6879813921090614
876.259,-11.84325890681989
876.376,-15.355050729817618
876.493,-14.856163900588761
876.61,-12.755856968762654
876.728,-4.7987371058912744
876.845,-0.15542708401331748
876.962,-3.894116745224463
877.079,-0.9597688676236878
877.196,-4.572239921337248
877.313,-2.0362868867739716
877.43,-4.568948025237355
877.547,-7.900981755443938
877.664,-15.004298708722592
877.781,-12.40155631799189
877.898,-8.188251841402327
878.016,1.7031680881124407
878.133,11.450499653391002
878.25,27.455508988270033
878.367,25.94264574620435
878.484,24.131650625995697
878.601,10.637392063172221
878.718,3.6982726501234904
878.835,-4.729779033043869
878.952,-15.519750274446041
879.069,-18.52422703903141
879.186,-16.176455012128255
879.303,-17.378829125016125
879.42,-7.124752365635686
879.537,-7.534789509273862
879.654,-2.5092516999960965
879.771,-1.3990896621312023
879.888,-7.786568182292091
880.005,-13.09550519243488
880.122,-19.988046683137785
880.239,-28.464192654400815
880.356,-38.52394310622396
