wavelength_nm,intensity
792.446,120.0827433316233
792.565,167.00334939222947
792.684,199.98759181647196
792.803,219.03547060435082
792.922,224.14698575586578
793.041,207.9868125956926
793.16,179.1357303446104
793.279,147.25174766062776
793.398,120.14958315846326
793.518,95.5634359723161
793.637,86.52966973854983
793.756,83.12014592902595
793.875,89.61365242253238
793.994,107.5417909506709
794.113,138.4742584831384
794.232,172.04308965196958
794.351,196.17642298530288
794.47,200.17209398097395
794.589,189.83270004158004
794.708,169.1617043705844
794.827,142.76083856971854
794.946,122.31841432729433
795.066,118.95910696798695
795.185,118.19027579915576
795.304,129.14525415413405
795.423,126.54438835326829
795.542,123.05607666495662
795.661,118.03529744417744
795.78,121.23356584244587
795.899,124.04395545283549
796.018,129.6049944138745
796.137,118.45261346149363
796.256,115.09417190305203
796.375,105.65347926235938
796.494,90.8205788294589
796.613,76.2482844571645
796.732,72.01798142686145
796.851,75.5997996086796
796.97,74.9066233348286
797.089,66.65420815552184
797.208,61.15727123866081
797.327,66.62213206247546
797.446,64.75796782677983
797.565,65.47031994647844
797.684,78.0160724065448
797.803,98.69089764946716
797.922,105.22146436745645
798.041,111.51480164821646
798.16,112.68000040083808
798.279,111.57506928332984
798.398,94.91775721344072
798.517,83.7548174379238
798.636,79.24295991348909
798.755,75.55188160983363
798.874,64.76123620661113
798.993,62.58271201550987
799.112,67.3721531923739
799.231,66.82652943417295
799.35,63.300819095885366
799.469,66.3127710952601
799.588,73.48835945827119
799.707,79.15832011565463
799.826,83.57806432282172
799.945,81.84109857327904
800.064,81.17339689300039
800.183,83.80699391402038
800.302,77.0925389869883
800.421,73.10189358376576
800.54,77.13549060478556
800.659,86.12146857818632
800.778,94.24164568578635
800.897,101.40944184100562
801.016,110.84996526895225
801.135,122.53724194365228
801.254,125.95525454908827
801.373,135.47110265235978
801.492,136.52028408896456
801.611,141.0889460450496
801.729,140.19959934312587
801.848,150.19596692691619
801.967,151.30402282239476
802.086,155.96186226765678
802.205,161.23788353110055
802.324,160.654164534804
802.443,146.9163329843949
802.562,126.59062264610702
802.681,106.16967421258107
802.8,87.586179717165
802.919,66.88449803645784
803.038,56.01074615349102
803.157,45.07171580418867
803.276,31.02728620829651
803.394,20.457259773760185
803.513,7.013901212637723
803.632,-4.026057829941571
803.751,-15.63570786403741
803.87,-22.187641940750623
803.989,-21.89933620834643
804.108,-23.41890575966129
804.227,-20.165993389431634
804.346,-15.276926942496583
804.465,-13.902056719286248
804.583,-12.272166398263757
804.702,-10.025477150090602
804.821,-13.44643456034893
804.94,-16.956432140299427
805.059,-18.721614730867323
805.178,-11.303868157528978
805.297,-3.25873572059317
805.416,4.713474317852471
805.535,17.050850492097524
805.653,19.438053569910267
805.772,18.219237761173503
805.891,13.46689102977063
806.01,9.946026263477908
806.129,11.076098166786895
806.248,25.421197190697097
806.367,42.52046264685286
806.485,65.40645415056788
806.604,97.61059004067519
806.723,132.21493330586162
806.842,164.48361668322713
806.961,193.84206613520698
807.08,214.18839437506543
807.198,235.6974931776943
807.317,245.80399457772575
807.436,247.3148249820862
807.555,246.77717053796192
807.674,231.37284942717116
807.793,219.9512122990644
807.912,215.845592486975
808.03,213.08889042380324
808.149,219.3295909580341
808.268,231.18587590784944
808.387,247.0421608576647
808.506,273.28892199795615
808.624,290.9711809737454
808.743,318.02660012269473
808.862,346.6309370205619
808.981,360.17380205695713
809.1,355.63961081629634
809.219,342.7287961990123
809.337,318.29244045618725
809.456,292.2889851462627
809.575,255.21280256361075
809.694,236.18510482944382
809.812,218.12883566670547
809.931,203.1262461576468
810.05,196.67170859664017
810.169,207.7929286113912
810.288,217.29163780363143
810.406,231.65181885734353
810.525,239.30550640456227
810.644,253.37824157082872
810.763,264.03798972410823
810.882,266.52717510682504
811.0,275.43713971032105
811.119,283.6397450064579
811.238,296.2094498696942
811.357,301.6960378498138
811.475,294.67786392517166
811.594,301.76445190529165
811.713,308.25363728800926
811.832,315.4770218049262
811.95,330.26231108374805
812.069,341.33158304655274
812.188,358.24501085351307
812.307,365.2986984007332
812.425,365.55325174881904
812.544,366.5956838847836
812.663,363.5853021679343
812.782,365.1731888493533
812.9,363.78531795501465
813.019,367.18359424682313
813.138,370.0156367723978
813.257,379.4840429343359
813.375,392.9732283170531
813.494,407.8078682452247
813.613,424.42519215608024
813.731,432.2122130366328
813.85,444.39923391718537
813.969,455.2875534990368
814.088,462.40357870859384
814.206,467.4477424462896
814.325,470.3741572662362
814.444,474.48498767059834
814.562,482.47374015288244
814.681,482.8772112498852
814.8,496.99063905684466
814.918,494.8902140499514
815.037,497.8824297356988
815.156,500.40018654698747
815.274,493.117943358276
815.393,487.1785573124218
815.512,483.8192578466542
815.631,472.0963220172504
815.749,470.3543385687989
815.868,458.2842165922089
815.987,457.679029680554
816.105,462.7534964485526
816.224,466.3465779351659
816.343,473.09550357762316
816.461,478.6608794365305
816.58,474.0946535638359
816.698,461.89725885997245
816.817,443.6314658877107
816.936,422.05311880289497
817.055,402.3267197700273
817.173,375.5232644601034
817.292,361.90509053546066
817.41,354.480856004757
817.529,342.4488292662609
817.648,328.8219973329596
817.766,319.1709229754159
817.885,316.7085932066169
818.004,309.4670426585971
818.122,296.2661847512701
818.241,300.3345909132072
818.359,303.6826507547979
818.478,307.66880583448403
818.597,319.147601606811
818.715,330.76752292026356
818.834,337.6800849263567
818.953,345.81795300687395
819.071,332.4664183165173
819.19,351.5867687901467
819.308,367.7873627530388
819.427,490.9076683359234
819.546,629.3686910834323
819.664,798.9174251122515
819.783,928.5434657438748
819.901,1001.4336990871981
820.02,945.9287001540991
820.138,822.500229412263
820.257,639.0325172746593
820.376,515.2242230576932
820.494,378.2401802025828
820.613,318.1862545829531
820.731,275.76598754420843
820.85,258.04558708189853
820.969,235.76161229145572
821.087,225.5460357694111
821.206,224.30448522139247
821.324,235.1902074006466
821.443,258.013591917563
821.561,302.7841625816655
821.68,340.3746466656813
821.798,369.25603984060626
821.917,378.1002035783018
822.035,372.241337012967
822.154,344.7244617896238
822.273,314.6448160035102
822.391,283.1608412130678
822.51,266.3513252970843
822.628,251.65609509538686
822.747,244.36259649542114
822.865,238.8846823110398
822.984,247.41023133012172
823.102,253.13578034920363
823.221,255.49163239858845
823.339,251.14618574667458
823.458,256.6145919086134
823.576,249.5765045640589
823.695,250.4656899467771
823.813,252.59643377105374
823.932,264.7921126602655
824.05,265.6717742334597
824.169,266.21637087158905
824.287,265.5670281157789
824.406,261.3956074378907
824.524,251.9081694439853
824.643,245.6614240907724
824.761,231.40688652976723
824.88,225.94628836270158
824.998,219.00517071511638
825.117,227.93504873852686
825.235,237.61211290912348
825.354,244.00952340006643
825.472,253.30476938884493
825.591,262.3186300962383
825.709,263.4519713231121
825.828,256.80436016903377
825.946,252.19138104958745
826.064,243.72991708165645
826.183,232.57148341675577
826.301,226.83815797696343
826.42,220.974962407301
826.538,228.4381737640456
826.657,236.79142841083348
826.775,242.74728046021875
826.894,255.38365199012338
827.012,256.0615819615864
827.13,251.4252262187636
827.249,252.7906020776724
827.367,241.01571819632136
827.486,227.28585595999192
827.604,208.59668636435524
827.723,205.59409685529857
827.841,197.5863125410472
827.959,192.3733334216011
828.078,187.25212919393022
828.196,206.38287301820773
828.315,216.79327052213912
828.433,231.71189313429568
828.552,247.0348447507814
828.67,275.56472277419346
828.788,285.49546659847147
828.907,290.9301065266453
829.025,274.7327118227847
829.143,258.7612911448981
829.262,221.35884278031284
829.38,180.36549920987648
829.499,140.675487386458
829.617,102.69490806060958
829.735,72.05683761386877
829.854,55.3195780069951
829.972,40.694400364027885
830.091,47.04424336855752
830.209,55.18289215146429
830.327,59.05982353528636
830.446,75.09104073868937
830.564,88.6638632229756
830.682,109.02376072361804
830.801,132.24894186674283
830.919,164.0833053474314
831.037,197.01249820945313
831.156,226.27646662621135
831.274,238.73998550982463
831.392,243.23553902547275
831.511,233.86182847185665
831.629,217.6214512515739
831.747,193.10661515683228
831.866,172.98052365083527
831.984,164.26395595436196
832.102,162.1664358769362
832.221,157.65419718479188
832.339,158.65624420693325
832.457,165.0652176360009
832.576,168.6179140087915
832.694,165.18186579283736
832.812,164.60988684095256
832.93,161.59375204491184
833.049,151.69017136142526
833.167,141.57533526668348
833.285,132.71082067352788
833.404,125.63353763342766
833.522,123.76941756842768
833.64,123.68536132309686
833.759,119.67365474894382
833.877,117.68443623688401
833.995,124.9906317821754
834.113,137.45202424848713
834.232,150.3888464414933
834.35,173.94038724921816
834.468,211.44344320845823
834.586,246.78459440579374
834.705,268.7984728758567
834.823,291.39070632427473
834.941,304.5725501623033
835.059,304.64963209556987
835.178,293.8929477950704
835.296,278.79686955517667
835.414,257.89905971355137
835.532,237.23415030482624
835.651,218.8835266103867
835.769,211.75801114105536
835.887,211.87578571501413
836.005,226.8437767391894
836.124,244.96588031747723
836.242,271.1996722074534
836.36,284.8040268679925
836.478,302.8759139960639
836.596,322.9616539379882
836.715,339.2413332738519
836.833,348.15737624607937
836.951,365.91497765986526
837.069,383.68556608663823
837.188,408.3929510502077
837.306,417.68908060252204
837.424,435.6475478171741
837.542,450.7203007461119
837.66,460.30993679193284
837.779,460.3229494611303
837.897,457.71604871041416
838.015,457.50914795969805
838.133,457.3853640920987
838.251,450.59318195610115
838.369,448.7724283915321
838.487,463.0746185499067
838.606,470.93178706325955
838.724,475.6746698623267
838.842,480.62188166572287
838.96,482.0695263695521
839.078,477.57691133312164
839.196,471.9743395867347
839.315,473.56051242909234
839.433,480.2358627606273
839.551,471.5164078973571
839.669,471.19089242802636
839.787,471.85412154744006
839.905,467.77709092659404
840.023,456.1944326001204
840.142,455.1000859619584
840.26,460.89578261383963
840.378,453.04299441723595
840.496,448.3936694240954
840.614,451.11144399805437
840.732,446.9521622949569
840.85,440.78075937973824
840.968,429.12883698400015
841.087,423.7314600428076
841.205,419.50204846958036
841.323,413.14103516475154
841.441,412.3886798685808
841.559,413.32377045985595
841.677,413.8735796658498
841.795,415.7584538069084
841.913,420.8961418007809
842.031,427.5801501409739
842.149,434.63731865432703
842.267,449.4122360854291
842.385,469.8564175857954
842.504,487.1672657528284
842.622,508.7837416254892
842.74,518.8313863293188
842.858,533.9612821153996
842.976,546.889446299749
843.094,549.6574373239251
843.212,556.9336534563265
843.33,561.6808652597235
843.448,559.1562155912593
843.566,562.7995312907602
843.684,555.3536695010837
843.802,561.8567254603249
843.92,560.8325086922935
844.038,558.7286382446082
844.156,568.1148110869664
844.274,577.1226289509696
844.392,586.8655117500377
844.51,606.3555806962922
844.628,615.1296323265294
844.746,626.1798744329573
844.864,625.4448351541039
844.982,615.6110945765491
845.1,607.1375271591676
845.218,596.2527043305305
845.336,570.582600116612
845.454,546.9367383269358
845.572,517.3705302169134
845.69,489.50475500732387
845.808,455.7186334773881
845.926,421.3411699561103
846.044,390.0944423655685
846.162,359.7247710520828
846.28,326.60964519314246
846.398,296.58196522164786
846.516,272.8174887133566
846.634,255.00106415311734
846.752,238.37944478768358
846.87,222.41063927506372
846.988,202.7994095200199
847.106,180.09467327146967
847.224,160.983010615993
847.342,141.09472458389268
847.46,129.8601182054718
847.578,121.61534346260046
847.696,115.4422826942978
847.814,103.43393163437142
847.932,99.92210503912357
848.05,95.89128950120318
848.168,95.89552656648951
848.285,104.0878499635289
848.403,110.04885703210675
848.521,113.15727149381011
848.639,117.36785045767797
848.757,128.8217194648358
848.875,142.2790516754569
848.993,155.7554315051257
849.111,171.2751013780845
849.229,188.26230371857588
849.347,194.90318571274696
849.465,199.47047463332493
849.582,210.87585879199798
849.7,222.4076498770778
849.818,225.00264442536104
849.936,230.47989005589523
850.054,234.55367248296608
850.172,241.9226930052751
850.29,243.86400789987874
850.408,241.91701110617078
850.525,258.7016160440645
850.643,263.26544176117886
850.761,263.4716917207174
850.879,270.3316213339354
850.997,273.1967457523482
851.115,282.86619917509006
851.233,284.2655227277022
851.35,288.4154956309636
851.468,298.9801871489436
851.586,298.5708526928977
851.704,301.6048082801417
851.822,306.4197162483381
851.94,313.4683904503009
852.057,335.41749755269655
852.175,362.249721538209
852.293,407.55727019904623
852.411,457.0743426694072
852.529,515.0459605943134
852.647,574.2158469174881
852.764,629.680105535035
852.882,686.7859225941403
853.0,731.482215843722
853.118,767.9707168855116
853.236,804.7544560225397
853.353,835.4065934279658
853.471,855.9228000974614
853.589,861.5714742994245
853.707,856.5413606225998
853.824,854.306917941446
853.942,829.1521289399459
854.06,794.5999373410434
854.178,762.4061873005824
854.296,729.0202294679134
854.413,695.3606785616514
854.531,664.5643311185929
854.649,625.8814035889543
854.767,589.6097314705712
854.884,547.1631675772965
855.002,495.31573788315586
855.12,443.1626804833877
855.238,391.56979624379284
855.355,343.6556998829858
855.473,298.50870308927847
855.591,247.01105694492173
855.708,197.08224196939614
855.826,153.76208500252844
855.944,107.09585199041362
856.062,79.1030491845095
856.179,56.46682307510734
856.297,31.80398680313108
856.415,22.48983293073513
856.532,11.129586126134951
856.65,-0.958441640524315
856.768,-8.43866084935308
856.886,-19.92769792269832
857.003,-17.970547498287345
857.121,-21.89177413479601
857.239,-31.88225428557724
857.356,-29.68920290417219
857.474,-40.39791741533984
857.592,-46.98367629537602
857.709,-44.94613723532737
857.827,-44.2166827689166
857.945,-40.1617480485524
858.062,-33.88932815840758
858.18,-28.24563906205466
858.298,-23.604664124449172
858.415,-20.88513907442958
858.533,-18.2939010383056
858.651,-17.483047515636766
858.768,-14.831909293520273
858.886,-13.889472652529696
859.003,-6.441875581693378
859.121,2.5008713360234864
859.239,3.7699948591839947
859.356,6.774569936713366
859.474,6.996282050211741
859.592,0.45264580699109036
859.709,-2.9813062794301457
859.827,-12.958375939386755
859.944,-16.089942233044702
860.062,-17.66722454026046
860.18,-20.087406675179494
860.297,-9.794260771782364
860.415,-0.9598323235017848
860.532,6.100772282079076
860.65,10.315416677964059
860.768,9.114100733789092
860.885,15.402452528068748
861.003,14.396731281695384
861.12,21.80046139399319
861.238,36.24246074697246
861.356,41.834336663950005
861.473,59.98009602694344
861.591,65.31876949881347
861.708,74.52976824145273
861.826,87.29944163451567
861.943,90.07266149350137
862.061,91.55324065984647
862.178,89.34810554047732
862.296,73.47716955530748
862.414,71.2131599770641
862.531,63.01668286635331
862.649,58.41414514958187
862.766,55.85749487869785
862.884,58.106905213874455
863.001,58.65241944515496
863.119,60.298366576868396
863.236,55.25340461767275
863.354,54.10974135977575
863.471,51.68036381616436
863.589,54.85098627255296
863.706,51.64844855578144
863.824,49.817339410438656
863.941,55.13774541661115
864.059,65.85295661758889
864.176,80.93007258047143
864.294,92.92407166023693
864.411,109.67564649757804
864.529,120.07224297994075
864.646,121.96148015494416
864.764,113.97279525202558
864.881,109.46289822789498
864.999,102.44044709121039
865.116,102.83011716664711
865.233,106.76524178753817
865.351,124.56703307509574
865.468,134.85627025009916
865.586,156.46498794458296
865.703,175.99664936201032
865.821,201.21229346342022
865.938,220.63226656915913
866.056,242.60721802987638
866.173,246.47307858150268
866.29,253.24889584308582
866.408,244.7329382128943
866.525,240.48884205456423
866.643,229.41790606939432
866.76,229.25692679418108
866.878,230.169540592561
866.995,228.71159162037802
867.112,221.1315647261171
867.23,214.26668934700757
867.347,211.2208615869455
867.465,216.95944941129872
867.582,213.16643550405013
867.699,213.02710125048122
867.817,212.1578968670424
867.934,204.24886564377692
868.051,203.8177564984334
868.169,204.80309756954006
868.286,216.34428279649083
868.404,227.14087927885274
868.521,245.73141515515385
868.638,264.670002979507
868.756,279.9990669943363
868.873,295.2891699702045
868.99,306.82775779455756
869.108,329.84946250202756
869.225,347.1724659107962
869.342,371.7725255966211
869.46,414.6963948062555
869.577,461.50684410247004
869.694,499.98222846361955
869.812,535.2091279762844
869.929,552.3987980517198
870.046,578.5581650968525
870.164,594.0474022718552
870.281,613.2561199663387
870.398,635.0769588729434
870.516,646.1350272167776
870.633,646.7290262965428
870.75,634.7818998351823
870.867,616.5620461010944
870.985,611.2815863064006
871.102,597.5275334381136
871.219,582.9293247256705
871.337,575.4583887405004
871.454,560.7251150929926
871.571,541.5295037831472
871.688,511.8931998326092
871.806,484.03871406388964
871.923,465.4353105462524
872.04,429.66653906324746
872.157,397.50469398716916
872.275,371.46232943057134
872.392,350.1108739648826
872.509,323.72651806629347
872.626,297.70060372614586
872.744,278.64871536002414
872.861,258.0660910631666
872.978,235.44450572734803
873.095,215.7882883568975
873.213,197.24722250159857
873.33,178.27585361599665
873.447,161.11487434078435
873.564,144.1114708231479
873.681,129.74616254360677
873.799,104.49946898268044
873.916,84.87874944772803
874.033,65.7446099993555
874.15,53.86501600552845
874.267,39.00127369716869
874.385,31.834900106433842
874.502,28.09388049748099
874.619,22.61400834647052
874.736,14.278837445410357
874.853,10.048404964891805
874.97,-0.5115595421075039
875.088,-4.550037335197274
875.205,-7.9244318128743725
875.322,-5.776973116733828
875.439,-2.3502516727601033
875.556,-2.0157835877875026
875.673,4.124302633293007
875.791,3.742901573490825
875.908,-0.45493907800867717
876.025,-5.928345042053962
876.142,-3.9099860248005305
876.259,-1.5940067829687106
876.376,-9.629815748476965
876.493,-8.363931660445935
876.61,-2.732668641158873
876.728,2.0049553769631236
876.845,9.210770421532313
876.962,7.239043849484652
877.079,6.818146542279294
877.196,3.4156521253638426
877.313,-7.097551029146761
877.43,-3.4793382149948213
877.547,-10.467967661673283
877.664,-9.955985731250443
877.781,-5.7238094591332445
877.898,-0.9373373902357147
878.016,-9.93562760239379
878.133,0.09802999881635266
878.25,5.8927496010626434
878.367,10.910507450055661
878.484,4.6473942656492255
878.601,4.549138429997708
878.718,5.342999105498942
878.835,3.553160418546814
878.952,-5.749261654240217
879.069,-0.6538144185688808
879.186,-3.789308726224637
879.303,-8.31900991483822
879.42,-12.575525245463329
879.537,-13.414961607398952
879.654,-11.692674877119394
879.771,-14.135196991081255
879.888,-15.282476582106508
880.005,-18.331214503812483
880.122,-22.75637051406919
880.239,-28.55794461287664
880.356,-35.735936800234846
