wavelength_nm,intensity
792.446,255.6496079841178
792.565,267.66496151947143
792.684,271.2511664256764
792.803,266.4082227027327
792.922,253.1361303506401
793.041,229.1211231356329
793.16,198.73584175035148
793.279,167.203374217884
793.398,130.98605820056798
793.518,110.14190235641219
793.637,100.35835257286246
793.756,106.0994781139881
793.875,118.32458633909633
793.994,147.12804954255947
794.113,187.05272486723464
794.232,223.8362746507843
794.351,241.08649110100077
794.47,236.29861231312196
794.589,209.9003439148536
794.708,178.43714045165024
794.827,142.0068374213473
794.946,121.70640452091446
795.066,115.96441317892311
795.185,122.89774651225642
795.304,131.27350408801396
795.423,144.92978114429098
795.542,152.81895863346844
795.661,151.54103655554638
795.78,149.77220538671523
795.899,139.2648460793559
796.018,129.3271837416936
796.137,118.9739369884469
796.256,111.4579196724296
796.375,112.68302789753778
796.494,105.81462962913949
796.613,105.14709716160702
796.732,103.51506252957233
796.851,98.16354737805716
796.97,91.59991101442083
797.089,80.2631144776243
797.208,74.4163612308711
797.327,72.79038720489703
797.446,61.4942833087932
797.565,75.34103655554648
797.684,85.61289802740797
797.803,98.81895863346861
797.922,117.8449326594426
798.041,128.31419672870666
798.16,140.03714045165034
798.279,130.74475547041536
798.398,103.7459951087051
798.517,93.45436653341933
798.636,77.56801733474127
798.755,72.46280911921099
798.874,72.30140841881638
798.993,78.26791872562535
799.112,88.42762075152588
799.231,92.12524082649452
799.35,83.40765764408201
799.469,83.52993579631617
799.588,78.91755432079259
799.707,76.6330733673413
799.826,77.03674025863296
799.945,77.79341589710529
800.064,84.1383756307635
800.183,96.38899756486906
800.302,91.23913485631199
800.421,98.41221587069856
800.54,100.19482069460898
800.659,100.71681945791337
800.778,113.50981389221349
800.897,121.60583862954401
801.016,137.41355167856284
801.135,153.4948578011748
801.254,158.53980028742305
801.373,158.11461290354146
801.492,152.6764385066728
801.611,154.76207363361368
801.729,155.25376936661513
801.848,162.40174215589354
801.967,173.93845953391656
802.086,189.57214660890924
802.205,204.4690371471051
802.324,200.96419608356928
802.443,192.4758052364835
802.562,173.03416763615095
802.681,143.38820103148947
802.8,110.67746627549411
802.919,82.18105025819497
803.038,67.95222778354027
803.157,58.445732199571445
803.276,41.02851206836415
803.394,27.46250863518856
803.513,10.82189930731936
803.632,-3.2447727682672256
803.751,-14.217475854373872
803.87,-21.9386459590949
803.989,-18.006403502014535
804.108,-12.293895140533763
804.227,-11.397352193893324
804.346,-8.985161464999806
804.465,-4.3866509911009555
804.583,-7.168043985259449
804.702,-5.086988820162485
804.821,-14.538951149857077
804.94,-14.5970515354425
805.059,-11.49509100649063
805.178,-8.615371009827443
805.297,-6.549025829832822
805.416,0.10678269878413538
805.535,1.2380920130856718
805.653,9.791322719181604
805.772,9.756713007257883
805.891,14.602730157084553
806.01,13.625922913784652
806.129,22.580428243729813
806.248,37.05025044543433
806.367,49.68372213175854
806.485,77.0796313322346
806.604,113.32688070606905
806.723,148.5839441910635
806.842,187.79461397955333
806.961,221.22195836863418
807.08,248.48047158888383
807.198,275.3935302636789
807.317,278.7048573367424
807.436,281.9789549725766
807.555,264.3924465478048
807.674,248.1790982961931
807.793,229.54064181947322
807.912,222.92518371004667
808.03,221.71980277865086
808.149,240.02898575338173
808.268,265.30234266865267
808.387,293.27667006126023
808.506,325.02382940306586
808.624,356.56633151658036
808.743,368.3353452329726
808.862,385.44342466479657
808.981,392.1683201505898
809.1,387.9799582378905
809.219,380.44626366593235
809.337,356.47447385587907
809.456,331.6663204094623
809.575,298.52483362971236
809.694,264.1755546421702
809.812,243.29467392302644
809.931,226.60946419955357
810.05,220.98053153235762
810.169,229.9827676963306
810.288,235.89669217199196
810.406,255.9049889420257
810.525,268.85441125318494
810.644,288.87656083707157
810.763,306.78096150320926
810.882,316.57107645506125
811.0,325.1005853463072
811.119,322.1287955362544
811.238,325.6834126526086
811.357,331.05707738801055
811.475,329.4090971017674
811.594,338.0728051272127
811.713,350.9529633691084
811.832,363.24351122139365
811.95,376.16869110831095
812.069,373.3787194800767
812.188,392.60346646656103
812.307,397.40137362620555
812.425,402.5776357642049
812.544,402.0136381619445
812.663,402.6487747588183
812.782,395.12373819551874
812.9,391.2489180824355
813.019,385.13167372692806
813.138,399.39451595150706
813.257,417.57857029729814
813.375,440.2812393617038
813.494,458.7198391620401
813.613,483.55237835631556
813.731,491.65418161985497
813.85,498.5057684331779
813.969,500.76947645862197
814.088,505.28253513341684
814.206,516.673515886134
814.325,520.6748862492411
814.444,523.6632695993612
814.562,534.9183196161481
814.681,541.760382619948
814.8,549.1859954072979
814.918,553.6609588439984
815.037,562.9982599430368
815.156,567.3121844186987
815.274,560.2157192839712
815.393,548.9010723310618
815.512,539.458286850014
815.631,527.4613888148538
815.749,511.72076783597026
815.868,502.3117485886886
815.987,507.3901752288526
816.105,507.2937100941249
816.224,513.5920501542025
816.343,517.2332473571372
816.461,522.7575614431889
816.58,520.520836568202
816.698,506.1377913468946
816.817,496.3651357359769
816.936,484.5405320731111
817.055,459.0059717002887
817.173,431.8203290763841
817.292,406.88490290269607
817.41,389.81441179394307
817.529,371.6348297760991
817.648,348.0015681045753
817.766,341.7016397663848
817.885,333.93850796499083
818.004,321.7121727003936
818.122,318.7412486912074
818.241,326.71664502834153
818.359,330.96996344339755
818.478,334.0760957112673
818.597,339.72248771939667
818.715,357.5117368703831
818.834,367.85859122830277
818.953,375.05461757784553
819.071,361.9085867683393
819.19,376.3914796223689
819.308,381.6912548083992
819.427,504.20423283834907
819.546,644.6271576138043
819.664,825.5476598133994
819.783,969.9355195488573
819.901,1046.6750934215684
820.02,994.0696107651899
820.138,868.4276956990589
820.257,684.0142972485287
820.376,566.0438527733912
820.494,431.1797048461035
820.613,366.6184665918178
820.731,322.4320102935956
820.85,302.2861869561134
820.969,272.9022759339404
821.087,258.41187140527387
821.206,263.4729820281226
821.324,286.1929671098458
821.443,318.9908742694913
821.561,367.2467900871453
821.68,412.07413447622804
821.798,429.7118684757004
821.917,423.3738448994152
822.035,403.96049664780526
822.154,368.28740813645516
822.273,336.54678715757257
822.391,308.57239994492375
822.51,292.8092681435302
822.628,283.1102056062059
822.747,270.4518357095743
822.865,268.7077515272284
822.984,272.67189245310755
823.102,271.4490203919736
823.221,282.2192219239131
823.339,285.2119342783634
823.458,288.58386741203446
823.576,281.68134167124657
823.695,277.4420193936623
823.813,283.0771559905371
823.932,282.65255232767163
824.05,281.98119541805283
824.169,289.98083417942973
824.287,297.7380486983825
824.406,295.7021896242616
824.524,281.26633055014076
824.643,276.2893459348945
824.761,268.24309725038415
824.88,264.24619921522435
824.998,267.30817563893896
825.117,269.95976245226393
825.235,278.7265007807406
825.354,278.9391265551045
825.472,275.70673068444677
825.591,272.71416165361575
825.709,269.5778696790617
825.828,269.7082443711742
825.946,267.60052382519143
826.064,264.5231063095117
826.183,254.21451996266322
826.301,249.60636651624765
826.42,238.57397064558964
826.538,229.91040594376278
826.657,239.6927286878235
826.775,251.97461853145143
826.894,273.2876772062483
827.012,282.91155839186763
827.13,282.3873876294351
827.249,292.4987147025004
827.367,275.64121060673426
827.486,258.5681220953836
827.604,243.59633228533178
827.723,240.07389312463062
827.841,231.85188686436248
827.959,226.88962086383464
828.078,232.32908646503844
828.196,254.2724481701384
828.315,269.2573683167969
828.433,292.49337071453783
828.552,315.05231683522254
828.67,338.7558517004961
828.788,342.36068526706845
828.907,335.37504264316453
829.025,314.60411863397917
829.143,282.94748033907945
829.262,245.868331221669
829.38,207.05274923509583
829.499,169.15518703080932
829.617,130.80091000727086
829.735,96.3758213101573
829.854,72.81695024754077
829.972,60.45359181605359
830.091,58.720911676205205
830.209,62.31014757878941
830.327,68.90789921966137
830.446,84.25372313608504
830.564,97.86512805345836
830.682,117.29599236611817
830.801,148.04334238301084
830.919,181.9517299135293
831.037,222.77119683867573
831.156,247.7945134433178
831.274,265.93691110458684
831.392,273.09575898230617
831.511,262.9030917085106
831.629,244.07492659921706
831.747,219.75671819988037
831.866,201.01946218149618
831.984,200.73328841419413
832.102,195.83759083736828
832.221,199.8934084120575
832.339,196.68342512094594
832.457,196.22062797702043
832.576,192.2885667638308
832.694,182.77382156795716
832.812,177.77163048463763
832.93,183.18762121949996
833.049,176.97936953011998
833.167,170.5018537714759
833.285,155.72909991759377
833.404,152.04292615029166
833.522,152.6035056297429
833.64,152.20131454642353
833.759,158.8640585280392
833.877,173.1562397390921
833.995,182.5687672704913
834.113,190.017658438254
834.232,197.94706908653617
834.35,214.93102518936382
834.468,242.7348947121049
834.586,275.40196769804913
834.705,308.9841921991448
834.823,336.7058106396343
834.941,351.5901996428945
835.059,350.25034622191237
835.178,338.0100599004977
835.296,316.7031069124166
835.414,291.9208292490109
835.532,274.234655481709
835.651,257.3805163464417
835.769,251.27010015489748
835.887,249.33977054343984
836.005,262.67004699258837
836.124,284.49729313870665
836.242,310.2587384190242
836.36,325.3093611885194
836.478,351.6976462956769
836.596,373.1932907101939
836.715,397.1616623974381
836.833,404.41488256953073
836.951,421.7849858585065
837.069,434.55768655007955
837.188,448.7355820468475
837.306,454.68750351764163
837.424,468.5311998802108
837.542,479.15931182719567
837.66,491.24456663132355
837.779,493.06748377311385
837.897,502.42027104477415
838.015,509.82240896578503
838.133,520.8210836833327
838.251,527.6587194398413
838.369,537.135316235311
838.487,539.5478437667115
838.606,537.3352630730038
838.724,533.1391325957462
838.842,523.9049068803935
838.96,516.2403781347377
839.078,509.5516069648397
839.196,506.4411907732966
839.315,508.39744124842036
839.433,512.2532588231111
839.551,518.7497690384945
839.669,514.9744177820162
839.787,514.3401920666635
839.905,511.13367197901647
840.023,505.75572331994096
840.142,503.5500690331596
840.26,495.99982600178976
840.378,500.78984271067964
840.496,494.45691569662597
840.614,480.7464995050831
840.732,483.74171101916795
840.85,466.0936324899628
840.968,450.57802149322504
841.087,444.20007283414964
841.205,433.6558904088404
841.323,435.85023612205936
841.441,432.5666597573561
841.559,445.87875438832384
841.677,459.66271049115295
841.795,458.83627698359226
841.913,465.37867464486243
842.031,482.5634965485567
842.149,491.1803530842857
842.267,504.02578104858617
842.385,513.7880921297698
842.504,527.3893642499148
842.622,540.9179090973328
842.74,545.7235102218071
842.858,555.3853884025586
842.976,577.9632838993275
843.094,590.4589283138453
843.212,600.8610662348563
843.33,603.5324682251315
843.448,610.1631775747142
843.566,610.7159648463744
843.684,602.7743798236625
843.802,603.51331428147
843.92,606.5561448431736
844.038,603.4362048421067
844.156,607.7647496895245
844.274,618.7850694287172
844.392,633.1898047523254
844.51,643.2049296863232
844.628,665.6711368714031
844.746,681.9641838833227
844.864,682.3178369558484
844.982,679.7450831019671
845.1,664.2424591182162
845.218,645.2437312383615
845.336,613.9731418866455
845.454,579.2783101106872
845.572,546.9393224905729
845.69,501.5059625760864
845.808,461.03537322437035
845.926,425.7725760804465
846.044,392.5582637850077
846.162,367.3482804938981
846.28,344.64132750581877
846.398,328.0218204051855
846.516,307.45339555563453
846.634,279.7360529571659
846.752,250.50096144094812
846.87,222.81651927537962
846.988,205.40740178513562
847.106,183.48226697887424
847.224,175.99695901243973
847.342,168.81901035336466
847.46,163.4220140752418
847.578,146.8939605613091
847.696,125.12946901410689
847.814,115.92401573476944
847.932,106.02602665289047
848.05,96.04976748757905
848.168,103.39243356612164
848.285,107.8471368369689
848.403,120.10766777449759
848.521,123.4758546863705
848.639,125.6591103260195
848.757,140.63534324013037
848.875,146.94332236376033
848.993,153.89112832721722
849.111,174.2536529053928
849.229,189.54864501603606
849.347,205.0436371266793
849.465,228.91352101221418
849.582,238.96089407523834
849.7,256.1944143244094
849.818,260.5404886861344
849.936,261.7999829612793
850.054,272.2984382753851
850.172,276.0341230267202
850.29,285.06764327589065
850.408,298.2102544341519
850.525,300.5450733846211
850.643,307.18378843898654
850.761,311.92380219465076
850.879,313.0058072923066
850.997,324.5821846843346
851.115,328.0009863187869
851.233,327.10983124328243
851.35,330.68274543184714
851.468,330.84959901435116
851.586,331.4268422072447
851.704,346.8698862659392
851.822,356.73890435060775
851.94,382.99147221882583
852.057,407.8578929008967
852.175,439.6394650981191
852.293,487.7275308018351
852.411,534.6043410942955
852.529,590.5954371010419
852.647,652.0064465277015
852.764,708.9611788980843
852.882,772.9834437359996
853.0,826.3554921236985
853.118,868.8885794724365
853.236,899.211277210785
853.353,917.3235853387439
853.471,936.569226800036
853.589,942.3040457505056
853.707,932.8440595061697
853.824,925.7797442575051
853.942,898.6981129915242
854.06,867.617347526409
854.178,827.4733785980904
854.296,789.4263793667412
854.413,760.8564364124485
854.531,722.0449350165974
854.649,678.1546457419586
854.767,639.1524517054152
854.884,588.4333745519887
855.002,533.1346437189083
855.12,465.5679475178624
855.238,406.7272253427907
855.355,354.73801831923413
855.473,301.55443900130547
855.591,256.49943111194835
855.708,216.94442322259152
855.826,181.7253460691656
855.944,135.05929945898336
856.062,98.52312281852913
856.179,71.07040831191433
856.297,50.03379705781134
856.415,34.364590482745896
856.532,15.381209928483205
856.65,-2.2185515559508726
856.768,-13.360523416858921
856.886,-27.636382664193683
857.003,-31.406118591298416
857.121,-30.291474467184596
857.239,-27.85242980574078
857.356,-18.336921533400115
857.474,-25.513585766038446
857.592,-30.177839529106546
857.709,-26.458656345566467
857.827,-24.97494868880898
857.945,-28.745204718839297
858.062,-23.939272390954493
858.18,-19.14397720433894
858.298,-14.212877061158862
858.415,-18.03758338077425
858.533,-17.55843663647044
858.651,-13.878888828722179
858.768,-19.449131128321817
858.886,-19.70599544828437
859.003,-10.086264109225443
859.121,2.5074113827842375
859.239,9.133504016100515
859.356,9.29728578465296
859.474,8.648161775994154
859.592,3.302968974518191
859.709,-13.55786960526293
859.827,-17.717655867035123
859.944,-12.224444428430235
860.062,-10.840850323455513
860.18,-8.115281202511811
860.297,-10.227771750273622
860.415,-6.980366647438408
860.532,-8.236591448198082
860.65,-16.020201251670933
860.768,-12.220087143172378
860.885,3.185870764658726
861.003,13.430648583492982
861.12,31.971547971364053
861.238,42.723225139047216
861.356,53.21287490325136
861.473,61.83192707878889
861.591,67.84595835889473
861.708,75.27124505025586
861.826,79.88614213122743
861.943,83.65948077064056
862.061,88.28130425853843
862.178,80.45377709708552
862.296,74.0314447408274
862.414,72.78313835859515
862.531,70.24045968199061
862.649,59.99415956579142
862.766,46.799930259217376
862.884,38.86522195341597
863.001,36.02991960098473
863.119,26.342966292594475
863.236,28.354138148764683
863.354,43.26036466618328
863.471,53.14382395580222
863.589,65.14077391166845
863.706,75.79517259188876
863.824,79.0435106660484
863.941,87.7775630259222
864.059,87.69776257194309
864.176,91.1729404729422
864.294,107.12777205359487
864.411,118.28260363424755
864.529,127.00107157853665
864.646,121.42949623278254
864.764,113.32718495629265
864.881,108.20409445902368
864.999,97.47927236002332
865.116,98.7899480965207
865.233,120.4936974260915
865.351,136.45458961280514
865.468,153.17219175622867
865.586,174.11057312043135
865.703,197.38575102143068
865.821,217.370019831521
865.938,234.81316310048578
866.056,251.75154446468855
866.173,257.1089734479389
866.29,242.73393489872183
866.408,237.84201323262153
866.525,229.03667165310122
866.643,223.1845768268276
866.76,226.13940840748018
866.878,234.52973782363028
866.995,242.85599797571103
867.112,247.42468237021592
867.23,250.67821524956943
867.347,251.93694293411778
867.465,240.2536792766748
867.582,232.24660609542235
867.699,228.59364546828243
867.817,221.47661557707312
867.934,218.65482378110184
868.051,223.96549951759795
868.169,225.76188953980844
868.286,229.03447003820935
868.404,238.2230678526277
868.521,252.555388610769
868.638,270.0522115334127
868.756,286.8122379192597
868.873,299.43806517090786
868.99,318.7539357125993
869.108,350.0369058213903
869.225,383.7683607786662
869.342,421.77254300866923
869.46,467.0910109529581
869.577,508.61900270677063
869.694,538.8889858025744
869.812,553.5226052620146
869.929,576.4246229898529
870.046,616.0824848735351
870.164,634.2883987052696
870.281,650.251022493714
870.398,673.9668930354055
870.516,687.3173956117291
870.633,689.1934393135941
870.75,681.9924267384027
870.867,670.0416306134279
870.985,661.8302284278468
871.102,638.3989128223523
871.219,621.8342638835243
871.337,608.8064114814928
871.454,592.110160811063
871.571,580.2294945562176
871.688,550.4579192104629
871.806,515.0170797954444
871.923,479.8411754453608
872.04,442.52327975328586
872.157,412.2209684767954
872.275,381.0822935639412
872.392,360.7877744952429
872.509,343.8075411408303
872.626,324.1069614660714
872.744,309.98993157486234
872.861,292.1187891295406
872.978,267.085741922314
873.095,243.99295445534696
873.213,219.6482189364318
873.33,195.96149207552523
873.447,173.1474924873459
873.564,149.5490773147509
873.681,129.13940673090042
873.799,107.85094826826206
873.916,84.5321867753206
874.033,73.16061142956515
874.15,58.47961097060431
874.267,42.82781922571449
874.385,33.87218711958626
874.502,18.087311549214995
874.619,8.12052136309957
874.736,-0.33042048572963645
874.853,-2.4587829292502343
874.97,-3.90510210029786
875.088,-8.659731839452997
875.205,-12.492959484298453
875.322,-5.483542682958678
875.439,-7.522828234077284
875.556,-10.873351517158971
875.673,-15.48636890759601
875.791,-14.564629961816173
875.908,-21.67694534251423
876.025,-26.875271379538898
876.142,-21.433787517703685
876.259,-13.857277931450213
876.376,-11.951779087581444
876.493,-12.10924902581516
876.61,-6.915749586115674
876.728,-2.2721154033804796
876.845,-1.5435236979386295
876.962,-4.56354349278504
877.079,5.500695272748953
877.196,3.7375235903995874
877.313,5.5408234152466465
877.43,-1.6097932434123665
877.547,-7.943807490657041
877.664,-9.088904702572881
877.781,-9.945377792143855
877.898,-11.327288997660874
878.016,-4.760681421343259
878.133,-1.2176629822876004
878.25,-1.8398311438915456
878.367,-3.56972741100664
878.484,-6.262604524157388
878.601,0.414359490403462
878.718,7.161391899745225
878.835,3.4976401674826993
878.952,-1.6341629221506577
879.069,-5.667865807838748
879.186,-18.586260367689633
879.303,-18.298005026547635
879.42,-14.028748882199668
879.537,-10.172003921424759
879.654,-2.460667360575634
879.771,-4.628590893382686
879.888,-2.817864334778486
880.005,-6.000127582578011
880.122,-11.5216915199156
880.239,-19.38255614679129
880.356,-29.58272146320507
