wavelength_nm,intensity
792.446,216.6175187353248
792.565,214.14176115956718
792.684,208.0876486054546
792.803,198.45518107298705
792.922,185.2443585621644
793.041,154.03310315090906
793.16,125.67119838900445
793.279,111.4556139734201
793.398,107.07725899506516
793.518,112.97769189549808
793.637,126.49803821584433
793.756,150.0677351855412
793.875,173.37422869203468
793.994,201.576826094632
794.113,205.19587371367965
794.232,191.91102522883114
794.351,174.3491204669265
794.47,155.19933691714297
794.589,131.43050574831182
794.708,116.26427198207801
794.827,103.13007284787889
794.946,103.97682609463212
795.066,99.64782176562778
795.185,99.12141483922088
795.304,110.05128496909109
795.423,114.63656635437246
795.542,114.51102522883136
795.661,105.86167457948066
795.78,103.37509449290053
795.899,100.36816808597413
796.018,92.07292999073601
796.137,85.83483475264083
796.256,88.7595100773162
796.375,93.16124167904783
796.494,90.5603758781821
796.613,81.9898131076194
796.732,76.25561397342022
796.851,67.91535423316053
796.97,53.13267025047654
797.089,49.07812479593112
797.208,53.355181072987364
797.327,73.34998626779253
797.446,84.31448843229467
797.565,96.55085206865829
797.684,93.11102522883138
797.803,101.67119838900447
797.922,94.57249709030316
798.041,92.48331960112564
798.16,81.54305986086592
798.279,73.02617674398282
798.398,68.5898131076192
798.517,64.0313715491777
798.636,56.011458129264305
798.755,68.94219406000026
798.874,71.1586442764505
798.993,73.74825466606089
799.112,78.05215076995701
799.231,80.04522436303054
799.35,81.30236722017332
799.469,84.43483475264084
799.588,79.9517178695239
799.707,81.98115509896112
799.826,79.36124167904767
799.945,67.91189102969709
800.064,71.72747544528156
800.183,78.14738886519498
800.302,80.26427198207807
800.421,89.49457501238106
800.54,85.92920704701305
800.659,87.94565726346329
800.778,89.12054903835511
800.897,85.1248780426842
801.016,89.59067890848513
801.135,101.74132825913446
801.254,110.11535423316042
801.373,104.44349276129893
801.492,98.79414211194828
801.611,100.11362263142884
801.729,106.99414211194835
801.848,107.97942349722972
801.967,108.10669622450244
802.086,111.41578713359331
802.205,112.24522436303053
802.324,90.21580945543384
802.443,68.87896458765937
802.562,53.799455331694915
802.681,41.055856127389475
802.8,22.57383174654546
802.919,15.736325631218586
803.038,8.738985797995305
803.157,11.732842236475037
803.276,6.86311001658362
803.394,-0.92008949766252
803.513,-5.194043599741315
803.632,-9.961104467957298
803.751,-15.328903367930181
803.87,-7.847362483787551
803.989,-6.679713661136204
804.108,0.6964221249926514
804.227,9.067396534142759
804.346,3.3728267733512984
804.465,5.769671222958062
804.583,6.3869568978042635
804.702,11.463851554519502
804.821,18.68997963469788
804.94,17.168509693220493
805.059,12.909326794990315
805.178,12.402814607126212
805.297,1.326763448193295
805.416,2.9107860216899306
805.535,4.7367754247741
805.653,2.8887016590348296
805.772,9.480504298483801
805.891,9.444914447885628
806.01,13.244540989004115
806.129,39.662011089697515
806.248,71.29940859671026
806.367,93.6821925062849
806.485,111.29080793639281
806.604,124.18413674980903
806.723,137.65105863681833
806.842,139.01105411690108
806.961,143.19788942382345
807.08,155.76069875671985
807.198,163.8248067909148
807.317,149.05255118874607
807.436,140.35388866017044
807.555,131.98596206233077
807.674,122.16955061600638
807.793,113.55400497054787
807.912,116.65014763677765
808.03,124.44585740257452
808.149,143.42165374845797
808.268,157.12125961815087
808.387,180.07021613719445
808.506,198.705752742818
808.624,210.79583480298703
808.743,211.69111166835114
808.862,212.01582576315252
808.981,206.51456583198006
809.1,200.88603317353494
809.219,187.374383631973
809.337,174.27918430686134
809.456,156.78485078261534
809.575,140.6247163925684
809.694,131.65072918866863
809.812,128.47933938736628
809.931,129.9235340016485
810.05,138.81967666787878
810.169,154.5764253947151
810.288,158.71845550683298
810.406,163.88386224232738
810.525,167.4968880254408
810.644,167.01034670898696
810.763,168.1324634011911
810.882,168.30652814534324
811.0,176.8182552271577
811.119,186.82781780680762
811.238,191.96984791892515
811.357,198.57854469770933
811.475,199.5647306539828
811.594,189.92407678341635
811.713,189.89381252323943
811.832,193.5059725054865
811.95,201.4566606262615
812.069,202.674015413703
812.188,210.62210613188034
812.307,210.63772931758987
812.425,213.88278973273654
812.544,202.2646466846797
812.663,202.58936077947988
812.782,208.50455106475616
812.9,212.3037240340151
813.019,212.22151172188876
813.138,221.80769767816096
813.257,234.47613471668421
813.375,240.57747218810795
813.494,238.5195023002243
813.613,249.01910816991636
813.731,253.07802139891564
813.85,249.9949432859234
813.969,249.22701668808259
814.088,259.5967524279042
814.206,272.4426786439163
814.325,274.2184749897984
814.444,276.89903324044235
814.562,284.0445265560214
814.681,284.2281151096957
814.8,282.34763439930066
814.918,279.3632575850095
815.037,281.610049601887
815.156,280.77459053651324
815.274,277.32527865728656
815.393,281.7997763018693
815.512,283.10804018021815
815.631,286.2327542750172
815.749,284.1124467247947
815.868,289.00252878496167
815.987,287.7125242650421
816.105,288.5125630351657
816.224,285.34550223818997
816.343,290.62952369229646
816.461,276.29882653168426
816.58,264.52224192518463
816.698,242.4305058035336
816.817,236.91366145677438
816.936,223.61240152559944
817.055,221.79858748187027
817.173,216.91031456368233
817.292,211.83762606107888
817.41,199.114721108259
817.529,194.44376420738726
817.648,180.98319691690526
817.766,180.3918936956875
817.885,173.2992917731709
818.004,175.20495824892265
818.122,178.3088931229429
818.241,176.00849899263412
818.359,178.3193602735808
818.478,184.18952891383495
818.597,182.51251140690297
818.715,179.06863163523252
818.834,179.7101812688589
818.953,205.45578794899478
819.071,268.97762328519497
819.19,381.1910760949719
819.308,498.40074685066986
819.427,594.453762472001
819.546,627.8625543087799
819.664,593.9569924908762
819.783,513.6535853852666
819.901,410.17165198167436
820.02,322.30309169682175
820.138,275.1171092743827
820.257,235.42458537570565
820.376,199.56504101071604
820.494,171.01183302759353
820.613,151.1469367327826
820.731,137.99632615225732
820.85,125.88900561502211
820.969,128.82237771847963
821.087,155.67349873968615
821.206,173.2068708431438
821.324,188.05019965655816
821.443,211.73075790720196
821.561,227.59832914485872
821.68,219.85031596693108
821.798,207.2936447803454
821.917,192.86857532536143
822.035,181.9595231863947
822.154,162.15263554959236
822.273,156.2782154452574
822.391,151.48604642317338
822.51,153.55448346169527
822.628,143.4817949590916
822.747,150.27144411882563
822.865,153.43771665518312
822.984,152.32520131275294
823.102,152.5893093469461
823.221,165.63090655862845
823.339,170.78592368373052
823.458,183.4898585577503
823.576,184.33751637549295
823.695,197.31504432310584
823.813,202.46659824474472
823.932,192.769667317899
824.05,184.07706539538242
824.169,183.9186626070652
824.287,172.53688319537125
824.406,167.1256665542401
824.524,164.92570532436423
824.643,176.5309388996831
824.761,186.55348849231774
824.88,189.81759652651078
824.998,192.08689936589843
825.117,195.89646194554584
825.235,192.12074313991178
825.354,185.878357667611
825.472,179.89051764985575
825.591,183.44899797842083
825.709,189.39535709486472
825.828,192.39279846239077
825.946,191.662967102644
826.064,202.16690197666338
826.183,206.26910524895118
826.301,198.91329986323024
826.42,190.85013517015008
826.538,185.38783627793572
826.657,183.20778846797253
826.775,170.11258914285787
826.894,164.90743310778652
827.012,162.57240694284508
827.13,157.26248900301195
827.249,143.2322247428324
827.367,132.41754489823728
827.486,128.42451007528715
827.604,127.72671334757496
827.723,125.14320233414836
827.841,137.14497270600307
827.959,153.7086478397626
828.078,159.98747448867357
828.196,164.8489851202685
828.315,174.53300657437455
828.433,178.22914924060183
828.552,175.90018368172102
828.67,174.97641292803502
828.788,168.1954993172062
828.907,158.57822207001374
829.025,136.06830413018045
829.143,111.68806504992644
829.262,93.84189869976629
829.38,69.68519266400844
829.499,52.66559616991107
829.617,35.696273757352365
829.735,26.75388643276254
829.854,21.79055561840496
829.972,21.127110550981396
830.091,24.318842755259027
830.209,38.59281497750729
830.327,56.54987501843168
830.446,78.81199417243366
830.564,100.75665889774353
830.682,131.69142905435595
830.801,145.91216993877822
830.919,159.62601521315509
831.037,162.03076957844098
831.156,156.27188758009038
831.274,148.2827025514365
831.392,127.00001102927612
831.511,118.5121247019209
831.629,114.6311647814922
831.747,106.7787762896349
831.866,111.45366052505041
831.984,114.79174822366937
832.102,124.66490085735325
832.221,120.09335508061847
832.339,108.39316668572121
832.457,114.84389314950494
832.576,106.23465411632958
832.694,98.3049110703328
832.812,90.56715093112945
832.93,89.01251375943895
833.049,86.73416938046203
833.167,75.22688448344786
833.285,74.15050890601546
833.404,80.27950137603878
833.522,87.54156731600403
833.64,93.60796226029831
833.759,95.5652662955016
833.877,96.10438851252319
833.995,100.15519904123309
834.113,108.14107450500791
834.232,115.92435256618542
834.35,133.7232150429474
834.468,153.72640652403848
834.586,162.01184908738077
834.705,176.0236985771299
834.823,175.59831862964967
834.941,168.32618543541608
835.059,158.12331631044657
835.178,142.99404025906995
835.296,134.45091139384044
835.414,128.5805098013383
835.532,130.06768396641198
835.651,138.42152479815235
835.769,143.5632444177716
835.887,154.53959607202287
836.005,169.1479823583088
836.124,178.58753747576344
836.242,196.8374822036077
836.36,219.00171264573777
836.478,236.70620282812766
836.596,236.94142894125363
836.715,240.90652518424983
836.833,245.52270367832836
836.951,247.45143628496118
837.069,249.32562343704842
837.188,254.5478625371877
837.306,268.3268115940368
837.424,284.84169138681665
837.542,283.18081360383877
837.66,294.31474101566596
837.779,307.70148228030695
837.897,309.8838945406189
838.015,320.46457519919926
838.133,318.15348096600485
838.251,322.74022223064605
838.369,321.1953617636857
838.487,301.6487696949939
838.606,303.7039092280339
838.724,297.2040704060955
838.842,291.13626621619153
838.96,294.42603778386325
839.078,300.5348569705825
839.196,302.17874109236686
839.315,300.2347464262725
839.433,294.213695483122
839.551,295.0930774404046
839.669,286.4988663240943
839.787,281.9851746883034
839.905,276.14853932956885
840.023,279.1474018063319
840.142,272.489987226818
840.26,266.73127394600544
840.378,265.21411910675107
840.496,263.5679599384923
840.614,266.14171419014696
840.732,269.29036021669333
840.85,270.61909282332635
840.968,272.33657001870387
841.087,268.807293967328
841.205,263.86589670383097
841.323,256.6820751979097
841.441,257.7354831292178
841.559,265.01313348476845
841.677,281.9349396844749
841.795,292.98142120885666
841.913,313.5032274085632
842.031,321.8536050368411
842.149,329.2117748729112
842.267,331.9578234968601
842.385,338.3462963632333
842.504,337.8819553767927
842.622,345.5362291089669
842.74,350.4225374731757
842.858,359.1988891274277
842.976,362.96138796782714
843.094,367.0364409207806
843.212,366.0777276399679
843.33,363.546719986861
843.448,354.6893054073471
843.566,351.885570481513
843.684,350.2021818760252
843.802,354.06597941772327
843.92,359.6786947083391
844.038,360.6238775314224
844.156,360.36992615537145
844.274,361.7133773767232
844.392,362.1105082517546
844.51,369.89292051206723
844.628,375.4649431619902
844.746,378.137398712346
844.864,371.71894517179277
844.982,363.65027518102306
845.1,345.59892120756933
845.218,321.66964515619384
845.336,292.6494600139091
845.454,269.3323051746546
845.572,239.14155726180707
845.69,207.99323359138367
845.808,188.11503979109025
845.926,181.94593689988773
846.044,173.54739677924795
846.162,170.5471250568767
846.28,162.23949402714607
846.398,157.88164654719907
846.516,145.30908045253344
846.634,135.26378708514062
846.752,126.22542012467434
846.87,119.81822199537706
846.988,102.77768154673214
847.106,82.8744368585628
847.224,64.42287618870049
847.342,57.719257913277374
847.46,53.594149317957566
847.578,50.3543411813764
847.696,51.84617662626828
847.814,59.48759874810797
847.932,59.148670095629825
848.05,62.6329861939731
848.168,65.3972427133899
848.285,74.14694427016059
848.403,75.33576689344673
848.521,75.09586480510612
848.639,78.04124410204685
848.757,88.47926409162835
848.875,100.325076289002
848.993,118.55184086732797
849.111,135.91107297812155
849.229,154.7343743529845
849.347,162.33949390966583
849.465,168.6866048083386
849.582,166.23977631307196
849.7,159.66394348880112
849.818,161.42144399786375
849.936,163.69582762380935
850.054,171.92086060040447
850.172,185.54935678046286
850.29,190.1215759042442
850.408,185.7041846384152
850.525,190.29285397864683
850.643,188.770700808056
850.761,194.08837447729192
850.879,193.0363511768308
850.997,194.94190363394546
851.115,198.6820881256922
851.233,198.41448040964673
851.35,193.3806389273677
851.468,199.79095328924467
851.586,206.54499059484476
851.704,214.80985041126743
851.822,229.30587905885892
851.94,257.38372588826843
852.057,289.6295380856434
852.175,338.31604292371077
852.293,384.3402100994407
852.411,417.9704378812312
852.529,462.8266396889959
852.647,489.59799301191197
852.764,510.97800434348585
852.882,529.7900503070941
853.0,537.7544772230831
853.118,557.1258305459983
853.236,572.7915561632858
853.353,581.5940783173697
853.471,596.2996307744841
853.589,583.99046461688
853.707,566.7289175068951
853.824,543.2457253752652
853.942,509.4846111657136
854.06,488.63518526785015
854.178,472.29571607994353
854.296,451.20819494398484
854.413,426.22024090759334
854.531,397.61929985821484
854.649,366.1620817525594
854.767,326.9360324780729
854.884,287.46063255423564
855.002,250.39821964338552
855.12,213.4345080312367
855.238,176.5296708779624
855.355,144.59712809698257
855.473,127.99705284847029
855.591,105.44199924497977
855.708,81.43499758954113
855.826,64.19103992833782
855.944,45.645336143276204
856.062,26.983716102240386
856.179,13.365193217596556
856.297,-3.685383013332128
856.415,-8.923245711614927
856.532,-16.584267725276188
856.65,-20.207742954831552
856.768,-16.9318586840241
856.886,-17.423750489854356
857.003,-19.391943226271064
857.121,-20.80880347755893
857.239,-28.988212435258703
857.356,-35.07796114729594
857.474,-42.90528222603934
857.592,-48.29106402669231
857.709,-46.3137778999275
857.827,-43.41665395276285
857.945,-34.36407023578417
858.062,-30.301032028966418
858.18,-18.568675288675863
858.298,-11.632627213765486
858.415,-10.054806152429014
858.533,-8.762152699655704
858.651,-1.603619662809499
858.768,3.502583750711787
858.886,11.227747853701574
859.003,11.53904064894722
859.121,16.45769315634216
859.239,17.25103004721084
859.356,11.729375399770014
859.474,4.325139601431028
859.592,6.639942404951107
859.709,4.486023779252436
859.827,4.248114188139185
859.944,5.350097718083447
860.062,5.615367713604836
860.18,8.443419903032591
860.297,8.245178608862364
860.415,11.594411888781611
860.532,18.913156343847113
860.65,15.970927812463652
860.768,20.32413473637712
860.885,25.10507421580025
861.003,29.501709964551907
861.12,35.65718831400953
861.238,43.186575633501924
861.356,52.738893817084815
861.473,53.441750682030204
861.591,50.91389134599993
861.708,58.60767703161464
861.826,58.531765747532305
861.943,51.943452125359244
862.061,42.48288724806041
862.178,36.07905967520562
862.296,33.1974144905889
862.414,31.132493994868675
862.531,37.37590307353375
862.649,46.46998885058238
862.766,52.44766752834955
862.884,47.29476204984423
863.001,48.11241934190174
863.119,44.703236807119325
863.236,47.85942223770476
863.354,53.14288039556268
863.471,53.899931627013544
863.589,55.57906078054226
863.706,54.11360118948217
863.824,52.26805501833553
863.941,52.854543479223686
864.059,52.89384579292586
864.176,64.49418706766707
864.294,73.78716903504912
864.411,79.86196918424946
864.529,86.4207520174326
864.646,82.7042101752911
864.764,79.14870729418863
864.881,76.12394034382216
864.999,81.44809114237354
865.116,89.63198220066516
865.233,96.18297282605637
865.351,105.20842232590643
865.468,115.16980256168719
865.586,123.07750314378822
865.703,140.8683206090062
865.821,157.71628093136707
865.938,168.64216333165
866.056,176.88233144621873
866.173,169.5363523746403
866.29,161.58344689613523
866.408,153.2469916340802
866.525,142.74083940232816
866.643,140.9134750493641
866.76,130.77961718990656
866.878,121.74099742568714
866.995,120.92662008571014
867.112,122.730424563915
867.23,131.0147485226391
867.347,139.1700681523587
867.465,145.37300682969726
867.582,155.45473338582377
867.699,152.358970764461
867.817,144.02251550240567
867.934,140.31290006719024
868.051,148.48466991336022
868.169,157.5196432227338
868.286,156.46717064466154
868.404,158.48309633498758
868.521,169.62456315085478
868.638,178.73832433901617
868.756,194.91961799470994
868.873,208.1892233387153
868.99,233.18436980826172
869.108,251.87648597477795
869.225,267.63007400276604
869.342,279.4771685242607
869.46,301.852401573894
869.577,324.4735220694145
869.694,345.1007031709956
869.812,353.55732150201385
869.929,363.3195675386599
870.046,377.4255365190289
870.164,390.3626743305666
870.281,391.00370824600043
870.398,394.91487203156396
870.516,394.71694490803657
870.633,387.98222124771263
870.75,376.9280170679082
870.867,360.1352847495757
870.985,356.59536628405715
871.102,345.7723309354216
871.219,332.96314840063894
871.337,321.5513684632591
871.454,311.3309305172213
871.571,298.23689949759023
871.688,276.3627818978726
871.806,252.63325304274372
871.923,232.44138652527698
872.04,211.80103515932555
872.157,186.59445002714037
872.275,174.89349260058296
872.392,164.10768668917717
872.509,149.414521470412
872.626,139.75165928194977
872.744,133.9554637601542
872.861,123.68134616043645
872.978,107.1353670888573
873.095,91.01449624238637
873.213,81.2165691188593
873.33,67.14331732000764
873.447,50.47612612721667
873.564,41.01759294308374
873.681,36.98763118752244
873.799,29.33983351116906
873.916,19.540867285617892
874.033,23.550658802885643
874.15,20.47049140314089
874.267,17.05453680507929
874.385,8.51049515533135
874.502,0.7426002728903462
874.619,0.26201835943889495
874.736,-3.5774065193045645
874.853,-7.089918442683797
874.97,-7.008841497680558
875.088,-3.977412208250912
875.205,1.2636683949128673
875.322,7.3847369906614
875.439,3.9598671874844107
875.556,1.9455044327183408
875.673,3.615326739392504
875.791,-1.8709397190892565
875.908,-8.188777707456893
876.025,7.831169298644331
876.142,10.03342078199352
876.259,17.16772880125523
876.376,3.7540883699956273
876.493,-2.4785427265346023
876.61,-7.730311127320094
876.728,-16.08312140291888
876.845,-12.865106800201328
876.962,0.8784049479223421
877.079,2.8340773210322494
877.196,10.745561489467118
877.313,14.955439096727114
877.43,21.766981911291744
877.547,16.93900070635086
877.664,10.406710724575476
877.781,18.354201870182045
877.898,17.877646658024158
878.016,13.13753051936328
878.133,13.224491292957822
878.25,16.07805965377795
878.367,15.444069442109662
878.484,9.760550124610267
878.601,1.4432010803758208
878.718,8.132923720625518
878.835,1.8551026023086212
878.952,-5.945900348004463
879.069,-2.381905040253952
879.186,-6.29230969602213
879.303,-1.877069613989169
879.42,-2.486755797710755
879.537,-2.090418514038676
879.654,8.167515154306606
879.771,12.234234927038804
879.888,7.270911684164645
880.005,4.965695443493762
880.122,0.9388460362904283
880.239,-4.809636537445356
880.356,-12.279752277713591
