wavelength_nm,intensity
792.446,0.293371718061528
792.565,0.2874512718996476
792.684,0.2778165148550532
792.803,0.2644674469277449
792.922,0.24740406811772245
793.041,0.20672874347363812
793.16,0.18176158189127478
793.279,0.1709875524234325
793.398,0.1661322552815575
793.518,0.16315018079272497
793.637,0.17814196044276087
793.756,0.20682985979251234
793.875,0.23783743605067464
793.994,0.2629014293621294
794.113,0.2750165354319898
794.232,0.2666615853555194
794.351,0.253094003349288
794.47,0.22521846222235647
794.589,0.2063079967569667
794.708,0.192994919383834
794.827,0.1861909908087391
794.946,0.18031339054468667
795.066,0.1827676035722776
795.185,0.18513098329647293
795.304,0.19004198010552442
795.423,0.19242506894272082
795.542,0.19420145986667187
795.661,0.1848636248940259
795.78,0.175029634424531
795.899,0.1690929068214759
796.018,0.1680568930119936
796.137,0.157742171568868
796.256,0.1474463023207867
796.375,0.15652449115259465
796.494,0.1479484184586795
796.613,0.1394429238662892
796.732,0.14121941317246992
796.851,0.14429263892431227
796.97,0.1390424002760205
797.089,0.12614952995054524
797.208,0.12306905248344542
797.327,0.1406286117471623
797.446,0.13722363541896052
797.565,0.14794238085079825
797.684,0.15441938239765857
797.803,0.16264878116568626
797.922,0.16733396726537741
798.041,0.16163245081359187
798.16,0.15935432159826768
798.279,0.1611885416564801
798.398,0.14344587593776273
798.517,0.137351121430137
798.636,0.12261778036087484
798.755,0.12785742175654158
798.874,0.1450901184246376
798.993,0.15581103427422938
799.112,0.16759245758184318
799.231,0.17830278698193147
799.35,0.1723672034846413
799.469,0.17770703801937554
799.588,0.16667554655360442
799.707,0.16572150181658513
799.826,0.16387721088229257
799.945,0.15616140966923733
800.064,0.1549428519624221
800.183,0.1569387157863798
800.302,0.16401769681843886
800.421,0.1743342380372106
800.54,0.16899231743574172
800.659,0.17274401018929875
800.778,0.16967035141884695
800.897,0.16940909738182874
801.016,0.17176915537393095
801.135,0.17952608265645487
801.254,0.18777402392808806
801.373,0.18667641796546613
801.492,0.18311860054955717
801.611,0.1919389630161728
801.729,0.20780062033185082
801.848,0.22492623163345637
801.967,0.22748937918126322
802.086,0.23312286376742836
802.205,0.22471489071738382
802.324,0.20138398657269524
802.443,0.163197939165614
802.562,0.13183679608640902
802.681,0.11366410435604679
802.8,0.10375234394473525
802.919,0.08940710319696235
803.038,0.09149102794020225
803.157,0.09203567774219559
803.276,0.08622498881468227
803.394,0.0670095123435955
803.513,0.05962287503518876
803.632,0.053545089372639104
803.751,0.056857574407831984
803.87,0.06518652319177763
803.989,0.07876038518145398
804.108,0.0797195262460296
804.227,0.08185874610531912
804.346,0.07123549461134973
804.465,0.07506297709524362
804.583,0.06993744075985955
804.702,0.07054235393320296
804.821,0.07725793066213624
804.94,0.07829949910682213
805.059,0.073972876347353
805.178,0.08188414057141756
805.297,0.08343045274417187
805.416,0.09631061994806045
805.535,0.100063452444833
805.653,0.10129935796860337
805.772,0.10028705469329383
805.891,0.0955076556102198
806.01,0.10209841095249622
806.129,0.12362632832051736
806.248,0.14394332969286555
806.367,0.16664016074547283
806.485,0.193959538221246
806.604,0.22167867113291212
806.723,0.2436393153764878
806.842,0.25712675486558756
806.961,0.27340946072898953
807.08,0.2805908409757564
807.198,0.2713288225540729
807.317,0.26601976666600574
807.436,0.26224545083813944
807.555,0.2540700043853756
807.674,0.24124492110031107
807.793,0.23432400253595229
807.912,0.23719679929712997
808.03,0.243688360588865
808.149,0.261234163520238
808.268,0.2957983570689138
808.387,0.3290934551239228
808.506,0.35684857858976443
808.624,0.3679263647850145
808.743,0.3755293486664094
808.862,0.3716316366527982
808.981,0.35696760743295364
809.1,0.34055717941763786
809.219,0.3246703282737808
809.337,0.30278847910582257
809.456,0.28360335074716214
809.575,0.27344413922495936
809.694,0.25794889958725087
809.812,0.2564856914882299
809.931,0.25468914230410666
810.05,0.2605671503389442
810.169,0.27926122333210895
810.288,0.292286784042622
810.406,0.30724469474518024
810.525,0.31893774803324065
810.644,0.3188798853829791
810.763,0.3219514871100787
810.882,0.3234292214379747
811.0,0.31758973333479557
811.119,0.3191514456224345
811.238,0.31969685321359187
811.357,0.3188934719411222
811.475,0.3157412785497187
811.594,0.32151559951181186
811.713,0.32226066898684824
811.832,0.335476465483718
811.95,0.3469672861340305
812.069,0.346137340404908
812.188,0.35043690556376017
812.307,0.34574740135828663
812.425,0.3514848748482481
812.544,0.3472555355854476
812.663,0.3413946245333548
812.782,0.34145415964314224
812.9,0.34387536064121205
813.019,0.34071631190615626
813.138,0.34240913264114936
813.257,0.35196246179167723
813.375,0.3733095527783551
813.494,0.3848295086391904
813.613,0.39808900795184465
813.731,0.4023200196741712
813.85,0.40343613462439826
813.969,0.40742635240093117
814.088,0.40344637626348967
814.206,0.4119911129791446
814.325,0.421151973705567
814.444,0.42698627892461916
814.562,0.4377924221276388
814.681,0.4477065137378783
814.8,0.4645342194216525
814.918,0.46654324288261634
815.037,0.4567893535538663
815.156,0.4521641181951342
815.274,0.44899221569072967
815.393,0.44640130356087365
815.512,0.44897332211929797
815.631,0.46076663480827595
815.749,0.47170388645864925
815.868,0.47333415218281283
815.987,0.47076637683778366
816.105,0.4747240317319671
816.224,0.47967142686597863
816.343,0.4760110811263344
816.461,0.46163069175011096
816.58,0.4424978353867999
816.698,0.4190101219682455
816.817,0.403661415301108
816.936,0.3857248164051561
817.055,0.3725886719018595
817.173,0.36138316355469524
817.292,0.34462739760288497
817.41,0.33265580460255506
817.529,0.3195847858639575
817.648,0.3126115953042484
817.766,0.3054293167631381
817.885,0.3039498272229416
818.004,0.29926117993542367
818.122,0.2944928392779456
818.241,0.2987212802464021
818.359,0.3070295076060457
818.478,0.3116058572648658
818.597,0.305876054660126
818.715,0.31128495571885234
818.834,0.3019623199781189
818.953,0.3141814431525278
819.071,0.3293196350907626
819.19,0.4499579856934548
819.308,0.5779008010406419
819.427,0.69743058679728
819.546,0.7674300333418798
819.664,0.7873644238695471
819.783,0.7127497483277799
819.901,0.6178222830787428
820.02,0.4882958845981255
820.138,0.43900212017920703
820.257,0.3742863497700526
820.376,0.331699395417163
820.494,0.2899576156879447
820.613,0.26496772509153876
820.731,0.24199501936487752
820.85,0.2371452715015262
820.969,0.24887688609763142
821.087,0.2729866805762613
821.206,0.302770128845282
821.324,0.33341220890677675
821.443,0.3604509489609322
821.561,0.3859121030570589
821.68,0.3850016070400184
821.798,0.3698859820570648
821.917,0.3396046230788933
822.035,0.3082564012448032
822.154,0.2839254805569916
822.273,0.2590778383413739
822.391,0.2620423253239024
822.51,0.2671499641157903
822.628,0.26421028637761323
822.747,0.267750622226951
822.865,0.2715985916226942
822.984,0.28485894785330435
823.102,0.28499903325100784
823.221,0.2826711949338156
823.339,0.2932022674727789
823.458,0.29033799851477954
823.576,0.2873606163865142
823.695,0.2916207633193637
823.813,0.29840453363428565
823.932,0.3021333914340675
824.05,0.2913349191162695
824.169,0.28426832449929507
824.287,0.27587693472147723
824.406,0.27342312946467084
824.524,0.27757016322725436
824.643,0.28708921565951917
824.761,0.2924273653817225
824.88,0.2973310576999493
824.998,0.3004866373867915
825.117,0.30691907133952323
825.235,0.3029570904791691
825.354,0.31350358754135055
825.472,0.31581510304098
825.591,0.3225294630014204
825.709,0.32293947755544106
825.828,0.32033057014849686
825.946,0.3219222745646151
826.064,0.31784803745195145
826.183,0.30279839515165347
826.301,0.30488711198257684
826.42,0.28981776056927777
826.538,0.2904848505102662
826.657,0.292064558074992
826.775,0.289256845702125
826.894,0.28243275886685626
827.012,0.2758854565315569
827.13,0.27060039434627203
827.249,0.26832482802442986
827.367,0.2547902166713319
827.486,0.25811717994948624
827.604,0.2576077215361168
827.723,0.25434327189240347
827.841,0.2504147108323554
827.959,0.25363884395572256
828.078,0.26554955440474926
828.196,0.27080801075699223
828.315,0.28361248663471184
828.433,0.2981162308202919
828.552,0.30968588792260665
828.67,0.31239758410794954
828.788,0.30429668951740485
828.907,0.2846256886773727
829.025,0.2541852198361613
829.143,0.21211649255106368
829.262,0.17696194835629514
829.38,0.1506657648576444
829.499,0.1333547637008117
829.617,0.11762918054219301
829.735,0.11366031965875714
829.854,0.11264127434932171
829.972,0.10761386425678714
830.091,0.10666758504740653
830.209,0.11819954755457408
830.327,0.1320955167243993
830.446,0.15405384330188088
830.564,0.17857524906081002
830.682,0.21276739990003285
830.801,0.23815464796088753
830.919,0.2450525170839445
831.037,0.24950302852306314
831.156,0.2492996185400984
831.274,0.23705565434949402
831.392,0.22920425160422148
831.511,0.22937103017849067
831.629,0.2362894653325045
831.747,0.23404316294109764
831.866,0.2305449034151552
831.984,0.23880355825323057
832.102,0.24110063486751054
832.221,0.2397429563970573
832.339,0.23553773955695156
832.457,0.23322202681106288
832.576,0.22761746294789284
832.694,0.21479507913660909
832.812,0.2061544549533435
832.93,0.2059201959239421
833.049,0.1954436566816855
833.167,0.1892776792916227
833.285,0.18117641631091302
833.404,0.17681074453441495
833.522,0.17946201970989872
833.64,0.18489513640394156
833.759,0.19075634723153295
833.877,0.20645609764909362
833.995,0.2148990700144578
834.113,0.2369936023457963
834.232,0.25198514173520004
834.35,0.26771791515702914
834.468,0.2887138786680563
834.586,0.310272837276544
834.705,0.320458780765553
834.823,0.32465229698433046
834.941,0.31581637567359666
835.059,0.3077002654463741
835.178,0.2899061238177507
835.296,0.25857610614728843
835.414,0.24722513063404766
835.532,0.25260376438674853
835.651,0.2568015651953084
835.769,0.2705351490244798
835.887,0.2834752268258758
836.005,0.3036271261496897
836.124,0.3157711271694404
836.242,0.31925254456631524
836.36,0.34250820072879334
836.478,0.3606746211472551
836.596,0.37404401484488814
836.715,0.39458581183893726
836.833,0.4073853550954573
836.951,0.41729365716654043
837.069,0.4132599040843751
837.188,0.4196214227332522
837.306,0.4278295995785183
837.424,0.4263520327607747
837.542,0.43126878773488975
837.66,0.4434573484883821
837.779,0.4512396371092374
837.897,0.4547364790293309
838.015,0.45503530313553847
838.133,0.45934193252458216
838.251,0.45465520795951764
838.369,0.4473077531393309
838.487,0.441948347978366
838.606,0.4424536893121052
838.724,0.44391363724945343
838.842,0.44949364672194725
838.96,0.450823343129898
839.078,0.45253265419260524
839.196,0.4498768251845904
839.315,0.44925017789771204
839.433,0.4450021953264065
839.551,0.4443961140704855
839.669,0.44520651819675994
839.787,0.4470735021634741
839.905,0.4397783193386373
840.023,0.43755523389868545
840.142,0.4362636182775155
840.26,0.43541759999375723
840.378,0.429514908848332
840.496,0.43373498952376266
840.614,0.4347142064874794
840.732,0.4378108677218585
840.85,0.4358105809506125
840.968,0.43502626075972683
841.087,0.43405513245431093
841.205,0.43451848480817845
841.323,0.43475304006764426
841.441,0.44120196434809106
841.559,0.4427390349015297
841.677,0.44722647397940807
841.795,0.44699315203459145
841.913,0.4559802673023722
842.031,0.467005133470855
842.149,0.485091003601401
842.267,0.4944371674929809
842.385,0.5093687226254258
842.504,0.5201579363558543
842.622,0.5283729685447733
842.74,0.5303642056151896
842.858,0.5394215881554083
842.976,0.5427350496327983
843.094,0.5452044469229755
843.212,0.5389589885949266
843.33,0.539009306493732
843.448,0.5366251204779474
843.566,0.5338064770581863
843.684,0.530910711022335
843.802,0.5320321763668419
843.92,0.5317371563291533
844.038,0.5370446658914609
844.156,0.5418997227727046
844.274,0.5455473822531538
844.392,0.5451203968501551
844.51,0.5470122314376107
844.628,0.5454335483009937
844.746,0.5439019956519877
844.864,0.5386599882510721
844.982,0.531494200037677
845.1,0.504980918201046
845.218,0.4793888231677182
845.336,0.44499532380255147
845.454,0.41697215252645986
845.572,0.3857852401547448
845.69,0.36192240555775734
845.808,0.3394640594915735
845.926,0.31530558819957255
846.044,0.2964368714534229
846.162,0.2869891107217056
846.28,0.27212134391473936
846.398,0.26175325329767535
846.516,0.255877983526861
846.634,0.23949432885473815
846.752,0.22019972388417738
846.87,0.20470983464074777
846.988,0.19458510872334697
847.106,0.17620397829448026
847.224,0.1610140103358469
847.342,0.15841302407705227
847.46,0.1583712095529292
847.578,0.14550729037666604
847.696,0.14113805124472337
847.814,0.1453909639459216
847.932,0.14488988451383755
848.05,0.14851338263614078
848.168,0.15173667164617505
848.285,0.16603074977665488
848.403,0.17819050318740792
848.521,0.18501789136395158
848.639,0.19551888682027246
848.757,0.2083361315131777
848.875,0.22024075858234546
848.993,0.2400538814726152
849.111,0.24669617537054128
849.229,0.2562742701876457
849.347,0.26206478763675023
849.465,0.2677087721152828
849.582,0.27370409295600556
849.7,0.27960600973946304
849.818,0.2907736873659883
849.936,0.297381704545652
850.054,0.3000478991251346
850.172,0.30002165748510207
850.29,0.2976543159877443
850.408,0.2954283659532191
850.525,0.2974870057014991
850.643,0.31261278736937875
850.761,0.3263752125683699
850.879,0.3289771383011097
850.997,0.33878317329465846
851.115,0.3359222470543212
851.233,0.32846052830520744
851.35,0.3221873547618439
851.468,0.31820300908045485
851.586,0.32947180302585277
851.704,0.33965745267415764
851.822,0.3579126987193981
851.94,0.38534210840758165
852.057,0.42387717481279663
852.175,0.472926624545016
852.293,0.5300902304079123
852.411,0.5730924101206801
852.529,0.6246723385786244
852.647,0.6651671763504945
852.764,0.7039276121782853
852.882,0.7367059037513232
853.0,0.7660650926776824
853.118,0.7912322389605448
853.236,0.8128860216215068
853.353,0.8132119732616204
853.471,0.8053792090373162
853.589,0.7828580141195987
853.707,0.7585098701184929
853.824,0.7288608316381002
853.942,0.695810685788117
854.06,0.672765057080984
854.178,0.6509328242003416
854.296,0.6306254768233994
854.413,0.6044602382954058
854.531,0.5721723209677835
854.649,0.53515764419177
854.767,0.49237848032197007
854.884,0.4473687590112415
855.002,0.3977916649920424
855.12,0.3420121988032543
855.238,0.3022031125708948
855.355,0.26197070886799434
855.473,0.22257337171376274
855.591,0.19017276967485222
855.708,0.15940054874827314
855.826,0.1337896617930085
855.944,0.11046347446949997
856.062,0.0901550337944087
856.179,0.08303360001201698
856.297,0.07414753182036299
856.415,0.07074250566878743
856.532,0.07216612880600012
856.65,0.06343778679692783
856.768,0.06104831106747224
856.886,0.05452647424540282
857.003,0.047711146245508776
857.121,0.04313838854920074
857.239,0.043386736925841954
857.356,0.03890407867126182
857.474,0.03747595075212727
857.592,0.027826701847853616
857.709,0.0345306649677687
857.827,0.03712333921894775
857.945,0.04441030396346402
858.062,0.04821301455574761
858.18,0.063124578625436
858.298,0.06239544299669868
858.415,0.06434687685693713
858.533,0.06289566046202807
858.651,0.0738437287061392
858.768,0.07433747212804509
858.886,0.08187094444972363
859.003,0.08005333815405158
859.121,0.08289952813623735
859.239,0.07821680384489303
859.356,0.07473719373228006
859.474,0.07466001563478819
859.592,0.06916377051791167
859.709,0.06467690957351861
859.827,0.06894525287494364
859.944,0.06593624370487092
860.062,0.06474147834992315
860.18,0.06353626410157762
860.297,0.07227912747696753
860.415,0.07733963272935743
860.532,0.07852495385630906
860.65,0.08855677069414675
860.768,0.10076067008325723
860.885,0.10495733880302469
861.003,0.11634455070759059
861.12,0.12019755806874963
861.238,0.13065509989010654
861.356,0.13105202324796417
861.473,0.13271804209948873
861.591,0.13320665567869835
861.708,0.1274483373545777
861.826,0.12341328104110133
861.943,0.12389321026422594
862.061,0.11227713202558356
862.178,0.10629762087184014
862.296,0.09812572781055826
862.414,0.09569456897041409
862.531,0.0946520288478346
862.649,0.09381099106379312
862.766,0.10424723630861876
862.884,0.10599874626757098
863.001,0.10430958046469709
863.119,0.10832542399701245
863.236,0.10957206849904819
863.354,0.11603552732102057
863.471,0.11711451398246711
863.589,0.12284247443518187
863.706,0.12481726975176965
863.824,0.12594051380809806
863.941,0.13352491925689702
864.059,0.14398942595769787
864.176,0.14415377882063488
864.294,0.15274934745817637
864.411,0.14510546390092907
864.529,0.1413185680661633
864.646,0.13412542335406724
864.764,0.13583137162085784
864.881,0.1443395346268302
864.999,0.15193850768089107
865.116,0.1603704049887294
865.233,0.1831890978692714
865.351,0.19484643436560548
865.468,0.21046615949307795
865.586,0.22804694136414044
865.703,0.2432009315822219
865.821,0.24731010625818767
865.938,0.24914330684152725
866.056,0.24297203679262985
866.173,0.23933810081310986
866.29,0.2358344163629872
866.408,0.2407610907695123
866.525,0.25056020067704343
866.643,0.25552200871978714
866.76,0.24989702386819704
866.878,0.248500072214279
866.995,0.2377155843462343
867.112,0.22832273123964486
867.23,0.22238154366208346
867.347,0.22887337871626656
867.465,0.22720649790603176
867.582,0.23033064539092987
867.699,0.23154986425839272
867.817,0.23723791026932145
867.934,0.24739306958780297
868.051,0.25289002289441853
868.169,0.2598634458401885
868.286,0.26940762265564144
868.404,0.274276455100097
868.521,0.28626027733787934
868.638,0.2946707516968019
868.756,0.3100865303506113
868.873,0.33427714887960625
868.99,0.35697844400009804
869.108,0.3840405946015289
869.225,0.4089304581830775
869.342,0.4358769248603724
869.46,0.4637325814895786
869.577,0.4860842540837931
869.694,0.5128824739546027
869.812,0.5374784146770504
869.929,0.5504853969549661
870.046,0.5655198471181051
870.164,0.567355189996334
870.281,0.5640250314324128
870.398,0.5605723336007036
870.516,0.5576783462766721
870.633,0.5599138698406154
870.75,0.5566976813649172
870.867,0.5494951105552965
870.985,0.5438452750829645
871.102,0.5313006777321421
871.219,0.5089897864303929
871.337,0.48620416258070887
871.454,0.4702875930708184
871.571,0.44047695581324675
871.688,0.41301341683869597
871.806,0.38428163928843484
871.923,0.3549877235586697
872.04,0.33185076334679575
872.157,0.30403417417414186
872.275,0.2862572357805574
872.392,0.27961080472474487
872.509,0.26217920426765473
872.626,0.2501024841211147
872.744,0.24149885245251665
872.861,0.2272772666607042
872.978,0.2102715544280248
873.095,0.19131806768008225
873.213,0.17314694702647992
873.33,0.16112849730098616
873.447,0.1471845529270998
873.564,0.12869980030139622
873.681,0.12319392704576657
873.799,0.11115491128931528
873.916,0.10183061161924933
874.033,0.09748500527680308
874.15,0.09677958641382825
874.267,0.08949014110004457
874.385,0.0841213794169042
874.502,0.07261635016682734
874.619,0.0725482435083592
874.736,0.06608002110336528
874.853,0.06709618060708272
874.97,0.06449252581721399
875.088,0.07256094549930792
875.205,0.06979480921869538
875.322,0.0727835840763475
875.439,0.07664352225683994
875.556,0.07799689717811537
875.673,0.07271167450992438
875.791,0.07255922601492847
875.908,0.06481048947549561
876.025,0.062472363403540954
876.142,0.06388895333919538
876.259,0.06631038370951667
876.376,0.06816370273071998
876.493,0.06293821097819835
876.61,0.06439326188499161
876.728,0.06496395328314303
876.845,0.06442279660609743
876.962,0.06443863597983193
877.079,0.06977498862932668
877.196,0.07025426515065966
877.313,0.07168532120347695
877.43,0.07134681736391663
877.547,0.07516500031875797
877.664,0.07384136080546017
877.781,0.07402672466264701
877.898,0.0802516794827649
878.016,0.07802423638659081
878.133,0.07721541909746867
878.25,0.07407429886718539
878.367,0.06942844644179857
878.484,0.06527132613865898
878.601,0.06703834029280473
878.718,0.07144126342958178
878.835,0.07413902476545291
878.952,0.07087808634384178
879.069,0.07475835232205194
879.186,0.06843847797503483
879.303,0.06373356066504367
879.42,0.0636419748619399
879.537,0.06500037846100121
879.654,0.061597417200683596
879.771,0.049569723724202
879.888,0.042112297947377864
880.005,0.042887622809630876
880.122,0.04749581967570689
880.239,0.055936888545605926
880.356,0.06821082941932798
