wavelength_nm,intensity
792.446,181.11905043302633
792.565,182.0281413421173
792.684,178.43463484861084
792.803,170.33853095250697
792.922,157.73982965380546
793.041,130.0826867966627
793.16,109.86796818194406
793.279,94.34329285726875
793.398,95.37359588757171
793.518,103.23853095250675
793.637,110.45931017328591
793.756,127.42467813865387
793.875,145.30346601744174
793.994,155.70000281397859
794.113,163.98744870142448
794.232,160.90086861484446
794.351,153.61948333345924
794.47,137.92857424255013
794.589,115.45844437242029
794.708,99.90692922090514
794.827,79.68788160185755
794.946,77.71039242436834
795.066,78.37619329016923
795.185,78.12770844168443
795.304,82.98744870142465
795.423,85.9008686148445
795.542,86.11645303042891
795.661,83.18052229449812
795.78,76.08095519493105
795.899,71.31905043302632
796.018,70.333769047745
796.137,67.42381233778836
796.256,69.66104177501775
796.375,67.24459155856749
796.494,58.54415865813459
796.613,53.564072078048014
796.732,54.766669480645476
796.851,44.23703643433259
796.97,48.77304619811569
797.089,47.105647203752795
797.208,50.52830028519021
797.327,56.82684880843336
797.446,59.34445373648103
797.565,71.36341181114446
797.684,85.26792611581733
797.803,91.0116385430085
797.922,101.02634664119523
798.041,87.35068121151869
798.16,83.66744373259682
798.279,73.86929697981873
798.398,60.3003234669023
798.517,57.96814665801652
798.636,64.01492663877609
798.755,67.16930816819007
798.874,67.82087955312039
798.993,60.899826327936125
799.112,64.03072115469968
799.231,57.2845597044068
799.35,56.40160171731729
799.469,61.484877496461536
799.588,63.33178963924211
799.707,62.312900916221814
799.826,63.697475396664785
799.945,64.64222303728104
800.064,72.42506591599249
800.183,78.77327676007187
800.302,86.60547028813397
800.421,84.8774906560229
800.54,75.70535517975594
800.659,75.97564394591329
800.778,71.00870327484118
800.897,69.46427342627989
801.016,74.466163924039
801.135,82.10095485469859
801.254,81.66561591522844
801.373,80.26317740865878
801.492,83.47545751680784
801.611,96.50765104487036
801.729,109.66711730020558
801.848,126.03870476766184
801.967,136.66570349052927
802.086,142.84768056837498
802.205,129.27554509210808
802.324,116.02548753791909
802.443,91.31207095551875
802.562,65.27197259630867
802.681,42.68548310372819
802.8,22.876414842080713
802.919,17.433795796955405
803.038,16.24766473244883
803.157,11.983254977778797
803.276,14.369107458744208
803.394,5.724665500835357
803.513,0.1618537999390559
803.632,-9.706041954670264
803.751,-12.993020332809982
803.87,-13.155041565185385
803.989,-9.411758406421155
804.108,-9.193319073954276
804.227,-7.396464283777789
804.346,-11.73814055653279
804.465,-2.2935185816396872
804.583,2.2878481325301108
804.702,9.769868230354028
804.821,14.034259443948706
804.94,16.671365600441867
805.059,10.18587139409954
805.178,11.99124583872295
805.297,8.80584277494264
805.416,12.04462537671088
805.535,19.132840159692687
805.653,17.75884417936632
805.772,24.149059299120687
805.891,21.301062214732234
806.01,22.454851658042116
806.129,39.38308402975474
806.248,53.993323225405746
806.367,75.40606306683782
806.485,104.76679579807609
806.604,125.01246560153136
806.723,145.85553800238915
806.842,155.8224199270564
806.961,162.571120033542
807.08,167.84868669185715
807.198,169.32860651369776
807.317,168.90820213560212
807.436,169.26429789529428
807.555,161.5189717148521
807.674,149.33282965488155
807.793,140.2530578625688
807.912,140.6718641301219
808.03,148.31392378221597
808.149,167.04163643765213
808.268,194.4639640620245
808.387,223.82218797803404
808.506,238.2037885174203
808.624,252.67802974944723
808.743,266.7427471719505
808.862,266.48625247324173
808.981,261.52239846717384
809.1,249.0035661061275
809.219,234.97131383166115
809.337,208.56157237970552
809.456,177.95356252948136
809.575,156.2390591727638
809.694,150.01027010176045
809.812,140.7953338446098
809.931,145.38559239265396
810.05,155.0511756160227
810.169,172.4379709606036
810.288,178.10009098050926
810.406,182.44273048093459
810.525,181.4918634878535
810.644,186.1349358887117
810.763,183.24554075710253
810.882,187.35095082029852
811.0,194.1039799311136
811.119,194.2821172670369
811.238,195.19705113975672
811.357,197.3154482159398
811.475,198.88319594147336
811.594,204.03709085315413
811.713,204.24553121938038
811.832,213.67301920465397
811.95,213.49531238473267
812.069,207.27951032671595
812.188,212.3347039396948
812.307,212.07561183838794
812.425,219.2580781786395
812.544,215.65093412928076
812.663,215.3346991708312
812.782,217.2678148617323
812.9,213.8675972193
813.019,218.1288514383396
813.138,230.56153422880777
813.257,238.6297148547738
813.375,259.91694309978743
813.494,267.18166052229026
813.613,282.98490608332145
813.731,281.19940705560805
813.85,283.6952933092798
813.969,286.49074666251875
814.088,288.514771444329
814.206,279.0071944945376
814.325,286.78533183046045
814.444,288.4223436252578
814.562,298.4810004417001
814.681,300.1690944875796
814.8,308.9411712174417
814.918,308.1539405879963
815.037,302.27147186331285
815.156,288.60805075767666
815.274,287.78618809359875
815.393,277.2309920961874
815.512,281.95198657496644
815.631,289.84267802344226
815.749,295.60869414724283
815.868,301.11929901563224
815.987,302.8281722822899
816.105,304.36215377405574
816.224,302.8415898112759
816.343,301.7625842900545
816.461,297.4532757385301
816.58,286.59851264155117
816.698,275.86496166578445
816.817,261.22405138265844
816.936,244.60045711684853
817.055,231.98898406315976
817.173,219.30478373674376
817.292,217.50543189517617
817.41,211.1433094908379
817.529,200.64785375316632
817.648,190.87793914103585
817.766,183.70715872803953
817.885,180.04979822846315
818.004,185.49546803191686
818.122,185.41819411242685
818.241,191.95823621025272
818.359,198.36494497474507
818.478,198.10325547083914
818.597,196.425115750483
818.715,208.70696209344715
818.834,204.59228182173487
818.953,226.4329772057863
819.071,241.43036097994036
819.19,333.5670890608005
819.308,428.7697570683629
819.427,518.2661317040322
819.546,577.547805697156
819.664,589.7749522079075
819.783,533.5326985252207
819.901,457.18083097877764
820.02,358.5354253028888
820.138,319.20834532797994
820.257,267.69788643515454
820.376,232.18635327848415
820.494,203.87617892609467
820.613,183.30972751742814
820.731,168.3900293555149
820.85,158.4512835745541
820.969,164.12725640831195
821.087,174.45344569228618
821.206,179.90431030093583
821.324,194.34738270179338
821.443,215.16534687754285
821.561,236.31231538229662
821.68,240.7259505537171
821.798,231.16209654764833
821.917,217.03980098313815
822.035,196.5642586653812
822.154,174.5294089883168
822.273,158.9681523848455
822.391,157.20689578137424
822.51,158.34174307400693
822.628,152.50169859174778
822.747,157.24087488870936
822.865,159.48308148870123
822.984,166.60840497180993
823.102,169.0705249917151
823.221,166.77853245750768
823.339,167.2865399233002
823.458,170.30969890424433
823.576,164.96402671635735
823.695,174.13523764535364
823.813,178.49865636655764
823.932,184.49497552066225
824.05,183.5761431596153
824.169,184.09973504099247
824.287,186.67960397864664
824.406,193.1434556002834
824.524,191.25492626953908
824.643,194.6122843846822
824.761,193.22505375523656
824.88,192.64821273618068
824.998,196.24886089461404
825.117,199.70924931278773
825.235,202.77829573961944
825.354,205.9832729023821
825.472,205.58565266254743
825.591,197.69712333180388
825.709,191.52807452054094
825.828,189.04214259239504
825.946,190.04798555602417
826.064,190.7516640174888
826.183,193.66140308501394
826.301,197.64819842959545
826.42,193.42893316811626
826.538,190.500576997546
826.657,188.70988316463786
826.775,186.72957894211908
826.894,182.17957774990305
827.012,173.5074986356089
827.13,167.5367182226134
827.249,160.04992049360055
827.367,149.08520068666553
827.486,152.22264538189512
827.604,154.02675674379134
827.723,154.48887676369614
827.841,150.32848596108997
827.959,151.85987005025868
828.078,158.57393812211137
828.196,172.80142610738375
828.315,190.21332967707156
828.433,212.67025489178104
828.552,217.40163898094914
828.67,209.6525035895978
828.788,192.24449373937205
828.907,171.73431938698187
829.025,144.2120238224705
829.143,121.57679420834985
829.262,98.08413525967761
829.38,76.88385112407599
829.499,54.74799928920743
829.617,32.846373659522484
829.735,24.83429389371541
829.854,17.778991893380464
829.972,21.44708322803157
830.091,31.95769070771904
830.209,42.95162661501299
830.327,57.97784320477688
830.446,80.53505525282445
830.564,91.91117004104923
830.682,117.09776165816521
830.801,137.72591550106296
830.919,154.3177523091324
831.037,159.18318219079507
831.156,164.02696705081286
831.274,157.05257009264886
831.392,147.49029434660628
831.511,140.1591874317328
831.629,133.40730129607982
831.747,129.96104286605458
831.866,125.16067188191684
831.984,117.71354765102586
832.102,121.88893424264582
832.221,109.98120395114907
832.339,111.15659054276921
832.457,115.57613297854525
832.576,112.17835939700507
832.694,113.7710620059411
832.812,110.56030141141383
832.93,112.86036332770894
833.049,113.71973260331124
833.167,100.35834619313322
833.285,101.06332215933378
833.404,91.09206394148882
833.522,90.03503091936096
833.64,90.73088992805158
833.759,96.5115369030222
833.877,105.00296268096045
833.995,119.3460322205589
834.113,130.21293481896595
834.232,143.55949109702664
834.35,149.6203330893731
834.468,171.36515776570212
834.586,190.4485105805592
834.705,197.2565387200915
834.823,194.22733742239436
834.941,190.9609066874678
835.059,183.29187854994402
835.178,161.76397595354572
835.296,140.07070539177977
835.414,135.69778115036016
835.532,141.48935907344298
835.651,143.8826685982573
835.769,155.4699175170112
835.887,175.21387639247507
836.005,197.81930712941084
836.124,210.19097163258047
836.242,223.86566643878066
836.36,242.29533959995928
836.478,257.88432012044535
836.596,269.46117942881017
836.715,278.3505928497292
836.833,289.3439023745443
836.951,300.4324499945978
837.069,306.7807378743919
837.188,312.18616861132904
837.306,316.2513396080067
837.424,321.75027683845053
837.542,323.0760538957344
837.66,324.1013980525854
837.779,328.9267422094364
837.897,335.4845538987549
838.015,325.04929199499975
838.133,316.28502576224014
838.251,309.71816212688316
838.369,306.70021624044386
838.487,308.88313615487056
838.606,313.96302576626715
838.724,321.607417542166
838.842,327.9453158115713
838.96,323.5533439511063
839.078,324.9613720906415
839.196,322.87762533840186
839.315,315.7774283697121
839.433,315.4711707949619
839.551,303.5978136531124
839.669,292.1235907103971
839.787,287.60261452092857
839.905,289.4660539158756
840.023,289.7026534839828
840.142,295.0959630087998
840.26,301.32303876738297
840.378,304.90682448267603
840.496,305.68108638844524
840.614,304.61032664919276
840.732,307.4677054380789
840.85,307.22638292826383
840.968,304.0196924530809
841.087,305.40347816837414
841.205,307.76042405682756
841.323,302.8411794690903
841.441,301.0578656172837
841.559,297.5308288217541
841.677,301.10076172319424
841.795,308.62307557701547
841.913,325.9523158377632
842.031,345.37765999461493
842.149,363.55711670557935
842.267,366.99198467195504
842.385,369.8969825084607
842.504,362.9335820765682
842.622,366.4039478784417
842.74,367.2821058881075
842.858,371.51264485015423
842.976,372.6263006953179
843.094,380.604025804551
843.212,380.4917076237409
843.33,385.13436779790925
843.448,376.5804911755409
843.566,380.02921195576994
843.684,379.0225214805877
843.802,378.9500301396047
843.92,380.8723439934269
844.038,391.9799392325305
844.156,394.1931621772619
844.274,404.9137444293526
844.392,398.59103663815335
844.51,395.1756881543135
844.628,397.59583750597153
844.746,393.3077617494045
844.864,388.79804097119245
844.982,381.2493591540194
845.1,359.6686427048119
845.218,348.83597820365617
845.336,317.92798902717584
845.454,286.5706492013446
845.572,255.66785483005864
845.69,224.5685236622358
845.808,200.11075093597125
845.926,190.9456189023474
846.044,181.2739933622301
846.162,183.56167518142013
846.28,178.86320981446306
846.398,178.05738514014683
846.516,165.05935267362304
846.634,147.36348470926376
846.752,132.7862314635192
846.87,120.13711674591306
846.988,109.10272064302531
847.106,87.453374244531
847.224,78.48383597961559
847.342,74.51803274325681
847.46,68.9160725043123
847.578,54.74650533571042
847.696,58.96351962823887
847.814,62.69105220043281
847.932,66.97863245441933
848.05,63.208308782843744
848.168,74.48016335073211
848.285,80.69457948201978
848.403,83.68241735701869
848.521,82.41618322251132
848.639,98.67029540835028
848.757,111.44129071107241
848.875,124.96120376271242
848.993,144.72007785331357
849.111,167.9715926365555
849.229,177.82483902152924
849.347,179.14821527663298
849.465,185.157305817451
849.582,186.35600674787946
849.7,181.82483754843787
849.818,185.69280254813032
849.936,188.10016148721672
850.054,197.82613514491783
850.172,203.87938152989176
850.29,212.3663941486319
850.408,224.26725958122495
850.525,226.8122808579738
850.643,226.8966960741165
850.761,232.94734505649276
850.879,227.34691178778672
850.997,228.39323176583378
851.115,223.14517944950848
851.233,215.66076349681947
851.35,215.178944946728
851.468,215.91444241395257
851.586,217.3624939937312
851.704,234.85903042199482
851.822,250.5131426078342
851.94,276.735220161639
852.057,309.89669165483764
852.175,345.0399813298543
852.293,390.5105437321436
852.411,430.86075981408646
852.529,468.8837031687565
852.647,504.68326990004977
852.764,532.239546588053
852.882,562.0373817176146
853.0,587.75816057012
853.118,606.4330519767382
853.236,616.175475850889
853.353,620.3464711536113
853.471,620.1711461100133
853.589,605.1274227980168
853.707,587.8897600920809
853.824,563.9750411090886
853.942,547.8430061087802
854.06,526.9170317145324
854.178,504.0767716059987
854.296,490.2217928827465
854.413,466.94170593438594
854.531,435.27547179987823
854.649,393.3650818212147
854.767,347.8131334009928
854.884,313.92871744830353
855.002,267.1152971666098
855.12,229.10274268578178
855.238,196.00360811837353
855.355,161.6750363215279
855.473,129.4945164727342
855.591,99.86204857199246
855.708,77.40870414527134
855.826,53.329525088034856
855.944,31.742353883693827
856.062,19.097001144151168
856.179,9.140562075704596
856.297,-2.562761863969762
856.415,-7.836772887193071
856.532,-7.236913914787619
856.65,-9.233468404250353
856.768,-18.65260794903475
856.886,-26.043579405000003
857.003,-21.177901972058038
857.121,-22.94013043920973
857.239,-23.632272226219158
857.356,-22.761435414173658
857.474,-22.364797355350614
857.592,-24.841975723287938
857.709,-25.253348613375525
857.827,-27.975989721448464
857.945,-27.201292135298438
858.062,-26.661955724543063
858.18,-21.365164795872126
858.298,-17.330230575835653
858.415,-15.00086811463759
858.533,-11.155051375622762
858.651,2.625639567866231
858.768,5.073020232279621
858.886,10.223035019438601
859.003,17.04722790328097
859.121,16.157675568866708
859.239,17.172824474054774
859.356,7.210779486084751
859.474,0.5989588697534127
859.592,-2.4521939648139828
859.709,-3.6616893808177746
859.827,-4.389599616089937
859.944,-9.581337182032486
860.062,-7.848734505683753
860.18,-6.946260416986686
860.297,-5.7256016695387855
860.415,5.7957143281339345
860.532,14.809090414689386
860.65,21.32828363747278
860.768,21.676886169926277
860.885,26.95948030495563
861.003,37.65587090080579
861.12,40.10212448003987
861.238,46.11485874403097
861.356,55.78700514546316
861.473,57.76310858815745
861.591,54.60141188006786
861.708,55.14187967414264
861.826,59.16373274960271
861.943,59.18645162592846
862.061,54.55029604337986
862.178,48.54790669459747
862.296,42.76110176139959
862.414,46.909361763266595
862.531,47.631647739159675
862.649,51.46995103106997
862.766,51.70652272124866
862.884,47.75434982268287
863.001,47.11040203234223
863.119,43.4465408220883
863.236,45.127268356423265
863.354,58.725744808507216
863.471,56.94240307877306
863.589,69.10105269103
863.706,65.22160706519159
863.824,66.50493200212348
863.941,72.18825693905521
864.059,75.42656023096504
864.176,82.76443062244196
864.294,85.17762568924368
864.411,77.38908915431396
864.529,74.56938378821545
864.646,61.43799011042861
864.764,67.27889080493601
864.881,73.95788673753862
864.999,76.55030258356108
865.116,80.18254526941038
865.233,87.80872734919913
865.351,97.47819947227794
865.468,105.62819107587629
865.586,123.00155930285106
865.703,151.8996028545011
865.821,168.67903168753628
865.938,169.38659904871008
866.056,162.16516208087944
866.173,149.9722965416201
866.29,146.06168208461185
866.408,141.2705481470841
866.525,144.6317951619372
866.643,147.79823698198516
866.76,151.25558789294223
866.878,146.85319854415923
866.995,145.70795205251915
867.112,143.16443716261085
867.23,152.25901751079778
867.347,155.08779699318376
867.465,158.75813491712807
867.582,154.30985812245763
867.699,153.62348608969177
867.817,145.64620496601688
867.934,150.8377550111732
868.051,155.1409933680178
868.169,161.76717544780593
868.286,170.40461293884948
868.404,179.82733181517438
868.521,182.61108965253823
868.638,187.04939294444762
868.756,184.01843216709312
868.873,193.83855364082098
868.99,208.44828550415917
869.108,229.3714372809173
869.225,253.4945890576754
869.342,281.32510014179263
869.46,309.79890126919986
869.577,327.28482360872823
869.694,337.61576759327806
869.812,353.5458457769621
869.929,362.84994993467205
870.046,381.1298116681396
870.164,387.9802361721702
870.281,400.2765481220882
870.398,408.57718907633523
870.516,402.148825701578
870.633,396.0771722835306
870.75,390.3198045797691
870.867,378.57022908379963
870.985,378.6674068345833
871.102,367.02692224770465
871.219,351.760463634852
871.337,329.8143513423455
871.454,317.77386675546677
871.571,301.146369181575
871.688,284.3509062397179
871.806,261.4757896182071
871.923,247.69591109193442
872.04,226.59308884271815
872.157,198.81147871471399
872.275,175.9519465087878
872.392,168.77466538511268
872.509,152.53937560342877
872.626,143.11707283473172
872.744,134.6800514513161
872.861,135.3235495484201
872.978,127.25276193123833
873.095,119.21400894609144
873.213,109.36053734622605
873.33,96.11745535675036
873.447,73.72112661402795
873.564,60.16289310940064
873.681,47.35184575195954
873.799,38.87499752871749
873.916,30.71849562582174
874.033,26.968920129852357
874.15,29.026271040809366
874.267,23.19628869055814
874.385,17.34747223738933
874.502,15.2100344827344
874.619,6.906892986038212
874.736,5.9648557559691024
874.853,3.4949613736743035
874.97,5.053005374746446
875.088,14.859027221762027
875.205,18.54103324800367
875.322,21.14404281297083
875.439,28.610732145482203
875.556,23.280392116480606
875.673,20.48736677274801
875.791,11.722724107701188
875.908,12.433788075676729
876.025,8.636553866383105
876.142,6.158711982376744
876.259,2.061663550450852
876.376,6.645324020346128
876.493,-3.2024056923640543
876.61,-0.646288400833624
876.728,1.378317865430783
876.845,5.745309292603724
876.962,1.5451669350413084
877.079,4.320200574136362
877.196,1.6150155980248804
877.313,-5.314437543010877
877.43,-14.577551719322493
877.547,-8.33386996900931
877.664,-11.060114807124776
877.781,-8.55595626183936
877.898,-7.701558277458094
878.016,-2.110571726967283
878.133,-5.5481558363749315
878.25,-5.435333813193917
878.367,-5.606539529366962
878.484,-0.05911677903474288
878.601,-0.09880823754765844
878.718,8.958875102961334
878.835,8.9307818988831
878.952,11.004007993211783
879.069,6.342132178861748
879.186,4.305983147610884
879.303,-2.7511723079287584
879.42,-0.3053250065833177
879.537,-1.0058073665356562
879.654,6.199860557201448
879.771,5.72131943669472
879.888,7.645109331122663
880.005,6.233947908391995
880.122,2.661514474419553
880.239,-3.07219097079468
880.356,-10.967168427250703
