wavelength_nm,intensity
792.446,0.20873337912960152
792.565,0.21740420825987025
792.684,0.22015308880360093
792.803,0.21698002076079362
792.922,0.20788500413144795
793.041,0.18217089365268768
793.16,0.1546480891511029
793.279,0.1363918560614695
793.398,0.12219780869313104
793.518,0.11829367647313166
793.637,0.12313770018083467
793.756,0.131771776603602
793.875,0.15799882337856647
793.994,0.18602529170427948
794.113,0.2065764616327228
794.232,0.22098588323882656
794.351,0.22340740337067408
794.47,0.20821235049413106
794.589,0.18648610546805644
794.708,0.16601585893227644
794.827,0.15371325537544073
794.946,0.14476897261413085
795.066,0.14338428345078152
795.185,0.14786597828751477
795.304,0.15599934121817816
795.423,0.15813538160368576
795.542,0.16396017997142748
795.661,0.17087688217211874
795.78,0.1728656869404196
795.899,0.1707262747468844
796.018,0.16234002621414823
796.137,0.1502925561314037
796.256,0.1426767657329825
796.375,0.138027042462872
796.494,0.13606858396681992
796.613,0.13413541403097512
796.732,0.1288180727713927
796.851,0.12675284035446546
796.97,0.12063750452834235
797.089,0.11382364247249394
797.208,0.11114305509052304
797.327,0.11167692469489879
797.446,0.11993167271455712
797.565,0.12773403649050757
797.684,0.13314635034286848
797.803,0.14303642525593036
797.922,0.14853415824499136
798.041,0.14548042410796203
798.16,0.1407784378134232
798.279,0.129972917020858
798.398,0.12530521077460016
798.517,0.1188897840340175
798.636,0.11570286347989658
798.755,0.1187217556006403
798.874,0.12123262864522016
798.993,0.1257075798658982
799.112,0.13323963703163313
799.231,0.14052161843531835
799.35,0.14965865622220814
799.469,0.15444212787741482
799.588,0.16097669183497393
799.707,0.16214670922056373
799.826,0.15896934212252112
799.945,0.15334685223643754
800.064,0.15098265284105988
800.183,0.15530643466849892
800.302,0.1548467448407312
800.421,0.15149910143729292
800.54,0.14925853500292854
800.659,0.14557483473273583
800.778,0.15107537756181988
800.897,0.15903677828307383
801.016,0.16858742452135367
801.135,0.17710011585512617
801.254,0.18399433933563325
801.373,0.18198024600712517
801.492,0.1731286879665752
801.611,0.17279544093984386
801.729,0.1786708164280001
801.848,0.18803994700079224
801.967,0.19060476897381423
802.086,0.19074638491097495
802.205,0.19305607340990583
802.324,0.18209994519210626
802.443,0.1580516483709995
802.562,0.14244635885109405
802.681,0.12273870289756436
802.8,0.10694164670698514
802.919,0.09384748644309093
803.038,0.07928541869323058
803.157,0.07183913980095005
803.276,0.06430206802455854
803.394,0.04685235907665698
803.513,0.041129390844347274
803.632,0.03372502636867249
803.751,0.029571344518282652
803.87,0.02778436600444832
803.989,0.02517380851891439
804.108,0.029830549633754994
804.227,0.03276524544217637
804.346,0.03068235693732578
804.465,0.03846755062944798
804.583,0.039653655547904634
804.702,0.0492064432248207
804.821,0.05432315615282296
804.94,0.05880921597000553
805.059,0.05998788617296843
805.178,0.0653912656680288
805.297,0.06800547513401324
805.416,0.07359801781386519
805.535,0.07528200457855432
805.653,0.0807998412698975
805.772,0.08406988268276791
805.891,0.08187405291373488
806.01,0.0844125093008222
806.129,0.09877825274258795
806.248,0.11345537073834877
806.367,0.13506737600862256
806.485,0.16149570589986353
806.604,0.18772790895749691
806.723,0.2221699025944201
806.842,0.2498481898199062
806.961,0.278017637081418
807.08,0.283649076534202
807.198,0.2813255778977849
807.317,0.2695180262316338
807.436,0.2604200032996906
807.555,0.2482702131187341
807.674,0.24454966202286593
807.793,0.23967229978951626
807.912,0.23983916236551048
808.03,0.23206611949642714
808.149,0.23927851543816867
808.268,0.2557510201598088
808.387,0.2863873664695399
808.506,0.31760085392000137
808.624,0.34415843645230154
808.743,0.35972617268652574
808.862,0.37088470795661077
808.981,0.36298297441447236
809.1,0.34893274893393905
809.219,0.33119320350316683
809.337,0.3115823046170565
809.456,0.28968869169623623
809.575,0.2753282598771601
809.694,0.263572549759433
809.812,0.259749579994725
809.931,0.25144772523330683
810.05,0.2517878144467206
810.169,0.2579217937876226
810.288,0.2646525831494161
810.406,0.27379140541094643
810.525,0.2862739372998828
810.644,0.29606464244675623
810.763,0.3099593999312677
810.882,0.32314607772997594
811.0,0.33575055667591225
811.119,0.3408690598324915
811.238,0.3459251845405595
811.357,0.3446136497884362
811.475,0.34250861621380924
811.594,0.34411762918162364
811.713,0.3514677072844934
811.832,0.36752828945875726
811.95,0.38205076520441406
812.069,0.38443360811457095
812.188,0.39067829515238073
812.307,0.3869761485086633
812.425,0.3838567626857223
812.544,0.3735559877319206
812.663,0.36402117516839694
812.782,0.3579379700891635
812.9,0.3512405339808956
813.019,0.3463453292633991
813.138,0.3456328524041856
813.257,0.3545491353358923
813.375,0.37063950181439975
813.494,0.3786201080184375
813.613,0.3901905658358986
813.731,0.4005342474993048
813.85,0.40960675753629194
813.969,0.4182634112498706
814.088,0.42099130251485534
814.206,0.43447357548398624
814.325,0.4494613607374567
814.444,0.45921160418799867
814.562,0.4688724947258083
814.681,0.480046765100022
814.8,0.49211568853756854
814.918,0.4948064899142493
815.037,0.49452785235459185
815.156,0.49930355502836143
815.274,0.4987265124582581
815.393,0.49972747604508844
815.512,0.4994319794452925
815.631,0.496856016682805
815.749,0.493688863579472
815.868,0.4900755078804817
815.987,0.48664984949503
816.105,0.48566425618557785
816.224,0.4801407712389316
816.343,0.4809236912399747
816.461,0.47394021341736203
816.58,0.45543020985227467
816.698,0.43807392660064337
816.817,0.417241309272519
816.936,0.3938067800830688
817.055,0.3762161561735167
817.173,0.3584704290946934
817.292,0.34749529253536404
817.41,0.3358030848021574
817.529,0.3192891915894309
817.648,0.31030285979840233
817.766,0.2944599563831755
817.885,0.2806496912406086
818.004,0.2785013861296265
818.122,0.27424626296937626
818.241,0.2807067457209543
818.359,0.28479122774905785
818.478,0.28689027681688817
818.597,0.2970929045111377
818.715,0.305124535525042
818.834,0.312292648702178
818.953,0.30357417723714564
819.071,0.31666726172768167
819.19,0.33121653055098377
819.308,0.43239635382279035
819.427,0.5485512128524195
819.546,0.6987895816560701
819.664,0.8189285503441728
819.783,0.8826469500989993
819.901,0.834117956907805
820.02,0.7287869160905588
820.138,0.5721139994086564
820.257,0.4672727624338363
820.376,0.35059540552858925
820.494,0.30241891042899416
820.613,0.27556713610172995
820.731,0.2717679047508339
820.85,0.26112770112225
820.969,0.25909628535622603
821.087,0.269602375772963
821.206,0.2841018108304306
821.324,0.30125261093362954
821.443,0.3339547516282917
821.561,0.3652587159274939
821.68,0.3860448870524893
821.798,0.3934618393479068
821.917,0.38273621658262247
822.035,0.36157765781182694
822.154,0.33592279303617834
822.273,0.3095351219825234
822.391,0.2941429169069906
822.51,0.2851206191636675
822.628,0.2788351056027758
822.747,0.2806795831645199
822.865,0.2792219367311991
822.984,0.27721412362136905
823.102,0.2750596368623367
823.221,0.2776936794705528
823.339,0.2839535396444871
823.458,0.2799923257506465
823.576,0.27755460711729263
823.695,0.2845011921928551
823.813,0.280976627438593
823.932,0.2782551149629128
824.05,0.2740432633390173
824.169,0.27459015677812604
824.287,0.27498869066401876
824.406,0.26862562551849156
824.524,0.27478601735561015
824.643,0.28246091296514203
824.761,0.2834849172401611
824.88,0.28737945408270793
824.998,0.29047824423073265
825.117,0.29303698312633086
825.235,0.2921059007133254
825.354,0.29074491277679615
825.472,0.2948563692691207
825.591,0.2948339891195629
825.709,0.29404115083569027
825.828,0.28937354316005903
825.946,0.28340778939378775
826.064,0.2746709713968042
826.183,0.266312919834925
826.301,0.26288950932149147
826.42,0.2628929797001457
826.538,0.27080109203158864
826.657,0.2772975407354613
826.775,0.2795117932442359
826.894,0.2780007598504769
827.012,0.27042552971901396
827.13,0.26592819834877823
827.249,0.25844681687408433
827.367,0.24933741409004667
827.486,0.24231403653910674
827.604,0.23359801135829336
827.723,0.22267008011135064
827.841,0.21075477108031515
827.959,0.20631981815859082
828.078,0.21057289058807613
828.196,0.22389163086786623
828.315,0.2354570309732855
828.433,0.25503890466441
828.552,0.2700789529423085
828.67,0.27905087070647083
828.788,0.27923866659063606
828.907,0.27611703289567624
829.025,0.25970541785978785
829.143,0.23554400409425058
829.262,0.19985669172171722
829.38,0.1655439584134008
829.499,0.1332104319109499
829.617,0.10903785509674879
829.735,0.09337040355180709
829.854,0.08691346032750187
829.972,0.08251005525613417
830.091,0.0852912028063341
830.209,0.09093121829145662
830.327,0.09723486969035978
830.446,0.11717368224102523
830.564,0.14228344565275775
830.682,0.1731788535410447
830.801,0.2073119364813169
830.919,0.23374898387258958
831.037,0.250926454092172
831.156,0.2542480411901877
831.274,0.24982289934470897
831.392,0.23375265650778365
831.511,0.22165327959140468
831.629,0.21049632301875
831.747,0.2000491320359128
831.866,0.19179586414305752
831.984,0.19184230171022892
832.102,0.19565729671628845
832.221,0.2002730961289116
832.339,0.19913940088641016
832.457,0.20793230847727015
832.576,0.20309524408441504
832.694,0.19875664531164544
832.812,0.18986048602152072
832.93,0.18558707553728535
833.049,0.1742502892031565
833.167,0.16286011590858995
833.285,0.15497437509074669
833.404,0.15524672379576948
833.522,0.15253558436433873
833.64,0.1627210486706121
833.759,0.16892103588821927
833.877,0.17360146162137163
833.995,0.17511463568056435
834.113,0.18487356627134172
834.232,0.19532146963576613
834.35,0.21441300287903634
834.468,0.23165566138715252
834.586,0.25566272876671187
834.705,0.2759737325799772
834.823,0.27903400455585053
834.941,0.27495615893721786
835.059,0.2674873983787922
835.178,0.2494721842779247
835.296,0.2324263649850027
835.414,0.21700744306541503
835.532,0.21211867761613562
835.651,0.2149564102621848
835.769,0.2147325412191402
835.887,0.22227169819172357
836.005,0.2364325241625801
836.124,0.24324842831323562
836.242,0.2595329313734986
836.36,0.28019347928562904
836.478,0.2994238186260372
836.596,0.32007762292211217
836.715,0.326308518379973
836.833,0.33249895214150205
836.951,0.34246637286198833
837.069,0.3432422448991378
837.188,0.3575098447908694
837.306,0.3687540568178204
837.424,0.3859939054859134
837.542,0.39583600734137225
837.66,0.3981595392632068
837.779,0.40511986919104603
837.897,0.4170884579759344
838.015,0.42395100547097214
838.133,0.43475351064630285
838.251,0.4361323743523947
838.369,0.4362535536641783
838.487,0.4325836968168896
838.606,0.42636924884474475
838.724,0.42721930065850244
838.842,0.43033239762680875
838.96,0.4306940992445638
839.078,0.4310119673579596
839.196,0.4331888256305923
839.315,0.4357427644343157
839.433,0.43823151494950474
839.551,0.43331689897201353
839.669,0.43928760324374144
839.787,0.4423422555395686
839.905,0.433456773641531
840.023,0.430870391107123
840.142,0.43225318858924755
840.26,0.4239178733677198
840.378,0.40721878833364
840.496,0.4031313892589292
840.614,0.4059556346728682
840.732,0.40550416858795857
840.85,0.39536493607164513
840.968,0.40073321064243583
841.087,0.40479378566650814
841.205,0.3998319643766302
841.323,0.39676678510229757
841.441,0.40664766275007425
841.559,0.40644739636322313
841.677,0.40830224696921624
841.795,0.4129028732457146
841.913,0.4258638975267372
842.031,0.44173029639157313
842.149,0.4541967888285425
842.267,0.47522036807164814
842.385,0.4966834062943557
842.504,0.5019027593439254
842.622,0.5142326935557754
842.74,0.5243046403251183
842.858,0.5340259190595866
842.976,0.5377021079685079
843.094,0.5393939878531652
843.212,0.5393083629392533
843.33,0.5313310213366587
843.448,0.52388754933844
843.566,0.5167795722389711
843.684,0.5173817961626974
843.802,0.5204044162822621
843.92,0.5195865470583492
844.038,0.5233189327677313
844.156,0.5215895514403474
844.274,0.5191560242031921
844.392,0.5275887103030994
844.51,0.5319617395377323
844.628,0.5441393804203345
844.746,0.5423313235723057
844.864,0.5475416851338021
844.982,0.5460960976487444
845.1,0.5365997565297008
845.218,0.519813004486903
845.336,0.4936649894233778
845.454,0.4688252358745754
845.572,0.4366456182176134
845.69,0.39480352268945484
845.808,0.36524548577397997
845.926,0.34107672202267714
846.044,0.3231424313144739
846.162,0.31398439493420344
846.28,0.2978461539687213
846.398,0.2859018802216142
846.516,0.26558315926986775
846.634,0.23928734662113132
846.752,0.2132640884546288
846.87,0.19411707079248583
846.988,0.17865375340053544
847.106,0.16584011515030234
847.224,0.15027002383747656
847.342,0.13550017496320965
847.46,0.1268518435631164
847.578,0.11858407195178872
847.696,0.11133185205698573
847.814,0.10680108674196401
847.932,0.10340795821422538
848.05,0.09866967010808494
848.168,0.10017756260545008
848.285,0.1102357170299138
848.403,0.12163102267608542
848.521,0.12754123469879958
848.639,0.13662700970821196
848.757,0.1456277083311429
848.875,0.1479268770067771
848.993,0.15281503227963134
849.111,0.16214498266089195
849.229,0.1758560356060614
849.347,0.17891217518390018
849.465,0.18147884062972724
849.582,0.18880762294658598
849.7,0.19355978196232598
849.818,0.19664514387640442
849.936,0.20022672353855003
850.054,0.2027225810157969
850.172,0.20714711268485178
850.29,0.20956991432150002
850.408,0.21083955761269663
850.525,0.2147335914854035
850.643,0.21965715074254866
850.761,0.23000426321214684
850.879,0.2395191010669233
850.997,0.2485686294138859
851.115,0.25951648568040775
851.233,0.2698843909661761
851.35,0.2785068236296382
851.468,0.2867015986415951
851.586,0.29104576888599165
851.704,0.2924255579060913
851.822,0.3007799318313569
851.94,0.31513780994982876
852.057,0.33736436406879466
852.175,0.3746230003429679
852.293,0.4278786178362569
852.411,0.48919791422763803
852.529,0.5436162435224567
852.647,0.5949178982637304
852.764,0.6494570506795395
852.882,0.6968884317730912
853.0,0.7278176224113861
853.118,0.7619309237637792
853.236,0.7842833587157769
853.353,0.8035511512904918
853.471,0.8024459177942236
853.589,0.7890448243571748
853.707,0.7752301224687361
853.824,0.7522025171127856
853.942,0.7190516201218617
854.06,0.6929938832850755
854.178,0.6602520990015048
854.296,0.6379292015233304
854.413,0.6075493687631188
854.531,0.5729862461766198
854.649,0.5458186225307364
854.767,0.5081916503831252
854.884,0.4619362214927926
855.002,0.4128743243874574
855.12,0.3595931715035401
855.238,0.31911027795652097
855.355,0.2754837353917357
855.473,0.23877220912362795
855.591,0.21208113434565073
855.708,0.18288761604316287
855.826,0.15270503405256836
855.944,0.1281421321080343
856.062,0.10465758028534818
856.179,0.09259242632457321
856.297,0.07230504800904622
856.415,0.05697191714653323
856.532,0.044725534004562306
856.65,0.03125598914789837
856.768,0.02331119216668344
856.886,0.018587596084201394
857.003,0.017582730753819272
857.121,0.021521249997029028
857.239,0.01925355993889429
857.356,0.018850206461705193
857.474,0.014637730139669089
857.592,0.01096632690177294
857.709,0.007867951275947475
857.827,0.004912030260740678
857.945,0.013449406000737801
858.062,0.02188770786679676
858.18,0.032789578882679124
858.298,0.041913408810230285
858.415,0.046245734128761595
858.533,0.04946473680300015
858.651,0.04982725498741466
858.768,0.05543720284740199
858.886,0.06153256908449667
859.003,0.06581221623815586
859.121,0.06640827222718185
859.239,0.0654888393489507
859.356,0.05263538847619649
859.474,0.04760784812379461
859.592,0.045994132041596754
859.709,0.043778647093628886
859.827,0.038232861895980574
859.944,0.03727033723403325
860.062,0.03243986352576597
860.18,0.03156621278258901
860.297,0.021584238318942926
860.415,0.025352371889285526
860.532,0.02318417708269766
860.65,0.02112772707097317
860.768,0.025634697753623523
860.885,0.031824358914593696
861.003,0.03583866055341814
861.12,0.04199142529274881
861.238,0.04564208004901093
861.356,0.05102703312744186
861.473,0.057376113232220444
861.591,0.06542815635419122
861.708,0.07179378240657033
861.826,0.07620655570083366
861.943,0.07157307166504251
862.061,0.06722572487285473
862.178,0.06493701257704505
862.296,0.06400798907323278
862.414,0.07063121462462332
862.531,0.07164403980688241
862.649,0.07024054826484163
862.766,0.07369817549190218
862.884,0.06734897427571596
863.001,0.06512971758203329
863.119,0.06863903792740927
863.236,0.07574663951965488
863.354,0.07837178142221157
863.471,0.074985589901819
863.589,0.07702999797381688
863.706,0.08116214565465149
863.824,0.07892641128915096
863.941,0.08198946005415259
864.059,0.09430854941879353
864.176,0.105404272646352
864.294,0.10951074248720769
864.411,0.11255453083135328
864.529,0.11848852062318777
864.646,0.12023022910066108
864.764,0.12266821593584132
864.881,0.12215249893881214
864.999,0.12628425733987506
865.116,0.12948314885329193
865.233,0.1362960566043302
865.351,0.14808631497216435
865.468,0.1617423071152907
865.586,0.1815304941246783
865.703,0.2036806326574253
865.821,0.2182885986003546
865.938,0.22878071087754911
866.056,0.23217404332056005
866.173,0.23171002737995494
866.29,0.22884078837963612
866.408,0.2244828961351159
866.525,0.22524059863652462
866.643,0.23209396808389526
866.76,0.23317705005997097
866.878,0.23623938334826927
866.995,0.23711622306665467
867.112,0.23683035098351007
867.23,0.23373463887733537
867.347,0.23048663344191256
867.465,0.22473112676993753
867.582,0.2235371143913498
867.699,0.2153353609953247
867.817,0.21211713986414601
867.934,0.21725425902544998
868.051,0.22598628751221883
868.169,0.23417601687454287
868.286,0.24721833995664017
868.404,0.26249167601702345
868.521,0.2764545026906654
868.638,0.28514719341711187
868.756,0.29570786579086894
868.873,0.3163086585349176
868.99,0.34062630766143065
869.108,0.3618278442024031
869.225,0.38860522728507685
869.342,0.42449716943445603
869.46,0.46108932371757433
869.577,0.49330599511682993
869.694,0.5251534535370594
869.812,0.5563130631196512
869.929,0.5827431499754784
870.046,0.6004222710635803
870.164,0.6080820645975609
870.281,0.6149539789890839
870.398,0.6114542118875976
870.516,0.6021852812508255
870.633,0.5852235705990014
870.75,0.5661190759456144
870.867,0.5477029920978695
870.985,0.5335797818373105
871.102,0.5154244511437029
871.219,0.49847060804394316
871.337,0.4753879418859498
871.454,0.4631939677852033
871.571,0.4441479178042951
871.688,0.41947993990530813
871.806,0.4001332370419358
871.923,0.3818110018509604
872.04,0.35878846626946004
872.157,0.336644286679159
872.275,0.3168148532998305
872.392,0.3013446057322312
872.509,0.2823716115919225
872.626,0.2593378366503305
872.744,0.23983827848970593
872.861,0.22510139916811767
872.978,0.21134178220653937
873.095,0.19339381770663214
873.213,0.1841973809424549
873.33,0.1680314169851535
873.447,0.14951811267261267
873.564,0.13003709945614017
873.681,0.11364803420101019
873.799,0.10653256495788932
873.916,0.09955927361993389
874.033,0.08594451159804639
874.15,0.07968876395314561
874.267,0.06333668292212373
874.385,0.04766099095671317
874.502,0.03668645950278091
874.619,0.03061588867598947
874.736,0.032985986945973655
874.853,0.03355816546738221
874.97,0.030585216979294484
875.088,0.031229911838248005
875.205,0.029568644837979417
875.322,0.029260459767784006
875.439,0.02622402055982042
875.556,0.025831574525975107
875.673,0.030199081848903776
875.791,0.028005986949893723
875.908,0.02191558022246856
876.025,0.024137826402974672
876.142,0.0265987879783018
876.259,0.027489169103310368
876.376,0.0240631998081961
876.493,0.02103912733872608
876.61,0.023120006157543324
876.728,0.02462609173081426
876.845,0.023050146572185338
876.962,0.030119005928327197
877.079,0.03240924450107706
877.196,0.032687968851464265
877.313,0.028920542265614052
877.43,0.020513227303194742
877.547,0.023491245878067092
877.664,0.02495466079308164
877.781,0.023642040148479256
877.898,0.026537172592198482
878.016,0.027312054530538612
878.133,0.030156049170254016
878.25,0.030685956082294182
878.367,0.028026864685022905
878.484,0.032381572864422274
878.601,0.030181718335446788
878.718,0.025794455256703458
878.835,0.01938520737611551
878.952,0.015228307924947908
879.069,0.018937180742755428
879.186,0.018354991051196555
879.303,0.01647598449025637
879.42,0.017993650561959014
879.537,0.016556969216343545
879.654,0.016853063346456938
879.771,0.0113736950720126
879.888,0.008465590677326693
880.005,0.008160808593933908
880.122,0.009314343798391253
880.239,0.01192619629069875
880.356,0.01599636607085639
