wavelength_nm,intensity
792.446,0.1796001848531424
792.565,0.19960031807061263
792.684,0.21158846003831663
792.803,0.2155646107562544
792.922,0.21152877022442573
793.041,0.1874157888079792
793.16,0.1608648227219178
793.279,0.14325952149053625
793.398,0.12632138345840888
793.518,0.12486710963365173
793.637,0.12683169233102984
793.756,0.13795557405646597
793.875,0.1562365554641134
793.994,0.1825717581325437
794.113,0.21067352378282878
794.232,0.2300439684998965
794.351,0.22561585020186833
794.47,0.2137836398882879
794.589,0.19479503964058043
794.708,0.17104828823563933
794.827,0.15372759598606722
794.946,0.14384151491967284
795.066,0.14560807790152763
795.185,0.1476244722090606
795.304,0.14708648316115147
795.423,0.14969551711908563
795.542,0.15278008229350945
795.661,0.14910713595719016
795.78,0.15064303081164332
795.899,0.15136129587296804
796.018,0.1431338960796129
796.137,0.136773843496085
796.256,0.13306115126704415
796.375,0.1314982859853871
796.494,0.12695802749003743
796.613,0.11845507591917545
796.732,0.11645447614526107
796.851,0.1140966809463505
796.97,0.10776605048948451
797.089,0.10779740218254819
797.208,0.11323736879610435
797.327,0.1145407314356982
797.446,0.12214274817204174
797.565,0.1302981988933559
797.684,0.13613632211938836
797.803,0.14568571807829295
797.922,0.15441748424406887
798.041,0.15521568632339505
798.16,0.15187108883458678
798.279,0.1393764190428165
798.398,0.13254553896386323
798.517,0.1259609414701666
798.636,0.11334561450406341
798.755,0.11407000278262128
798.874,0.1193020011446505
798.993,0.12094338394814086
799.112,0.12396167803519834
799.231,0.13326479140884662
799.35,0.13439799458396906
799.469,0.1356355307274856
799.588,0.13701643598403346
799.707,0.14388227443615137
799.826,0.14669403183067403
799.945,0.143414021417539
800.064,0.1406478686174466
800.183,0.14636320542489328
800.302,0.14287381932688598
800.421,0.14504112546085268
800.54,0.14649513477008497
800.659,0.15526806632475193
800.778,0.16026016983428398
800.897,0.17311131388141288
801.016,0.18365648640260906
801.135,0.19235773340076032
801.254,0.19756489057983917
801.373,0.19689249462847014
801.492,0.18509266821124348
801.611,0.1790801276735042
801.729,0.17005612601402517
801.848,0.18029894585130413
801.967,0.1873628040189454
802.086,0.19828343327674294
802.205,0.2050051928677452
802.324,0.1998904836566613
802.443,0.18301737793276546
802.562,0.1645785679348753
802.681,0.1377354278110261
802.8,0.12180929492776177
802.919,0.10610260634936
803.038,0.09149148156533649
803.157,0.0740329715396929
803.276,0.06176026280751664
803.394,0.0440258875143441
803.513,0.03530188623032593
803.632,0.024199682373830828
803.751,0.020509510737107134
803.87,0.022283901437347157
803.989,0.02558195084781024
804.108,0.03050894320740527
804.227,0.04122995186700699
804.346,0.039073658635894
804.465,0.04248442692483348
804.583,0.04275324357444188
804.702,0.040038057142597436
804.821,0.043638907059454383
804.94,0.045043753326449346
805.059,0.05476157954801759
805.178,0.06837800476067585
805.297,0.07518402573506383
805.416,0.08082081723748985
805.535,0.09118082770578886
805.653,0.08708213437717763
805.772,0.08723200938287959
805.891,0.08086373070952296
806.01,0.08275410162240997
806.129,0.08899665284707574
806.248,0.1032389782387565
806.367,0.121199075527387
806.485,0.14530967508606388
806.604,0.16956745444110738
806.723,0.2066532206720224
806.842,0.2346939573164538
806.961,0.2608588297740463
807.08,0.27619791470161414
807.198,0.28328404890479153
807.317,0.2805550768500057
807.436,0.2706988145325495
807.555,0.2571930275655564
807.674,0.24731405330940218
807.793,0.2358729235196753
807.912,0.2354981858605552
808.03,0.2323965960615051
808.149,0.2375607324523631
808.268,0.25806039570096995
808.387,0.2785330885223728
808.506,0.2979660004002572
808.624,0.3261834643176825
808.743,0.34912040248781967
808.862,0.37275715226908945
808.981,0.37215813421532656
809.1,0.3642998127552114
809.219,0.34904165776804974
809.337,0.31753453013862853
809.456,0.29463096878724837
809.575,0.28170859474556065
809.694,0.2682972042737813
809.812,0.26328852137218256
809.931,0.25241448030182206
810.05,0.2593643428728114
810.169,0.2707210312992995
810.288,0.27450825640659027
810.406,0.29409163487834894
810.525,0.3027186321725693
810.644,0.3095811957291877
810.763,0.3175325128471421
810.882,0.32042474562011414
811.0,0.3283781919823213
811.119,0.33273321555706215
811.238,0.33355440342000886
811.357,0.3406440863636072
811.475,0.34001383939413415
811.594,0.3459310185024477
811.713,0.3594737310286191
811.832,0.37275312701551044
811.95,0.37719899834504345
812.069,0.38338375248114304
812.188,0.3911789250205486
812.307,0.389530899298171
812.425,0.3900539929657064
812.544,0.38051924653044367
812.663,0.37304347928777265
812.782,0.36424758060827955
812.9,0.3480497191574872
813.019,0.34358612278464007
813.138,0.34191538512356434
813.257,0.3494394338947623
813.375,0.3608110270310205
813.494,0.36438461796493293
813.613,0.3746014509680142
813.731,0.3839303891176201
813.85,0.3904494346014312
813.969,0.3917028590477249
814.088,0.39849373804782784
814.206,0.4181189916565611
814.325,0.4326120568676276
814.444,0.44421644737554045
814.562,0.4645564173051766
814.681,0.4824087201992959
814.8,0.49453903403768473
814.918,0.4927618341639623
815.037,0.5007748993652522
815.156,0.5056899141785163
815.274,0.5081009377503245
815.393,0.5066949361246978
815.512,0.508695725303773
815.631,0.5042803918006593
815.749,0.501310815145291
815.868,0.49208622862287293
815.987,0.49175904408540155
816.105,0.4820362144077961
816.224,0.4799956979947934
816.343,0.4754235101650468
816.461,0.46932323470977444
816.58,0.4578466175158319
816.698,0.4415699740276813
816.817,0.42531462298206013
816.936,0.40478445922462225
817.055,0.3817609504469932
817.173,0.36023997836385446
817.292,0.34572989785755864
817.41,0.32959733323052354
817.529,0.32040397562381573
817.648,0.30473203750349975
817.766,0.3036205813328629
817.885,0.29737835626072806
818.004,0.29706394718877444
818.122,0.29604617776526665
818.241,0.2957204127239639
818.359,0.2990264286300903
818.478,0.3035894083935349
818.597,0.3045085414921168
818.715,0.3154349625453183
818.834,0.32274623185493495
818.953,0.3098602175285623
819.071,0.3215722278856248
819.19,0.32801944146462814
819.308,0.4365675713729567
819.427,0.5510334525838586
819.546,0.6858993140818433
819.664,0.8193419168371414
819.783,0.9007339683810249
819.901,0.902562069497463
820.02,0.8199725998745111
820.138,0.6731160797290143
820.257,0.5659070587788334
820.376,0.43600973716595637
820.494,0.34581354050849733
820.613,0.29369411207634727
820.731,0.2758730378710045
820.85,0.2774595095094089
820.969,0.26738535453006834
821.087,0.27489094985107415
821.206,0.2889759099136606
821.324,0.31061187984525196
821.443,0.34247815866412956
821.561,0.36376351304207033
821.68,0.39141459798821354
821.798,0.39337777051881984
821.917,0.3915714709736403
822.035,0.3747788406281938
822.154,0.35180501421646615
822.273,0.33283345725217905
822.391,0.3221680821186059
822.51,0.308676490113299
822.628,0.29243036579277376
822.747,0.27960522723863673
822.865,0.2723182529863933
822.984,0.2694161023990349
823.102,0.27125648851105516
823.221,0.2752112141662435
823.339,0.28456002526220986
823.458,0.28870354390782543
823.576,0.28148825421209733
823.695,0.29319697768840436
823.813,0.29746612174494375
823.932,0.30838489560341076
824.05,0.3036728874010545
824.169,0.30648562838858373
824.287,0.3013662247858317
824.406,0.29230913881131154
824.524,0.28470348766921133
824.643,0.2876581782736029
824.761,0.29330423361370916
824.88,0.2960992308991305
824.998,0.2942851241250237
825.117,0.30982648725662043
825.235,0.30251183282908867
825.354,0.3071663700954097
825.472,0.30888822827734985
825.591,0.31302890793062854
825.709,0.3110004572350594
825.828,0.30182555307854353
825.946,0.29331923161745055
826.064,0.29080602298029556
826.183,0.27768704871925287
826.301,0.275461997804329
826.42,0.27478987569788177
826.538,0.28243458164341306
826.657,0.2817915592084225
826.775,0.2840712793846324
826.894,0.28220607074845494
827.012,0.2755422553142379
827.13,0.2719942339701546
827.249,0.2584373451410909
827.367,0.2504150718734992
827.486,0.24647172084645397
827.604,0.23750690212289505
827.723,0.2420187800242694
827.841,0.2393969799302148
827.959,0.24058439780466773
828.078,0.24669391864383072
828.196,0.2515273124273992
828.315,0.25748920566502503
828.433,0.2738872347343876
828.552,0.2835866613840049
828.67,0.2941704341466759
828.788,0.2919553197049322
828.907,0.2864242622132787
829.025,0.2630416209049873
829.143,0.23932894673749028
829.262,0.20197073137240618
829.38,0.17082257990780186
829.499,0.14074918622015709
829.617,0.11507770750693043
829.735,0.1025515360476463
829.854,0.092529208488484
829.972,0.09165375541767244
830.091,0.09876919014964847
830.209,0.10500494150932518
830.327,0.11515243703734297
830.446,0.1412436425896062
830.564,0.1637058998117189
830.682,0.1899981685595784
830.801,0.21695564345564405
830.919,0.2486692475738691
831.037,0.2726469585696706
831.156,0.2839904439166181
831.274,0.2843498679107392
831.392,0.2739062163135336
831.511,0.2503272569199491
831.629,0.22673623180893127
831.747,0.20728800626604782
831.866,0.19375482125782822
831.984,0.1881239714203486
832.102,0.18956008325837248
832.221,0.19198629367401288
832.339,0.1961982302697846
832.457,0.2017189423330294
832.576,0.20360219546417047
832.694,0.20247611671782495
832.812,0.19850465790146926
832.93,0.19283761091168994
833.049,0.18476167892375261
833.167,0.170755801691381
833.285,0.16612285766044554
833.404,0.16403790925219328
833.522,0.1614887855968002
833.64,0.16099580214166154
833.759,0.1672333597700621
833.877,0.17217775638884453
833.995,0.17839118258237846
834.113,0.1871760260853781
834.232,0.20310022556848123
834.35,0.22469460249716025
834.468,0.24643234853887047
834.586,0.2659322588707423
834.705,0.2877849841021114
834.823,0.2980595888340842
834.941,0.2979413523674631
835.059,0.28935440175882043
835.178,0.2730752014123945
835.296,0.2517255607516373
835.414,0.2400391402588004
835.532,0.23003269348153255
835.651,0.22540187869485065
835.769,0.22680321287674413
835.887,0.23202370150032528
836.005,0.2487378506012695
836.124,0.26452790769643814
836.242,0.2804187490195792
836.36,0.30600829791485606
836.478,0.31651995850698966
836.596,0.327516377040709
836.715,0.33342035306948337
836.833,0.34381703447195855
836.951,0.36194429200876976
837.069,0.3757718956508135
837.188,0.3968900316149194
837.306,0.4127567415031942
837.424,0.41948260581360325
837.542,0.42691041097939786
837.66,0.43147012413648433
837.779,0.4400739818779855
837.897,0.44159952197463415
838.015,0.44487743009145136
838.133,0.44912059560293405
838.251,0.44356072057388685
838.369,0.44203150491565274
838.487,0.44249597162625354
838.606,0.44813734086383267
838.724,0.45586324022503866
838.842,0.45621982522682364
838.96,0.4592791309336721
839.078,0.4549350543730527
839.196,0.4507861585356193
839.315,0.44908234484864396
839.433,0.45248091013979386
839.551,0.4513512826530274
839.669,0.45485631015682415
839.787,0.45121914268818014
839.905,0.44691268277602914
840.023,0.4423840717134885
840.142,0.4440785318542034
840.26,0.43887140162305976
840.378,0.4396311235367346
840.496,0.4330016581446279
840.614,0.43065836143368663
840.732,0.41959368026270855
840.85,0.41662793448182495
840.968,0.41791854796256583
841.087,0.4234435185143174
841.205,0.4201612250878301
841.323,0.4251680795380332
841.441,0.4302430698043303
841.559,0.43424705021139914
841.677,0.4342899265599176
841.795,0.4420413768521583
841.913,0.45478448542137156
842.031,0.46801944941301354
842.149,0.47974264998506905
842.267,0.49918294147785863
842.385,0.515689844138183
842.504,0.5229693119543554
842.622,0.5293296560013424
842.74,0.5336132771536299
842.858,0.5353623878968361
842.976,0.5332660835192349
843.094,0.5406598207769815
843.212,0.5489272579265172
843.33,0.5501816742549572
843.448,0.5374093391931212
843.566,0.5317415824552573
843.684,0.5333338388718301
843.802,0.5287768378859159
843.92,0.5257095981289744
844.038,0.5363284306818388
844.156,0.5446341942279274
844.274,0.5534687200968289
844.392,0.5533135767298233
844.51,0.5638720806955211
844.628,0.5773526175243348
844.746,0.5789136450251977
844.864,0.5779011259723419
844.982,0.5750311961828392
845.1,0.5645399914639841
845.218,0.5476688612152407
845.336,0.5224322402341749
845.454,0.4943868702333107
845.572,0.46435995973544686
845.69,0.4266345286585771
845.808,0.39512447844757154
845.926,0.3697957411943831
846.044,0.3499101788913263
846.162,0.3266754322699329
846.28,0.3108193436245924
846.398,0.29241734254382157
846.516,0.2741408336037708
846.634,0.2482118983030267
846.752,0.22850887319787538
846.87,0.21644486672418373
846.988,0.20228355466134734
847.106,0.18448336417023842
847.224,0.17060098310453678
847.342,0.15823462394692758
847.46,0.1483481471073783
847.578,0.12983013880695307
847.696,0.1235668129207187
847.814,0.12160388864874885
847.932,0.1161781261568593
848.05,0.11793797939708868
848.168,0.12009918860564417
848.285,0.13096969601462405
848.403,0.13799238840455796
848.521,0.14060159720633458
848.639,0.1494012287994884
848.757,0.15875304440223761
848.875,0.1623040889118973
848.993,0.17335433168040704
849.111,0.1816124254852297
849.229,0.18419040537129616
849.347,0.1868407795619627
849.465,0.1892108032593257
849.582,0.189875302310085
849.7,0.1917137246922979
849.818,0.18923262023338233
849.936,0.19319673812811217
850.054,0.1952998965457734
850.172,0.19102312943354596
850.29,0.19694615204097932
850.408,0.1994006357603757
850.525,0.21282214687857526
850.643,0.21976791647550398
850.761,0.2296378481798019
850.879,0.2369392015669715
850.997,0.24467492078174063
851.115,0.24682350307679868
851.233,0.2500090273230379
851.35,0.2572521813672941
851.468,0.2682463540371439
851.586,0.2697114489270086
851.704,0.2799752908181001
851.822,0.2959611217649224
851.94,0.3206278815309758
852.057,0.3490101725184074
852.175,0.38956819189222686
852.293,0.44763924524646714
852.411,0.5031149272933961
852.529,0.5569014088996604
852.647,0.6221712596360651
852.764,0.6839338902138377
852.882,0.7340974627237267
853.0,0.7732751995105785
853.118,0.8043018344231389
853.236,0.830603321464386
853.353,0.8440459475880943
853.471,0.8421012352438987
853.589,0.838201344364442
853.707,0.812994815993912
853.824,0.7835418648349379
853.942,0.7472597176087049
854.06,0.71033382887
854.178,0.6776408777061372
854.296,0.651747313189992
854.413,0.6300930739814476
854.531,0.6015918950035366
854.649,0.5601527181966857
854.767,0.5237016509263858
854.884,0.4799217249374709
855.002,0.4294148066054382
855.12,0.37831169988258273
855.238,0.33435646611684233
855.355,0.2960160494461014
855.473,0.2574875495330173
855.591,0.21945942201937374
855.708,0.18867995169081786
855.826,0.15761942112087393
855.944,0.12652906874622333
856.062,0.10519956050548157
856.179,0.0861266388710215
856.297,0.07105130954874297
856.415,0.05413078799741397
856.532,0.04246236609886339
856.65,0.03613318170484269
856.768,0.028792136804827173
856.886,0.01843886079140136
857.003,0.020450168865606598
857.121,0.016099959246943935
857.239,0.01990491059949414
857.356,0.012210637383419813
857.474,0.0145820686191451
857.592,0.022730333130640275
857.709,0.018903004015023026
857.827,0.02134662827875162
857.945,0.029604247802686973
858.062,0.038208649702463446
858.18,0.05465738269944727
858.298,0.05805695544233498
858.415,0.0647718295346744
858.533,0.06747839600210234
858.651,0.06459866045679541
858.768,0.06377544525828542
858.886,0.06659734286055877
859.003,0.07339580311913867
859.121,0.07399773489138707
859.239,0.0690295667846739
859.356,0.06216272918754331
859.474,0.05343640317786172
859.592,0.05118899062069246
859.709,0.04774364197055827
859.827,0.049042599154467306
859.944,0.04500796681011737
860.062,0.040129348596879534
860.18,0.034470843588632304
860.297,0.025924713588008692
860.415,0.021226708404061066
860.532,0.016839173312621365
860.65,0.019106556077989056
860.768,0.026706659640330095
860.885,0.03667890140537139
861.003,0.044739851159638466
861.12,0.05364637990878049
861.238,0.058213543204559445
861.356,0.060373007923350944
861.473,0.06006617472698787
861.591,0.060810001612466406
861.708,0.07264408845388612
861.826,0.07733988916892776
861.943,0.07867016749944253
862.061,0.07820785904038549
862.178,0.07809045135500191
862.296,0.07361613411456704
862.414,0.06789823464304437
862.531,0.06878132406779697
862.649,0.07901333559610665
862.766,0.08026891701231095
862.884,0.08362953116681135
863.001,0.0829281575318463
863.119,0.08096551630504267
863.236,0.0766173960149006
863.354,0.07341405192205941
863.471,0.07400025515544592
863.589,0.08007816131650933
863.706,0.0836646335766548
863.824,0.08679331832241842
863.941,0.09429547076371808
864.059,0.10233703174909556
864.176,0.11105427291073888
864.294,0.11809721834148809
864.411,0.1219491363851665
864.529,0.1208888879373152
864.646,0.12016718932568107
864.764,0.12052004931369648
864.881,0.12544936494936135
864.999,0.12514925669980864
865.116,0.13145477387095608
865.233,0.13985901612741677
865.351,0.15254445882845286
865.468,0.16362729035511034
865.586,0.17798135080236613
865.703,0.20013980118472668
865.821,0.21529729646342477
865.938,0.22350564824861544
866.056,0.23515131000613348
866.173,0.23535725214069625
866.29,0.23757036185769576
866.408,0.23680394911674962
866.525,0.23575647613441558
866.643,0.23782408749413084
866.76,0.23503489271289285
866.878,0.23495551611756146
866.995,0.23557595113336255
867.112,0.2353162985246155
867.23,0.2338777543478246
867.347,0.2305470217782553
867.465,0.23053791024327042
867.582,0.22956709005404158
867.699,0.225566355292881
867.817,0.2256722229475548
867.934,0.23157744219914939
868.051,0.2418469024211839
868.169,0.24945764631938233
868.286,0.25758650631912916
868.404,0.2700086324808848
868.521,0.2794888528331634
868.638,0.28720534919592433
868.756,0.29721291237484754
868.873,0.3132441075453345
868.99,0.33963691499870574
869.108,0.36596726462065754
869.225,0.3941855441468819
869.342,0.42783197702193143
869.46,0.46444018865281866
869.577,0.5056383411449574
869.694,0.5374011026042405
869.812,0.5694676362436093
869.929,0.6012474316569156
870.046,0.6295302982588122
870.164,0.636092744236481
870.281,0.6402314005062211
870.398,0.6440187314742263
870.516,0.6395275607868058
870.633,0.623800368176628
870.75,0.6076884921047523
870.867,0.5961828811000675
870.985,0.5920692963935015
871.102,0.5650571092427483
871.219,0.5458542802636899
871.337,0.5231814929004256
871.454,0.5016599169299167
871.571,0.47812123690379055
871.688,0.45234472116782576
871.806,0.43571969723099135
871.923,0.4182813019895344
872.04,0.3863746920493588
872.157,0.3622234994264704
872.275,0.34465238129324677
872.392,0.3294184636016656
872.509,0.30858108478443425
872.626,0.2865747508723396
872.744,0.2694961979096295
872.861,0.24772621010961127
872.978,0.22383691452983487
873.095,0.2092971304647124
873.213,0.19787526973397637
873.33,0.1798740442616597
873.447,0.16024323718776054
873.564,0.14307738521067986
873.681,0.12749143246927963
873.799,0.1143228817030491
873.916,0.09925924513624318
874.033,0.08527979692208923
874.15,0.07014817635205228
874.267,0.05734429558962826
874.385,0.05004700712853266
874.502,0.048397834450562595
874.619,0.0460448045598706
874.736,0.04959214740294461
874.853,0.050576595419848935
874.97,0.04627977978867696
875.088,0.0437169211999449
875.205,0.03969264056604484
875.322,0.03729702600465352
875.439,0.03560596958288051
875.556,0.0296950729941536
875.673,0.03374852265548823
875.791,0.035214259456775365
875.908,0.027449056017981997
876.025,0.026482182051975257
876.142,0.028586588680027634
876.259,0.03212275438094673
876.376,0.03275617008328326
876.493,0.03215390429158203
876.61,0.040008360965389476
876.728,0.03991229057929342
876.845,0.04014170942888374
876.962,0.0392459052487304
877.079,0.042087663977054185
877.196,0.04312920633788702
877.313,0.03895024122803176
877.43,0.03823005357087678
877.547,0.038313745019920645
877.664,0.03978182590299315
877.781,0.04039383881481362
877.898,0.03797969956090409
878.016,0.041004215043764114
878.133,0.04603500037200806
878.25,0.047548906930843876
878.367,0.04277199967826293
878.484,0.040474826318466994
878.601,0.04419289697234393
878.718,0.03851941794780456
878.835,0.03408028126681428
878.952,0.03354229092921135
879.069,0.03220894369837638
879.186,0.024213775625513058
879.303,0.01783683728882418
879.42,0.021275200584950513
879.537,0.02504729334275775
879.654,0.026085707150552417
879.771,0.021239409240889094
879.888,0.02307200279022665
880.005,0.0217961606945316
880.122,0.01935151236084742
880.239,0.01573805778917412
880.356,0.010955796979511701
