wavelength_nm,intensity
792.446,274.7366827755209
792.565,274.8445615633998
792.684,269.2749511737895
792.803,258.02785160669
792.922,241.1032628621009
793.041,212.26430182313996
793.16,176.92923688807508
793.279,149.15607671491495
793.398,133.15607671491492
793.518,125.92144468028282
793.637,122.43313299197116
793.756,136.33962649846467
793.875,164.76300312184122
793.994,205.22534078417888
794.113,252.11624987508793
794.232,275.67728883612693
794.351,281.2954706543087
794.47,256.30066545950353
794.589,212.0244749833132
794.708,170.40629316513142
794.827,148.18205074088894
794.946,140.56560052443882
795.066,153.2019641608024
795.185,164.31192087075908
795.304,183.8123537711919
795.423,192.13010268894084
795.542,188.15780831664648
795.661,176.52317628201448
795.78,174.66257022140837
795.899,170.8972022560405
796.018,168.89547065430884
796.137,160.73356589240404
796.256,156.7855139443521
796.375,153.86257022140842
796.494,142.74049229933053
796.613,135.31105506989326
796.732,130.73356589240407
796.851,122.33356589240415
796.97,111.10412866296693
797.089,91.7223104811487
797.208,82.65391221275044
797.327,85.57772173656002
797.446,96.54741870625702
797.565,114.9967693556076
797.684,131.27382563266391
797.803,148.68681264565095
797.922,156.1500161088544
798.041,152.2798862387245
798.16,150.69806805690627
798.279,135.29200745084563
798.398,124.41841437725252
798.517,117.46257022140833
798.636,108.25564381448197
798.755,114.66689922573742
798.874,121.2824836413219
798.993,130.51971307855135
799.112,142.59763515647347
799.231,142.02274338158168
799.35,141.5032628621011
799.469,139.97512433396258
799.588,132.18724554608377
799.707,140.1006654595037
799.826,142.7257736846119
799.945,138.36213732097556
800.064,140.82620658504487
800.183,144.43746199630024
800.302,141.1283710872093
800.421,139.01668277552096
800.54,140.45737541621367
800.659,138.160405719244
800.778,137.37339273223097
800.897,135.83486459370283
801.016,148.09460485344312
801.135,164.4989338577721
801.254,171.63053558937384
801.373,172.94915030798853
801.492,174.1153840742224
801.611,166.52404208288038
801.729,172.74741870625695
801.848,185.9093234681617
801.967,194.57599013482832
802.086,200.3145182733564
802.205,193.37772173655995
802.324,177.47642303526123
802.443,149.8729598317981
802.562,122.19070874954708
802.681,104.07295983179813
802.8,85.78247487959774
802.919,64.14348144354382
803.038,51.25123361238302
803.157,38.5156847481945
803.276,24.885330934700363
803.394,9.571827290735353
803.513,0.9082676318577563
803.632,-1.971573337655308
803.751,-10.230633038239631
803.87,-11.495156121213945
803.989,-4.874655484785693
804.108,-8.06502206823594
804.227,-21.824991683438526
804.346,-27.84622833874447
804.465,-22.684056981109904
804.583,-19.153218619568847
804.702,-8.80009578487546
804.821,4.889113623949313
804.94,18.400898862975033
805.059,23.163464468862177
805.178,20.08105195574043
805.297,20.7361237985316
805.416,35.2829808875179
805.535,40.613923697946404
805.653,41.10824492202377
805.772,45.13763854612219
805.891,48.98088515633606
806.01,48.26746555711972
806.129,62.87763739624968
806.248,74.18783412259785
806.367,107.07460677303047
806.485,139.14794501564177
806.604,166.99071843369654
806.723,207.7010243192838
806.842,248.01739081093166
806.961,276.36838933721174
807.08,298.1219852660894
807.198,297.5647586841444
807.317,288.253419548087
807.436,273.58277305272225
807.555,258.1337715790022
807.674,250.66745408796595
807.793,244.437500233293
807.912,248.66988404095753
808.03,255.0988046451585
808.149,282.19352611516007
808.268,315.0163861133
808.387,354.80721147940517
808.506,397.46124030871374
808.624,424.8347496575028
808.743,431.9026313006641
808.862,438.1523311256436
808.981,423.3500828986752
809.1,409.6439385678108
809.219,391.769828868981
809.337,367.20048107491334
809.456,343.59823284794516
809.575,316.2505300755223
809.694,292.4681952684675
809.812,270.5533929289451
809.931,254.6247377755699
810.05,247.26404799016
810.169,257.1838776852695
810.288,271.8266511033228
810.406,290.22786607981755
810.525,292.60397283120403
810.644,296.29523109774226
810.763,297.2548876326789
810.882,318.3478775009488
811.0,331.8252829536342
811.119,343.105285808917
811.238,358.2155916945027
811.357,364.75966381385456
811.475,356.8128268422972
811.594,360.5707517755018
811.713,377.58495376498354
811.832,411.3134414687509
811.95,439.7363014668905
812.069,444.56175886762753
812.188,455.6815885627369
812.307,455.8447083011365
812.425,454.28661591832395
812.544,455.4531988601868
812.663,463.2717298539977
812.782,467.7032478607957
812.9,476.5875797204077
813.019,473.2623877704957
813.138,484.4090572924452
813.257,505.5998826585503
813.375,525.7387599727074
813.494,548.2456026548296
813.613,563.7394583239648
813.731,568.4999806597668
813.85,573.8786848137506
813.969,569.4166963270418
814.088,571.6334957191207
814.206,578.5844942453988
814.325,580.60908584527
814.444,585.769608181072
814.562,579.2894378761816
814.681,589.3261506881744
814.8,601.8113483486517
814.918,601.9129962255793
815.037,603.5514406393031
815.156,607.2626123257539
815.274,607.2932645316853
815.393,593.4719686856686
815.512,585.6775126664916
815.631,579.5479917122498
815.749,571.8903322298695
815.868,563.9114606262772
815.987,554.6009872910831
816.105,553.9312065965813
816.224,549.5073133479668
816.343,541.4661040820362
816.461,541.2777086689193
816.58,518.768321606789
816.698,505.0103762054409
816.817,496.2703764973388
816.936,499.5046133419339
817.055,505.60944057051546
817.173,502.05798965484155
817.292,483.5948493395009
817.41,450.37326637774026
817.529,410.0884788647978
817.648,361.3788786128483
817.766,333.7821853623584
817.885,328.5707719739802
818.004,324.5593042291373
818.122,326.8886577337695
818.241,329.7582709786614
818.359,328.4884902841594
818.478,332.03083080177845
818.597,328.4736042198301
818.715,345.3182355636412
818.834,356.36041072711083
818.953,340.31646360498695
819.071,360.40391644134274
819.19,379.87782811512466
819.308,511.4036160451867
819.427,660.107253052028
819.546,848.8669869944172
819.664,1002.8727682539773
819.783,1083.840873551672
819.901,1024.2454263209568
820.02,892.801823660255
820.138,697.7075094818449
820.257,566.0465273785169
820.376,420.53032476407066
820.494,345.8210112900455
820.613,300.16756426126994
820.731,295.6720971733265
820.85,279.99625587276336
820.969,287.1411937929794
821.087,301.16751699458075
821.206,320.87349387583583
821.324,343.84440582202626
821.443,374.7746251275241
821.561,411.4165327447102
821.68,443.190042093498
821.798,446.5306510093852
821.917,437.1699612239735
822.035,401.815332044622
822.154,362.19663360120114
822.273,330.3034762833214
822.391,304.48824104336376
822.51,290.50157723197776
822.628,277.30192640760475
822.747,273.16374744470363
822.865,275.84288449911855
822.984,278.802541034053
823.102,283.75700276379257
823.221,296.4664428485104
823.339,302.15856691591233
823.458,301.8463619789853
823.576,292.38956829746945
823.695,299.87476595794476
823.813,306.8214354798919
823.932,304.43217426590826
824.05,301.6342550432665
824.169,300.6726994569883
824.287,304.4669880265543
824.406,300.667337202181
824.524,303.52915823927947
824.643,310.6550485404473
824.761,312.3289907896673
824.88,312.3786906146448
824.998,311.13921295044497
825.117,308.4858824723924
825.235,310.60657796836585
825.354,304.927273464339
825.472,306.3890945014376
825.591,298.2846817723025
825.709,295.96468462758287
825.828,299.6983671365429
825.946,288.44417085762416
826.064,281.0168144055454
826.183,279.5383757023844
826.301,270.61924435853075
826.42,263.81959353415743
826.538,265.5835790734205
826.657,277.87310573822447
826.775,280.5808142212104
826.894,271.2634144790883
827.012,265.713114304066
827.13,262.92904789527756
827.249,253.12593386744146
827.367,241.6267159435015
827.486,246.63485732692084
827.604,247.6378039051453
827.723,249.71434355696294
827.841,240.88265810055583
827.959,235.83885143202764
828.078,239.6218845903394
828.196,246.8213679651014
828.315,263.7844877034998
828.433,289.2402481345388
828.552,310.03540250497167
828.67,329.25220189704964
828.788,324.158178778305
828.907,311.5879651833699
829.025,278.38658275726596
829.143,235.5427760887378
829.262,191.68907564479534
829.38,145.31306623466648
829.499,111.01970871028601
829.617,87.96702683076224
829.735,78.96667918149863
829.854,70.38802732295105
829.972,62.379494333112
830.091,70.74111147851107
830.209,78.17734907693622
830.327,84.09667133148203
830.446,106.25286847825062
830.564,133.11801744156975
830.682,175.1012969407388
830.801,205.33885068617258
830.919,235.6847530158292
831.037,257.98217049700105
831.156,254.8337005322855
831.274,247.28090156324092
831.392,222.16533203142578
831.511,200.00127765112575
831.629,187.49090292450552
831.747,167.58485720221432
831.866,163.42946083057262
831.984,165.40480038966703
832.102,170.9680187366404
832.221,179.68534963772635
832.339,172.79921733534906
832.457,177.76330148318837
832.576,169.82781853146065
832.694,160.01787670527403
832.812,158.63996951112188
832.93,155.46126629555323
833.049,145.9950620553925
833.167,134.64240125493046
833.285,134.36935439104346
833.404,128.1858219827703
833.522,124.06207001501369
833.64,128.27472986125497
833.759,138.86740434416015
833.877,141.21084089575305
833.995,139.43276790920166
834.113,153.70970520051088
834.232,180.56642973109211
834.35,198.47511842441028
834.468,226.39852573244704
834.586,251.20072091927182
834.705,276.9189334221138
834.823,279.531518219328
834.941,270.55449262693185
835.059,259.1004107574794
835.178,235.79438083607909
835.296,209.4225500488781
835.414,188.6325374434955
835.532,174.84945124503957
835.651,169.82134340156205
835.769,175.391503956353
835.887,189.62573377521306
836.005,218.32143545554493
836.124,243.5175700363098
836.242,267.2522327556028
836.36,288.27434136234194
836.478,303.4315149041461
836.596,313.67814234705975
836.715,325.06984494021464
836.833,333.71661753860036
836.951,348.92603663037994
837.069,360.6279723454235
837.188,375.2960177573241
837.306,402.45311658902557
837.424,430.4005675418265
837.542,454.1522234295796
837.66,475.0552674771224
837.779,484.9794714830437
837.897,489.10634199454535
838.015,486.2410047138393
838.133,488.68908734655315
838.251,502.51985396195096
838.369,509.2415296682579
838.487,505.78311879447836
838.606,500.8251408211316
838.724,494.11651349713554
838.842,494.7438169090701
838.96,493.36073071061503
839.078,495.0166055511212
839.196,508.1668526859997
839.315,510.0564937602719
839.433,507.41713050553966
839.551,500.69205296509324
839.669,498.8397026973739
839.787,494.6540190963213
839.905,484.0960411229745
840.023,479.01165622322105
840.142,484.6683968645933
840.26,482.052410233238
840.378,475.1022244676835
840.496,468.51913826922873
840.614,464.8053161400378
840.732,455.16855028790314
840.85,445.9897930937774
840.968,445.8370099256258
841.087,457.52578519903267
841.205,455.0145604724395
841.323,454.5596128021236
841.441,457.27522790237026
841.559,458.13110274287664
841.677,457.9220425184478
841.795,465.7233719044086
841.913,480.6138787795469
842.031,505.557199507499
842.149,522.08839902333
842.267,542.1044470240099
842.385,562.6062093104041
842.504,579.2326469214736
842.622,598.3837598572186
842.74,615.6396346977251
842.858,630.7413969841192
842.976,636.4492198765736
843.094,640.4609388729242
843.212,629.7367271333441
843.33,619.5319959132444
843.448,612.6190395849196
843.566,609.228161178673
843.684,611.910875846019
843.802,617.2914260112004
843.92,618.345569249975
844.038,632.4317471207839
844.156,642.0200894937575
844.274,649.8292110875102
844.392,659.7439603868905
844.51,671.5755928031542
844.628,680.7388269510195
844.746,677.3263035231273
844.864,667.0168103982653
844.982,663.961862727949
845.1,647.8333219840395
845.218,624.9982877336365
845.336,589.8273227473028
845.454,561.3282192328304
845.572,522.216128705371
845.69,474.6555533294268
845.808,427.1564498149544
845.926,395.8348354779711
846.044,363.64568867345554
846.162,339.2522128646108
846.28,316.57302277005175
846.398,299.7423175239774
846.516,285.2293611956519
846.634,261.8194351703567
846.752,231.95756109311347
846.87,211.39698571716906
846.988,194.16368306849733
847.106,170.36587825532337
847.224,150.92305179712753
847.342,134.37113442984088
847.46,124.68588372922079
847.578,109.52079621251525
847.696,99.92062155155514
847.814,90.01674106398667
847.932,87.70778306755683
848.05,72.98151481729373
848.168,73.7344356660796
848.285,81.49140840629917
848.403,90.11301857719879
848.521,99.71851818783023
848.639,121.23977172777847
848.757,143.04886749519432
848.875,167.1348826015258
848.993,178.27261826658307
849.111,196.54022406151046
849.229,212.8381328867409
849.347,215.18192915785892
849.465,222.073777377029
849.582,233.00198923256272
849.7,249.2496816075768
849.818,265.248889134106
849.936,274.63251224505063
850.054,286.6187327585926
850.172,300.6603645275459
850.29,308.6145504090532
850.408,322.8440609658852
850.525,336.03807368721937
850.643,348.64593922240624
850.761,364.2641943679828
850.879,371.76643219754186
850.997,378.92408128251213
851.115,380.07913296488493
851.233,384.06448767756075
851.35,387.6463791867733
851.468,389.75640922412435
851.586,387.3192531142895
851.704,391.94616626852394
851.822,400.05619630587535
851.94,419.9021570791575
852.057,449.71629967062154
852.175,498.30966304130635
852.293,566.6315978405626
852.411,641.8985542848402
852.529,715.7330431966502
852.647,789.307358948287
852.764,859.9409820592309
852.882,915.791488287058
853.0,954.9844187573093
853.118,982.0327604829718
853.236,1012.7367299142619
853.353,1040.1844222892748
853.471,1046.2710757032492
853.589,1041.368984528479
853.707,1027.9716552584705
853.824,993.1604731746097
853.942,950.9821915236491
854.06,895.3303167990957
854.178,858.223896619997
854.296,822.5910695144912
854.413,783.3816190323621
854.531,743.2518222298866
854.649,697.3272202326058
854.767,638.4485056812124
854.884,579.4970638570919
855.002,499.3828514702008
855.12,436.3006737153446
855.238,371.342305484298
855.355,311.5536342229482
855.473,258.2047898014251
855.591,208.04815317210964
855.708,171.3988758501534
855.826,134.71873925691722
855.944,96.45852193062893
856.062,71.26655640260614
856.179,44.82126175511097
856.297,21.87918069134391
856.415,3.2825953944709783
856.532,-9.91760577120133
856.65,-17.349059334848135
856.768,-30.05415451349927
856.886,-39.28133016806575
857.003,-42.569940079608
857.121,-42.273701690900104
857.239,-37.310142673253814
857.356,-35.95689657171894
857.474,-37.081143729582564
857.592,-38.95934059404024
857.709,-39.19231564678996
857.827,-32.69986522648722
857.945,-22.93631878596219
858.062,-9.473381182631494
858.18,-1.5865156796506392
858.298,8.5402882055079
858.415,8.930069508399026
858.533,8.219306597886474
858.651,4.321510575562403
858.768,6.0414208532198925
858.886,12.471033207404506
859.003,16.37990368535867
859.121,14.506064716666232
859.239,17.314686630590394
859.356,6.478457450065948
859.474,-1.9173142378928403
859.592,-10.701805847348133
859.709,-14.801449458549593
859.827,-10.392651863504557
859.944,-14.613849563506983
860.062,-15.48209305005351
860.18,-13.319427802505494
860.297,-14.483083989465038
860.415,-14.601900529705322
860.532,-14.487229659577395
860.65,-13.149349002994969
860.768,-7.010859075571079
860.885,-5.5463786704558125
861.003,3.83272404845241
861.12,10.121020297599188
861.238,18.158768586971732
861.356,26.470343950104017
861.473,34.355408158784556
861.591,45.5665278405034
861.708,51.65399498335592
861.826,59.079249384829915
861.943,63.166111489346406
862.061,53.96452322306376
862.178,46.54268954999985
862.296,42.82259030189215
862.414,38.62823588860567
862.531,42.000818813284326
862.649,36.47792558598829
862.766,39.63830227556715
862.884,41.11926634955111
863.001,42.31973697718087
863.119,42.76873797567062
863.236,48.486531097288065
863.354,54.638663503598266
863.471,57.43726646676227
863.589,53.691704720186664
863.706,52.2006884281563
863.824,53.393654820108736
863.941,65.88532251076238
864.059,85.4999339243598
864.176,108.09809512150687
864.294,121.03218705458463
864.411,128.83900626038962
864.529,125.5324055527749
864.646,119.67342389277925
864.764,114.19626041460205
864.881,108.97623979356752
864.999,116.54929276560651
865.116,125.65827647357617
865.233,131.0425848568703
865.351,144.53252094579213
865.468,167.92288993514688
865.586,195.45178706302983
865.703,223.10535951558813
865.821,241.29832590754023
865.938,258.062720870921
866.056,264.9907521979379
866.173,254.87116447733575
866.29,248.88058108573784
866.408,251.87960808375033
866.525,258.71932772245555
866.643,257.64216424427775
866.76,261.6914076925069
866.878,263.433291833377
866.995,259.45569545476656
867.112,251.6218220198792
867.23,244.75591395295726
867.347,247.25277644880583
867.465,250.14098093599625
867.582,246.66035425435544
867.699,243.23080982379673
867.817,241.40559439756703
867.934,240.156136547095
868.051,244.4434752334197
868.169,249.34639833532904
868.286,257.65797944589633
868.404,267.80419259109567
868.521,284.70365248954204
868.638,295.6983504832265
868.756,320.58395756782016
868.873,352.64618802903726
868.99,385.7681587499947
869.108,420.4719476527704
869.225,457.3445677243772
869.342,501.4907808695772
869.46,546.0482494260325
869.577,581.4948954716654
869.694,617.5865631623196
869.812,654.369139943883
869.929,681.6538812276108
870.046,701.9853757580918
870.164,712.3792079509103
870.281,718.615464386153
870.398,724.3357035053782
870.516,712.6213105899712
870.633,684.6740172416637
870.75,660.7059446725768
870.867,640.3534565190741
870.985,621.4702324348357
871.102,594.6831122467012
871.219,576.5401479027222
871.337,563.0205601821199
871.454,543.7001066606515
871.571,501.71212067165095
871.688,464.5405848991008
871.806,440.19242574992745
871.923,415.5827947392826
872.04,394.7021680576421
872.157,369.3643985188587
872.275,356.8534688069151
872.392,348.6022793547115
872.509,319.60303795445606
872.626,289.2574762078805
872.744,268.41927376866437
872.861,246.46938301776015
872.978,224.13507668244029
873.095,201.57652792287797
873.213,189.7686285139648
873.33,176.5312918756144
873.447,153.7623535056623
873.564,128.24882639112167
873.681,110.07555901684094
873.799,96.65726999753863
873.916,68.91832063720463
874.033,50.07885912327285
874.15,36.73200305406509
874.267,15.859766168744954
874.385,8.100201463027158
874.502,0.5730079231866294
874.619,-2.473246132684668
874.736,-4.213093687914858
874.853,-12.851901811727899
874.97,-11.2549347791808
875.088,-6.870444407954155
875.205,-10.578095741331625
875.322,-3.440332366579764
875.439,-6.576091634655264
875.556,-8.552950444095451
875.673,-10.611817513080949
875.791,-9.6438585236349
875.908,-4.306337560630962
876.025,0.7720473935210757
876.142,4.402439190256102
876.259,1.6666919629312795
876.376,-8.625911276943851
876.493,-19.942417008927272
876.61,-24.103810606586826
876.728,-25.411185631777748
876.845,-16.820595084080495
876.962,-16.026497562119715
877.079,-10.525209717543575
877.196,-5.043849907815801
877.313,-2.185809826092784
877.43,-8.00917536061762
877.547,-11.324318026253238
877.664,-10.889952039046527
877.781,-15.132307373707558
877.898,-19.581833422042273
878.016,-14.39037136262758
878.133,-9.23534387500014
878.25,-6.272293910327404
878.367,-9.540356201714893
878.484,-12.954843526633429
878.601,-15.523908368659303
878.718,-17.844523620513982
878.835,-15.732446231957343
878.952,-12.40552146007459
879.069,-12.670867157685187
879.186,-14.094075378534832
879.303,-18.602058419698004
879.42,-22.385329087007865
879.537,-28.38784491227356
879.654,-27.521947971814633
879.771,-27.811900857675518
879.888,-24.131630644609764
880.005,-26.90323454929082
880.122,-31.65114551020058
880.239,-38.37536352733908
880.356,-47.07588860070634
