wavelength_nm,intensity
792.446,62.21224926970086
792.565,56.75224926970086
792.684,53.00177307922468
792.803,50.9608206982723
792.922,50.62939212684367
793.041,50.077876975328536
793.16,54.04064753809912
793.279,56.089132386583955
793.398,60.982638880090505
793.518,58.99562589307753
793.637,61.079608577060114
793.756,62.9549332523848
793.875,58.12463022208179
793.994,57.37138346883502
794.113,54.13934883680039
794.232,51.31770381515531
794.351,57.993028490479986
794.47,53.78766961894337
794.589,56.2519727945206
794.708,50.60464498136856
794.827,51.51890169997251
794.946,46.88898876422019
795.066,39.91741142215565
795.185,34.36786925998142
795.304,33.90912641945532
795.423,24.467091583054888
795.542,18.440969075325995
795.661,17.26126546821745
795.78,30.948203414465276
795.899,30.430300686826044
796.018,32.43607172945443
796.137,29.219984413974768
796.256,27.505310993666455
796.375,31.517778365949358
796.494,32.755834204347025
796.613,35.75656093617438
796.732,36.14344897490666
796.851,35.19381129224051
796.97,34.917310444301094
797.089,22.816140213467662
797.208,23.821906631942685
797.327,35.988774889424334
797.446,41.652893847628626
797.565,43.02860822485843
797.684,41.19455122795195
797.803,44.84254158455987
797.922,38.3118990433292
798.041,25.564621177184677
798.16,29.13946197237553
798.279,35.831375492785426
798.398,37.2103969314262
798.517,39.65107983987498
798.636,37.862486857126285
798.755,39.60491923049619
798.874,27.567776872657745
798.993,19.72624820104856
799.112,25.953674625458966
799.231,30.23451976632162
799.35,26.89545815664438
799.469,27.293213430981524
799.588,21.56741970167017
799.707,23.9130841178833
799.826,23.605096937261052
799.945,20.242263348836786
800.064,23.887077288383967
800.183,28.07722571145198
800.302,21.932764253743525
800.421,18.217317693627457
800.54,7.427941324114919
800.659,7.116688514780937
800.778,12.483970073553875
800.897,10.765658468894133
801.016,12.06774358597771
801.135,18.660320773006887
801.254,21.93737259084044
801.373,24.573074174007765
801.492,15.747966753422148
801.611,10.89749044581844
801.729,7.257874207198173
801.848,8.525003126068896
801.967,7.682042868691046
802.086,6.699876697097306
802.205,13.923023271322801
802.324,19.952872149767376
802.443,11.946879031640389
802.562,5.846011047660879
802.681,4.939671722455509
802.8,4.688953785247448
802.919,1.6117706538921426
803.038,3.004092809082377
803.157,6.861862163274333
803.276,11.237576860472927
803.394,6.881633610736954
803.513,5.533366071301004
803.632,6.085972946123846
803.751,5.682860958164217
803.87,10.440385195578376
803.989,24.44164784006348
804.108,28.293524792379564
804.227,24.697776047121476
804.346,20.78258081053297
804.465,17.501743505279002
804.583,13.06492472951616
804.702,17.041956783850537
804.821,20.17652143270426
804.94,26.689221448066114
805.059,22.19942455456025
805.178,14.3264144911215
805.297,10.615432713663665
805.416,12.878879515477346
805.535,14.396419956118715
805.653,13.885901096249343
805.772,17.34455966489086
805.891,13.52376145060279
806.01,9.30665793734874
806.129,14.568314595831595
806.248,13.347362243055148
806.367,13.406356509040796
806.485,8.360709148157799
806.604,3.725204495219762
806.723,6.3804082971340765
806.842,-4.219119271034035
806.961,-2.0409804847142006
807.08,3.8536052037088084
807.198,4.2232355656905645
807.317,0.5146698024914813
807.436,5.4125707905309035
807.555,10.468973506629444
807.674,10.819933328779708
807.793,6.81764720904236
807.912,6.312816030180025
808.03,5.016319720646207
808.149,4.220331527473368
808.268,4.285944755809361
808.387,9.571190208531265
808.506,11.357712227266607
808.624,10.449211606242038
808.743,8.60775627926144
808.862,12.235331241835881
808.981,19.01835791604351
809.1,21.58293474941813
809.219,18.214246477482977
809.337,10.110934877897828
809.456,10.236452610672208
809.575,1.8248250053243882
809.694,-9.533910355413592
809.812,-11.013043819404285
809.931,-6.440676351851369
810.05,-2.358289276610602
810.169,-1.6122939535251382
810.288,3.6474513082429185
810.406,8.60923225995324
810.525,1.5027046877483083
810.644,-5.17005036263506
810.763,-2.8366282440590433
810.882,5.441235159615713
811.0,8.91835434381839
811.119,10.773640498732886
811.238,18.642844067402546
811.357,11.015043493249454
811.475,4.307438366399607
811.594,-4.772017585346696
811.713,-3.2813822425884327
811.832,-2.086400175158918
811.95,-3.0742321956071565
812.069,2.271507401161702
812.188,9.47435992163499
812.307,8.287452497812264
812.425,10.434242429512514
812.544,5.371412950544961
812.663,2.6549999247141214
812.782,-3.8147261966647843
812.9,-6.709709376836154
813.019,-1.8374323014360805
813.138,-0.43556786583801976
813.257,-0.027486070495700066
813.375,-0.5761614766895888
813.494,-2.069366421815177
813.613,-7.09441953185724
813.731,-15.940321656875145
813.85,-19.38677969832862
813.969,-11.999515199761712
814.088,-14.528960894754334
814.206,-14.730871853986734
814.325,-10.793312348226108
814.444,-6.250013034728109
814.562,-6.620260749579529
814.681,-8.943390242371212
814.8,-4.614520787038719
814.918,-2.929938255116703
815.037,-6.577570648383961
815.156,3.8896006310487214
815.274,12.725891324750684
815.393,13.124663020856213
815.512,7.903519254313668
815.631,10.918546973923442
815.749,15.568351492251484
815.868,8.895360363011081
815.987,6.844595523460562
816.105,5.884867865540647
816.224,3.971062983488313
816.343,-4.8872560089049895
816.461,-8.281466234947764
816.58,-9.168924772904008
816.698,-8.952231609523606
816.817,-9.698462977383597
816.936,-10.045752890518962
817.055,-3.0244771397726895
817.173,0.766215847359441
817.292,-2.9232748948476086
817.41,5.647802254344093
817.529,-0.15149626233795388
817.648,-3.2280197040436054
817.766,-7.511199365007182
817.885,-9.820690782317854
818.004,2.6749977798627462
818.122,-3.140180652431101
818.241,-2.4233830920179655
818.359,4.172856018797936
818.478,4.163731152121761
818.597,6.182963615200774
818.715,9.614180802342482
818.834,14.758272444356532
818.953,17.962158870201847
819.071,11.464010516015456
819.19,14.437666630200443
819.308,11.390417532189607
819.427,17.098790226665255
819.546,16.547526350983482
819.664,18.76383783013778
819.783,17.959505051119613
819.901,18.54602371794673
820.02,15.889734115886197
820.138,14.907733930984115
820.257,13.234828546065135
820.376,13.116766124247686
820.494,5.566517669760559
820.613,4.318012684173486
820.731,4.852283695170426
820.85,6.822663475370018
820.969,9.820632180665134
821.087,15.267042875796225
821.206,13.013342765151648
821.324,9.851275414990857
821.443,10.80006241377813
821.561,9.690960703110612
821.68,6.790437466559636
821.798,3.84738129513493
821.917,5.984918259698571
822.035,6.121883740491257
822.154,4.079852891396289
822.273,7.927377875841392
822.391,12.121303194646352
822.51,13.137830848304114
822.628,9.940636841927628
822.747,12.605301093977616
822.865,13.88773156143479
822.984,13.614473706268344
823.102,15.914520150565021
823.221,17.720565837247033
823.339,17.14496346303437
823.458,18.91982698078091
823.576,11.085327731515296
823.695,16.927725422592992
823.813,8.50116182191673
823.932,7.670022205821771
824.05,3.902973122526406
824.169,10.273746583993407
824.287,13.688354756447037
824.406,11.20488041870302
824.524,11.03398391247571
824.643,13.19443017526969
824.761,3.266404887959446
824.88,-3.801625069084907
824.998,-5.30203724311378
825.117,1.3582218527206837
825.235,4.972785412603395
825.354,5.279954971325948
825.472,12.472570155287118
825.591,14.711631661072232
825.709,18.439499551153965
825.828,15.844013762776457
825.946,17.900853357913185
826.064,13.177661382872145
826.183,13.10637812583084
826.301,11.278220871333277
826.42,4.379233110798326
826.538,-2.5812163139319977
826.657,-1.9052383615929362
826.775,-2.252912723297718
826.894,-9.067457956723862
827.012,-13.92332461308194
827.13,-7.730994175394748
827.249,-4.479781126192288
827.367,-1.0923195647583432
827.486,1.9889300620430128
827.604,11.755801061887858
827.723,17.185483425367025
827.841,16.561098442223546
827.959,17.16412061257194
828.078,16.250466290077373
828.196,10.333185530961806
828.315,3.1505997522846445
828.433,-2.775523491563285
828.552,2.4925109442703066
828.67,7.043420594783385
828.788,11.556453814329469
828.907,14.217497245163722
829.025,10.283642186674909
829.143,14.516517065711112
829.262,11.46005281051243
829.38,13.710133417394523
829.499,19.479707372685112
829.617,19.07311261401112
829.735,21.020817337794895
829.854,20.73127268236702
829.972,18.956455102061174
830.091,29.23544468962866
830.209,26.887164445611003
830.327,26.708740326927064
830.446,23.71171195132628
830.564,18.130881877337274
830.682,17.229510409462375
830.801,16.3226922215543
830.919,15.849217828677487
831.037,20.585426400961204
831.156,24.051266369660034
831.274,28.077279498532043
831.392,24.87795654118174
831.511,26.812118824574068
831.629,21.349480764270957
831.747,15.000151956678303
831.866,8.918786900842601
831.984,12.126230020096427
832.102,16.612848232941044
832.221,8.513608836887546
832.339,3.5614536131905474
832.457,6.640341243890224
832.576,3.1889541414742575
832.694,1.2684234981351667
832.812,6.105270614440927
832.93,12.253505487759025
833.049,14.346395561194768
833.167,4.140312414948177
833.285,5.5506371097071
833.404,6.818891493019603
833.522,7.425491328039333
833.64,5.384601653069772
833.759,9.606908454134434
833.877,1.466026221993917
833.995,0.9842437911176278
834.113,-3.61027278022655
834.232,-5.039841449515861
834.35,-1.3793687062685418
834.468,2.182533377493056
834.586,4.505515727919785
834.705,6.108473247589983
834.823,5.158237364559905
834.941,8.501052358657265
835.059,7.470177778761821
835.178,5.103493825426277
835.296,8.279241177389965
835.414,5.126444682400416
835.532,2.201847446130473
835.651,-5.983372765391492
835.769,-1.1971783916600447
835.887,-1.4012225760677244
836.005,6.211973078761183
836.124,11.040228529626976
836.242,18.028325766949227
836.36,24.303492178117835
836.478,27.74200479934754
836.596,23.00077962235642
836.715,24.790912239614627
836.833,14.805005439974764
836.951,8.287631121622361
837.069,1.8493434933760953
837.188,-1.1441221724930666
837.306,0.19287164274751534
837.424,4.438095032275168
837.542,7.490404305590756
837.66,13.929090900474336
837.779,16.13115753387739
837.897,13.18907162625298
838.015,13.53056276406987
838.133,2.7822123578691444
838.251,-6.7476152965543825
838.369,-5.559886088729484
838.487,-4.852026472775134
838.606,0.6163266886232263
838.724,4.877952897135694
838.842,-0.9001090412175943
838.96,-1.9097978229449608
839.078,-6.8296651420207475
839.196,-6.312075857508086
839.315,4.89689722058646
839.433,14.512326543426227
839.551,16.98708330292102
839.669,18.46934468359954
839.787,10.349374291651891
839.905,7.630003363299508
840.023,8.853549856740305
840.142,5.356496218323839
840.26,13.440103417187446
840.378,13.078799619013946
840.496,6.643508976848855
840.614,2.88890916248746
840.732,0.8017269879615245
840.85,0.36603195190059523
840.968,-4.568878217833458
841.087,-4.436873032628476
841.205,2.8470531571153925
841.323,3.7992600755032004
841.441,5.160247985786234
841.559,2.658797199344937
841.677,9.347523271500865
841.795,12.947041123955525
841.913,2.8374419207765094
842.031,7.961910695248519
842.149,9.268052356711083
842.267,12.481163307725268
842.385,13.719879632431603
842.504,6.027187096228328
842.622,11.692281907758375
842.74,14.878212847378261
842.858,3.1817738219328557
842.976,9.071298625107557
843.094,5.311348931640456
843.212,9.097904501337066
843.33,9.55507540401978
843.448,8.99710364437833
843.566,16.219500485946334
843.684,18.680521440590923
843.802,12.993861083747513
843.92,12.558067518016461
844.038,5.6766346455760495
844.156,-0.9605881066293427
844.274,-2.194906123815332
844.392,-0.678892495722863
844.51,1.069730911417186
844.628,2.9932062072606085
844.746,7.078701848651288
844.864,7.711236375096599
844.982,10.54874959930965
845.1,0.6340102689315912
845.218,8.248350620475064
845.336,7.709985797076296
845.454,6.173222518760308
845.572,4.36095504309423
845.69,4.543738577815219
845.808,-3.8512119404000993
845.926,-6.243544522249393
846.044,-8.16832774736039
846.162,1.8631491868019783
846.28,4.351501395876765
846.398,7.93601162662835
846.516,11.890923997194095
846.634,12.251170223162916
846.752,9.772865852209465
846.87,6.809020415158015
846.988,9.448445328719783
847.106,8.164353449672378
847.224,6.769753539989179
847.342,5.831015205509038
847.46,9.598091670468154
847.578,4.880575857736698
847.696,6.007147888629209
847.814,1.9645378077549438
847.932,3.4642926031289463
848.05,-1.2179443707664426
848.168,-1.396603934858962
848.285,0.2198069258479025
848.403,-1.1424815669402566
848.521,-3.37404692064482
848.639,-3.75960488759762
848.757,-0.6534974096807122
848.875,3.781513901568168
848.993,8.80262183396375
849.111,16.17720937892005
849.229,16.95049077094756
849.347,9.63260507021014
849.465,8.035228232162611
849.582,-1.1782753787568634
849.7,-2.002499419080161
849.818,-7.090122279719592
849.936,-6.016526498677881
850.054,-3.0588048114561808
850.172,-4.837454514408931
850.29,-5.1706956428776625
850.408,-4.657996158400801
850.525,-4.785428993906375
850.643,-1.092523020256571
850.761,-4.323655303043271
850.879,0.21417703502952068
850.997,1.6753741673425282
851.115,-4.175276608702969
851.233,-9.009167233131084
851.35,-4.538409016753077
851.468,-1.1211904750710304
851.586,6.171870523998267
851.704,6.64406024133712
851.822,13.697514703926188
851.94,16.67366654404813
852.057,10.043382027029915
852.175,5.436208767957647
852.293,11.444227093675625
852.411,10.509170365748265
852.529,15.262625839613236
852.647,11.766310991241124
852.764,16.15371696358246
852.882,20.730540623970416
853.0,20.29086435042904
853.118,13.71538893291082
853.236,13.02471399377856
853.353,4.952308684735935
853.471,3.3252120128233025
853.589,-6.979709537457626
853.707,-8.032173364229278
853.824,-3.7993170321033887
853.942,4.377074423031363
854.06,5.89889534228659
854.178,13.691254242895141
854.296,13.116824285160614
854.413,14.203727890051432
854.531,6.321722579428811
854.649,-0.230980465644417
854.767,-2.485207860914991
854.884,5.3042297005898265
855.002,5.332773638552858
855.12,8.684568657546656
855.238,10.496396969611329
855.355,11.891392733457039
855.473,12.17420809919677
855.591,8.278826792542391
855.708,6.455648109699968
855.826,13.035750342261654
855.944,8.80049705698965
856.062,9.761545344671525
856.179,8.296478405193861
856.297,5.256344749353753
856.415,6.155942109593475
856.532,-1.7845489933749796
856.65,-8.4618077024799
856.768,-5.643288880081617
856.886,-8.795275540984637
857.003,0.5859535554915132
857.121,6.9649631741492
857.239,15.775864898279195
857.356,17.48707948199996
857.474,9.074963189203721
857.592,2.635934612522204
857.709,6.17000913664977
857.827,-1.0618593157036826
857.945,3.3286793837011217
858.062,7.282895098165416
858.18,14.24328670231823
858.298,18.60569905581813
858.415,19.38313015760165
858.533,18.23516853034934
858.651,21.611464043676957
858.768,14.095348518771381
858.886,15.154254870171979
859.003,15.592276272313393
859.121,12.77941782401022
859.239,13.940783914098974
859.356,9.00778337325759
859.474,6.342865953577288
859.592,7.835762234908628
859.709,12.63705357439693
859.827,21.783074390762074
859.944,28.821020389406257
860.062,25.674879922761683
860.18,24.051086484832595
860.297,18.50275671794979
860.415,14.536162986478628
860.532,11.569644075736958
860.65,13.125898827538721
860.768,14.788696096904037
860.885,22.67300462218848
861.003,19.164110751858146
861.12,22.329921448362775
861.238,15.728392365820014
861.356,8.766394725618548
861.473,14.202706807035508
861.591,25.886434263276996
861.708,34.31835110958468
861.826,44.75652742886298
861.943,42.7055068608572
862.061,43.04951854558672
862.178,30.718974825098208
862.296,16.508560915253607
862.414,19.913833734324996
862.531,23.091437854162578
862.649,15.857467673389845
862.766,13.639439629118442
862.884,8.184665974941796
863.001,0.9922395247978404
863.119,4.600172066394412
863.236,5.249569061342178
863.354,20.94439804650132
863.471,23.459996547895184
863.589,21.355693164730493
863.706,22.639211419479004
863.824,27.54135481800302
863.941,25.41061183604247
864.059,33.61922677922155
864.176,34.63575429235751
864.294,38.86908467173853
864.411,33.28206056206716
864.529,27.79154568739391
864.646,21.60218533020169
864.764,26.725814565391822
864.881,20.25443307449044
864.999,20.77106476983369
865.116,16.23738268266245
865.233,13.102614679644088
865.351,12.497195010683132
865.468,10.044704251871403
865.586,18.3631526928402
865.703,29.89707919705333
865.821,35.88267436447538
865.938,44.43378056497227
866.056,45.860189401574104
866.173,39.26642526666439
866.29,29.192512362106246
866.408,24.656428688914566
866.525,21.385335695275558
866.643,12.597452445969962
866.76,11.442063981836121
866.878,14.398331696165332
866.995,19.16966562907401
867.112,16.89880521936898
867.23,21.555540692609174
867.347,30.470629860020658
867.465,29.505185353634833
867.582,27.257220106196787
867.699,26.75169310401072
867.817,26.147440207944186
867.934,27.807200445986705
868.051,22.789533116641927
868.169,25.520625095329187
868.286,20.428793312096488
868.404,14.510220968178036
868.521,10.871835726275432
868.638,4.407406290047703
868.756,4.577043674029927
868.873,9.213414475019473
868.99,14.428431472817337
869.108,18.621452928189356
869.225,24.153556743394518
869.342,24.392895663716622
869.46,24.667326328648688
869.577,22.932981695650724
869.694,24.02686770316125
869.812,25.682323301892854
869.929,21.630469501946287
870.046,19.74468666829307
870.164,20.196832724611426
870.281,11.210738297546136
870.398,9.77629479258988
870.516,12.067553116786819
870.633,15.185600783507383
870.75,22.461813145466063
870.867,27.14523359944482
870.985,33.81556701463335
871.102,24.839421140559242
871.219,20.66417042244421
871.337,19.192418794096405
871.454,24.49660433327875
871.571,28.761195458612452
871.688,26.04452328261056
871.806,32.43658702447552
871.923,33.82563936196142
872.04,26.69707859034183
872.157,24.27503116633425
872.275,23.415376953982562
872.392,27.143774958285782
872.509,28.733366302641144
872.626,19.727814853289637
872.744,28.738067237671164
872.861,28.04815533123852
872.978,23.802920655365465
873.095,22.38455745568389
873.213,25.078533338345597
873.33,23.116518016350792
873.447,24.879790825733927
873.564,26.580636164379154
873.681,36.59171201539519
873.799,44.342433209499404
873.916,41.163333105378776
874.033,42.83615060107895
874.15,44.85183620787245
874.267,37.87952212935492
874.385,33.24457247529985
874.502,32.8372110668132
874.619,37.32951038968051
874.736,42.65981556704628
874.853,35.266196297372424
874.97,35.341367056024566
875.088,39.360389381131256
875.205,41.10850081484105
875.322,46.385807544842066
875.439,50.5969756010885
875.556,56.309571666768505
875.673,54.461855286096025
875.791,52.06219591492423
875.908,52.99067507189086
876.025,53.0022711119745
876.142,55.580100918291926
876.259,58.19256275924138
876.376,52.701218628281424
876.493,45.08081008032609
876.61,43.580209407227755
876.728,47.91462742998513
876.845,55.275137308267546
876.962,54.97369618543605
877.079,61.62669497209342
877.196,65.9315817227076
877.313,59.9259960395556
877.43,47.9815326622225
877.547,46.59849885465776
877.664,46.52169991866421
877.781,45.404508457967275
877.898,44.028777798128175
878.016,43.29964718134942
878.133,48.784935705868264
878.25,55.6328912437061
878.367,55.69914094107426
878.484,59.76279323584484
878.601,64.22211652628633
878.718,61.08194140659211
878.835,56.489195241418415
878.952,44.67205953810387
879.069,42.40829559023284
879.186,38.12128693776006
879.303,40.63674932372026
879.42,44.52212463362194
879.537,54.43896184782865
879.654,62.581012279654225
879.771,63.95023412051418
879.888,56.93838354495033
880.005,52.24726069495207
880.122,44.87812832253632
880.239,34.830986427703166
880.356,22.10583501045258
