wavelength_nm,intensity
792.446,0.1689462444547851
792.565,0.2007107962634802
792.684,0.22193142011814476
792.803,0.23260811601877868
792.922,0.23274088396538187
793.041,0.21692570969891228
793.16,0.19222369498493647
793.279,0.1614473672977157
793.398,0.14190249022855772
793.518,0.12702602122780227
793.637,0.123609220180352
793.756,0.12296619272004632
793.875,0.14507241466178367
793.994,0.173888082726733
794.113,0.201537545855302
794.232,0.22157474082375644
794.351,0.2277940220414006
794.47,0.21722354049804934
794.589,0.1946415069422689
794.708,0.16661383458202456
794.827,0.15181343802634992
794.946,0.14279957094885037
795.066,0.1372764243701531
795.185,0.14666275936271816
795.304,0.14866073754295375
795.423,0.15244498285343588
795.542,0.15808654408721168
795.661,0.16121986762704954
795.78,0.16596075981765163
795.899,0.16210690104327483
796.018,0.15409919970165536
796.137,0.1536987428681168
796.256,0.14442723420774928
796.375,0.14486859792213322
796.494,0.14034731109185866
796.613,0.131670746365189
796.732,0.12619353031937075
796.851,0.11941734139056885
796.97,0.11204836152179767
797.089,0.10705126307748006
797.208,0.10942888581854349
797.327,0.11798847121928699
797.446,0.12332215434985844
797.565,0.13040478605271222
797.684,0.13711351451134812
797.803,0.150467099281335
797.922,0.1534533015830449
798.041,0.1518665452049914
798.16,0.1530105025395084
798.279,0.14877341088142254
798.398,0.14141591364587106
798.517,0.13356035719441317
798.636,0.12649494944138895
798.755,0.129687121476478
798.874,0.13171093558145805
798.993,0.1373209195738796
799.112,0.14584318641665894
799.231,0.1497085278242555
799.35,0.14938844942325513
799.469,0.1512113174468896
799.588,0.15149694794823074
799.707,0.15609933087561967
799.826,0.15781526687739525
799.945,0.1553752073181995
800.064,0.1514280521489123
800.183,0.1454133053354948
800.302,0.13596022753734
800.421,0.14155155225077948
800.54,0.14203597583973743
800.659,0.14732588143115855
800.778,0.15043552203998062
800.897,0.15568523841513252
801.016,0.16044550754929293
801.135,0.16767095450281722
801.254,0.16988064373304185
801.373,0.17658004255218668
801.492,0.17431078716213466
801.611,0.17568726781935157
801.729,0.17934448649984028
801.848,0.1943709473970287
801.967,0.20713102356247004
802.086,0.22145776149783028
802.205,0.22073650859871502
802.324,0.21682093067078204
802.443,0.19553499933968033
802.562,0.17238457543952257
802.681,0.14852560362308811
802.8,0.1266048106326439
802.919,0.10431581494144185
803.038,0.09527716375792128
803.157,0.08786054239744193
803.276,0.08439493152357418
803.394,0.07725917988452796
803.513,0.07271484469339365
803.632,0.05860541529427818
803.751,0.0442710540040922
803.87,0.04396472359152585
803.989,0.04570235064037311
804.108,0.04923848499567629
804.227,0.0485224120007365
804.346,0.04530526902639591
804.465,0.039738266203112146
804.583,0.03018474788605306
804.702,0.03446731924450485
804.821,0.0507505696137977
804.94,0.057179200882724865
805.059,0.062305986449402426
805.178,0.06688558262483241
805.297,0.07074705172370493
805.416,0.07524593762062613
805.535,0.08131572181613825
805.653,0.08380509011106413
805.772,0.08649845746724172
805.891,0.08536999775341395
806.01,0.08358564849227129
806.129,0.08961854395010935
806.248,0.10583615498447188
806.367,0.12458701863527741
806.485,0.1443928608076418
806.604,0.16753097679254825
806.723,0.1953977846702609
806.842,0.2219483957151604
806.961,0.24413417080740452
807.08,0.26218619794054066
807.198,0.2729331173521905
807.317,0.27137208928142664
807.436,0.2665442520596455
807.555,0.26568007629240487
807.674,0.2568089168481211
807.793,0.2494785832490119
807.912,0.24492274090162341
808.03,0.2448322075475633
808.149,0.25294816862273956
808.268,0.270039960552875
808.387,0.29631785905880625
808.506,0.3278698745354815
808.624,0.34726465209075197
808.743,0.36304096485265036
808.862,0.37484428652051693
808.981,0.37381289490701386
809.1,0.36754972853276463
809.219,0.35654495230333716
809.337,0.34042466297451357
809.456,0.32425341946077757
809.575,0.30318842120170164
809.694,0.2868442205250935
809.812,0.27685206901273274
809.931,0.2607597686023825
810.05,0.2552042195003004
810.169,0.26056434860273814
810.288,0.26968288709091354
810.406,0.27968917665989035
810.525,0.29062627718424267
810.644,0.29505631299588087
810.763,0.29841056960774415
810.882,0.29698087415443136
811.0,0.3002310694027408
811.119,0.30316549223750733
811.238,0.3138499748310253
811.357,0.32277043789615995
811.475,0.32490681772215413
811.594,0.3271673535198367
811.713,0.3353213508175532
811.832,0.33865335982755324
811.95,0.34738579477371456
812.069,0.3521933221524518
812.188,0.37130892818756744
812.307,0.37813883434213236
812.425,0.3772280103774368
812.544,0.377567358104541
812.663,0.38128618832113126
812.782,0.3769643046255954
812.9,0.3792750769436146
813.019,0.38582652924260097
813.138,0.3985778858156732
813.257,0.4084944673126211
813.375,0.41770271387282604
813.494,0.4237489303101438
813.613,0.43898268865240986
813.731,0.4505003798189359
813.85,0.4558554852693403
813.969,0.46445371693974624
814.088,0.46568440407053346
814.206,0.47037638745249766
814.325,0.47116499320432487
814.444,0.47260452072679626
814.562,0.4794344268813615
814.681,0.4889613165134141
814.8,0.4923758569496811
814.918,0.49495001216717804
815.037,0.4878780378155131
815.156,0.48459317943263525
815.274,0.47723055092759564
815.393,0.4721730610414199
815.512,0.46779448184436145
815.631,0.46472922882181145
815.749,0.4568068219473094
815.868,0.45103597347235713
815.987,0.4461471347615964
816.105,0.4474517413437355
816.224,0.4475858370020368
816.343,0.45043342242307893
816.461,0.45281524353414504
816.58,0.44821347065387784
816.698,0.4329579671394163
816.817,0.41739530318632656
816.936,0.403402171661461
817.055,0.3881007376141206
817.173,0.3688959259366434
817.292,0.3555939053986913
817.41,0.3435750691230456
817.529,0.33410035377014974
817.648,0.3221109417421299
817.766,0.3168237991915598
817.885,0.32482278094081063
818.004,0.32768041366592093
818.122,0.32975435667378383
818.241,0.3345331774694731
818.359,0.3314062052933683
818.478,0.33792033903439156
818.597,0.3459473097021162
818.715,0.36300568293323354
818.834,0.38561279481981414
818.953,0.38124762273496515
819.071,0.39816518889020736
819.19,0.40804842571635336
819.308,0.4946994528701957
819.427,0.5997891972180922
819.546,0.7308094950971762
819.664,0.8383799614919304
819.783,0.8954174982609153
819.901,0.8616737314381715
820.02,0.7783118744571124
820.138,0.6480853612684245
820.257,0.5561185669399922
820.376,0.45090456686630886
820.494,0.38693652389701794
820.613,0.3457594691850184
820.731,0.331062982854448
820.85,0.3179811059252571
820.969,0.3135955294985823
821.087,0.3164877895394971
821.206,0.32221033925293485
821.324,0.33157718968448924
821.443,0.3450053039529518
821.561,0.36935268474881533
821.68,0.3971068192880615
821.798,0.4115102397156257
821.917,0.4122801861884716
822.035,0.39917552340898454
822.154,0.3805204427969035
822.273,0.35438299131300616
822.391,0.33223575487297013
822.51,0.3187736951345185
822.628,0.30714813904664984
822.747,0.30144618637101706
822.865,0.30091500696715057
822.984,0.3023322868877594
823.102,0.29277001645656364
823.221,0.28800676904664474
823.339,0.2856125324028745
823.458,0.28891942315270747
823.576,0.28610463506726413
823.695,0.2962903407803008
823.813,0.3066152734211268
823.932,0.3152859892137334
824.05,0.3062992857726775
824.169,0.3036438192231583
824.287,0.30013576715707313
824.406,0.2952081745591969
824.524,0.2926639460189939
824.643,0.29603973256814564
824.761,0.2943366069112888
824.88,0.2940149855636824
824.998,0.2928214017559516
825.117,0.29046591899929797
825.235,0.2902174994384674
825.354,0.28791584152503125
825.472,0.2897737674954475
825.591,0.29161734017433893
825.709,0.2900799950345916
825.828,0.28888712889143664
825.946,0.28815213274791895
826.064,0.27835518600029396
826.183,0.276301122365658
826.301,0.27921616825686657
826.42,0.27314461832447257
826.538,0.27025160480021904
826.657,0.2713610066176228
826.775,0.2720620572911495
826.894,0.271196446194757
827.012,0.2658418431740205
827.13,0.26588407776656386
827.249,0.27200995497184305
827.367,0.25857947247474455
827.486,0.25133812928308835
827.604,0.24725163956855706
827.723,0.24944686788980236
827.841,0.2436573601358676
827.959,0.23827261520292886
828.078,0.23509468884190976
828.196,0.2495196392067592
828.315,0.25081419848483055
828.433,0.26797345088513175
828.552,0.29361908689940064
828.67,0.31560176291657105
828.788,0.32017784346947264
828.907,0.3167225397497391
829.025,0.29616887750122933
829.143,0.2741152962883904
829.262,0.23644246323839363
829.38,0.20490217593753346
829.499,0.18024609808327605
829.617,0.15056789679470856
829.735,0.13362096021786218
829.854,0.11735674639471926
829.972,0.10720796899542528
830.091,0.10393551364378417
830.209,0.11075994977535478
830.327,0.12055219726094199
830.446,0.13478836784185966
830.564,0.15071630209542036
830.682,0.17148117917015004
830.801,0.18942281795069263
830.919,0.2167277056361572
831.037,0.23323246081166688
831.156,0.24964391959226623
831.274,0.25104398843177816
831.392,0.23964379188957963
831.511,0.23057528755556544
831.629,0.21414856832142362
831.747,0.19464163272608498
831.866,0.19447432213110133
831.984,0.1896744866965268
832.102,0.19253428528409822
832.221,0.18866454314032294
832.339,0.18012065161153523
832.457,0.1838107881138093
832.576,0.18272845518412706
832.694,0.1789778453600066
832.812,0.18195031728604683
832.93,0.18205069557799844
833.049,0.18192828782615028
833.167,0.1724541996648412
833.285,0.1673055390479652
833.404,0.1662511318579904
833.522,0.16820153456019854
833.64,0.1763970314242811
833.759,0.18069351978915443
833.877,0.1941296732158131
833.995,0.19881144411640161
834.113,0.19621250789109568
834.232,0.20595955537074406
834.35,0.21368350640998846
834.468,0.23572917173255933
834.586,0.2601682484168706
834.705,0.28867576558385255
834.823,0.31171396101535487
834.941,0.3141415474819921
835.059,0.29903371769292675
835.178,0.28833378373109103
835.296,0.2660902150605307
835.414,0.25161823608600886
835.532,0.24407100260756925
835.651,0.24537400868324785
835.769,0.2500349673111254
835.887,0.25745391090547043
836.005,0.2726121492899233
836.124,0.2903575684716999
836.242,0.29751743515402446
836.36,0.3142035814212797
836.478,0.33213559339287724
836.596,0.3411290930674799
836.715,0.34880926656757427
836.833,0.3566918214781666
836.951,0.3629653724088421
837.069,0.36039227210828045
837.188,0.3593341617281489
837.306,0.36961873997539635
837.424,0.3855089962276077
837.542,0.39477664377033145
837.66,0.4056217180516176
837.779,0.420978031859111
837.897,0.4259978227751057
838.015,0.43009756770436836
838.133,0.4305996601129699
838.251,0.4329475858116454
838.369,0.44177386963998544
838.487,0.4368540061751387
838.606,0.4436952297856154
838.724,0.443694956990853
838.842,0.44252632626598154
838.96,0.4409758979865537
839.078,0.43491207718719005
839.196,0.4362294365543934
839.315,0.44140998433546463
839.433,0.4420749866028712
839.551,0.45171438439608436
839.669,0.45388074095697245
839.787,0.45890196720211945
839.905,0.4483304951994293
840.023,0.4398876163298493
840.142,0.43634566885137127
840.26,0.4309133928790928
840.378,0.4247081921582102
840.496,0.4203768136458746
840.614,0.424671045675296
840.732,0.4264491457004408
840.85,0.42136924303509316
840.968,0.415919743112985
841.087,0.4201867038885094
841.205,0.41741983415236417
841.323,0.4167184030666204
841.441,0.4095027306224004
841.559,0.40933237132307
841.677,0.41458827388464514
841.795,0.4210103813826007
841.913,0.43055576511632676
842.031,0.4516089003299656
842.149,0.46807687656604524
842.267,0.4796733456586482
842.385,0.4849163302578513
842.504,0.489063441049145
842.622,0.5028774936823113
842.74,0.5124429720241718
842.858,0.525974982478878
842.976,0.5385646993449886
843.094,0.5379996245287295
843.212,0.5329154158759245
843.33,0.5307592786941547
843.448,0.5292849228598072
843.566,0.5262352932806258
843.684,0.5231504981372088
843.802,0.5289690497265511
843.92,0.5328298123519268
844.038,0.5258868524466751
844.156,0.5331148972637411
844.274,0.5403343301058919
844.392,0.54593829998694
844.51,0.547366179698882
844.628,0.5528302049875642
844.746,0.5559058425665396
844.864,0.5529782159653169
844.982,0.5418950491197708
845.1,0.5371280482096603
845.218,0.5216836337343398
845.336,0.49474151508317377
845.454,0.4697012075590279
845.572,0.4438822339696681
845.69,0.41364101126155406
845.808,0.38242017640688053
845.926,0.35922929049568975
846.044,0.3440331879637461
846.162,0.3378990360359098
846.28,0.32273738140362546
846.398,0.31176904089027657
846.516,0.2988106165070307
846.634,0.2836791037869483
846.752,0.26083126154319747
846.87,0.23803293815520687
846.988,0.22027190242780292
847.106,0.20708454304473853
847.224,0.18787884852537529
847.342,0.1825003973963133
847.46,0.1726698792420468
847.578,0.16639302006545692
847.696,0.16003928167179726
847.814,0.14775387873401552
847.932,0.14140301090488022
848.05,0.13067037838629286
848.168,0.12926178609787886
848.285,0.14068474368841993
848.403,0.14181035841721285
848.521,0.14433833985801808
848.639,0.15161559270357008
848.757,0.15783928508020567
848.875,0.16661624054760732
848.993,0.17760288524523363
849.111,0.1904805761012366
849.229,0.2008148636990662
849.347,0.20563892268057077
849.465,0.21238488739723016
849.582,0.2218773544471372
849.7,0.23441056630654777
849.818,0.25188776943163466
849.936,0.26728518061479545
850.054,0.28249456367898296
850.172,0.2924728896470007
850.29,0.30400208876426027
850.408,0.31183244465560955
850.525,0.31359925254235727
850.643,0.31848574834199445
850.761,0.3231009669318152
850.879,0.32663753566355624
850.997,0.33595058656940524
851.115,0.3377712192993708
851.233,0.33814575790822504
851.35,0.33552045858842094
851.468,0.3311993178749757
851.586,0.33412013040030825
851.704,0.34188733180894937
851.822,0.3571031738543238
851.94,0.3789093297032553
852.057,0.4030809079954544
852.175,0.4315168491996361
852.293,0.47192989451658773
852.411,0.5219051026472816
852.529,0.5773309732344731
852.647,0.6367822244297612
852.764,0.6919475827757795
852.882,0.7335074560855526
853.0,0.7722160480339479
853.118,0.7969617579871335
853.236,0.8144231724915434
853.353,0.8334706257094308
853.471,0.8470989937121748
853.589,0.8526923891194025
853.707,0.8413804777688612
853.824,0.8171247681213626
853.942,0.7961394559477626
854.06,0.7623811496463488
854.178,0.729113008250503
854.296,0.7079095260457275
854.413,0.6867534097029833
854.531,0.6587557969549998
854.649,0.6200771823189251
854.767,0.5777923031872741
854.884,0.5308447573038305
855.002,0.47874509742760274
855.12,0.4306851714509965
855.238,0.38504951641290874
855.355,0.3379024597772721
855.473,0.2967751736070866
855.591,0.2580369928111843
855.708,0.2259874458657833
855.826,0.19544786518877882
855.944,0.16450316220268438
856.062,0.1408170750165362
856.179,0.11440629241930075
856.297,0.08708128630845696
856.415,0.0707081675593012
856.532,0.06352414044023125
856.65,0.059582316927766873
856.768,0.05653834716512511
856.886,0.046605457648435614
857.003,0.04314635580501734
857.121,0.028062718309631172
857.239,0.023418734688854845
857.356,0.020461615081689744
857.474,0.018063436112772453
857.592,0.013273381441655754
857.709,0.01692596252821687
857.827,0.02311529832663461
857.945,0.02894341929597917
858.062,0.03087600476261576
858.18,0.0438234578458062
858.298,0.05175202607862395
858.415,0.05389991847308016
858.533,0.05836269281847087
858.651,0.07391673382444772
858.768,0.08452971447632379
858.886,0.08809228309708668
859.003,0.08851576370346005
859.121,0.07847650864883458
859.239,0.07251954484098577
859.356,0.06187334801506712
859.474,0.05551452419722227
859.592,0.06067876552553618
859.709,0.05852452213600082
859.827,0.05900179085807997
859.944,0.05217092679882029
860.062,0.04314979327347905
860.18,0.03907265603522281
860.297,0.038546222721943774
860.415,0.04523943100927978
860.532,0.05480399883441224
860.65,0.06055763029077524
860.768,0.0670730367070719
860.885,0.06553487950933913
861.003,0.06494699994491572
861.12,0.06757157108491074
861.238,0.07536959955550532
861.356,0.08262797555421039
861.473,0.08785165293333355
861.591,0.09771528167943092
861.708,0.10208780218478583
861.826,0.10758794171221053
861.943,0.10761594635043634
862.061,0.10572489742441718
862.178,0.09659466051648491
862.296,0.08489559044842884
862.414,0.08030412872858733
862.531,0.07747425063948829
862.649,0.07653265912980445
862.766,0.08545414405551965
862.884,0.09232599930221119
863.001,0.09570412576267345
863.119,0.09647594258526854
863.236,0.10116379408830128
863.354,0.10411296349052401
863.471,0.10209807710011631
863.589,0.10113528697846773
863.706,0.10395315384442022
863.824,0.10740687152491613
863.941,0.10973313815614831
864.059,0.12114001467046995
864.176,0.13176176613839155
864.294,0.146136185675441
864.411,0.1518297344983634
864.529,0.14828335190227265
864.646,0.14469606242533656
864.764,0.14386173426283438
864.881,0.1361851920305167
864.999,0.1400092246323496
865.116,0.14376364377028786
865.233,0.15527673464189223
865.351,0.16460956053089754
865.468,0.1764197645370627
865.586,0.19314453556127872
865.703,0.2170667646205459
865.821,0.23190910146130006
865.938,0.2449278526138436
866.056,0.2559249426551359
866.173,0.2527861935383462
866.29,0.25088685114471265
866.408,0.2505512998626932
866.525,0.25077122096267873
866.643,0.2558174363378382
866.76,0.25475273784636476
866.878,0.24976313178746729
866.995,0.24552133221700573
867.112,0.23659390062831204
867.23,0.23139114819027307
867.347,0.23193904200159754
867.465,0.2293270586837635
867.582,0.22926924359274647
867.699,0.22571137836343608
867.817,0.22559399711259182
867.934,0.22749181799181276
868.051,0.23752436684264666
868.169,0.2373998089460403
868.286,0.2414613885226071
868.404,0.24384219766163384
868.521,0.25558781185593865
868.638,0.26575671697625747
868.756,0.2799179901341662
868.873,0.29055696555191823
868.99,0.3085620501801366
869.108,0.3160842083433042
869.225,0.3332001065615685
869.342,0.36361720003575454
869.46,0.40660562389183225
869.577,0.439444117646232
869.694,0.47070590232664533
869.812,0.49067954088747334
869.929,0.5156402305885517
870.046,0.5381544017492479
870.164,0.5577239951536559
870.281,0.5813864296363267
870.398,0.595841945270491
870.516,0.5959929705711584
870.633,0.5917676772859508
870.75,0.5766460827397815
870.867,0.5621940692432386
870.985,0.5506012314184119
871.102,0.5353339509632669
871.219,0.5179509953373835
871.337,0.5012928809334968
871.454,0.49308096092730824
871.571,0.4751827221356891
871.688,0.45513794859655393
871.806,0.43408485632780996
871.923,0.4190436402141785
872.04,0.3947696693272963
872.157,0.37158654859628976
872.275,0.35743380122803614
872.392,0.3481970562069858
872.509,0.32967875522150053
872.626,0.3102009366975904
872.744,0.2903212260109891
872.861,0.2773842024348758
872.978,0.2546180448226613
873.095,0.23686620960459404
873.213,0.22091499480829813
873.33,0.20773324761168943
873.447,0.1903445506691968
873.564,0.16948379250688383
873.681,0.1547231832425602
873.799,0.14113380256665053
873.916,0.12130432840038594
874.033,0.10999568574774823
874.15,0.10068645660449871
874.267,0.0969032446982514
874.385,0.08528912158953533
874.502,0.07750071839464724
874.619,0.0655578875620369
874.736,0.05876131290142624
874.853,0.0521584606268808
874.97,0.08807063758152281
875.088,0.12754271364945036
875.205,0.16759788857183613
875.322,0.18575345641631397
875.439,0.1751761817939138
875.556,0.13570813517990896
875.673,0.09829662104514417
875.791,0.05747019492919615
875.908,0.05421399857827516
876.025,0.0530810292374641
876.142,0.061751433306571846
876.259,0.06494745271060323
876.376,0.05886717120229338
876.493,0.04954185795837694
876.61,0.04856776687607252
876.728,0.04213666326434108
876.845,0.04274676294620402
876.962,0.04527016833136567
877.079,0.04627816920444776
877.196,0.04887348152681082
877.313,0.04854597369638387
877.43,0.051205618689211495
877.547,0.056306413965738177
877.664,0.053530628025704866
877.781,0.059056227292239666
877.898,0.06436406222071922
878.016,0.06657111693516397
878.133,0.07260940091926375
878.25,0.07622082879812012
878.367,0.07412979549064219
878.484,0.0704223822858588
878.601,0.06052672833377649
878.718,0.06141377850048596
878.835,0.061821917787454245
878.952,0.06146955153335415
879.069,0.06106953285542446
879.186,0.06074707231110969
879.303,0.05286214392761566
879.42,0.04822615781761065
879.537,0.04278185616591636
879.654,0.04224019991956123
879.771,0.036451860408587375
879.888,0.032208416674597916
880.005,0.030002241376879173
880.122,0.02872596512440284
880.239,0.028379587917168957
880.356,0.028963109755177515
