wavelength_nm,intensity
792.446,124.58488521302102
792.565,152.16185490999072
792.684,169.65873802687383
792.803,177.07553456367037
792.922,174.41224452038023
793.041,155.40185490999062
793.16,125.27717958531535
793.279,98.76549127362708
793.398,78.20272071085652
793.518,61.57847828661418
793.637,70.72999343812931
793.756,80.90834841648422
793.875,94.81397612211185
793.994,118.81137871951447
794.113,142.7334566415924
794.232,162.22436573250152
794.351,169.89189820003395
794.47,163.02263413076992
794.589,149.16375967189546
794.708,124.343846251982
794.827,104.8451449532807
794.946,93.03042633856208
795.066,85.67285058098633
795.185,93.39752590566167
795.304,99.55856486670062
795.423,106.02003672817249
795.542,105.46678997492575
795.661,100.52999343812925
795.78,97.29709300522886
795.899,91.35856486670075
796.018,81.01657352470946
796.137,79.61830512644107
796.256,74.77847828661422
796.375,81.53778564592153
796.494,75.87868073763951
796.613,70.87918112174751
796.732,66.98437664473664
796.851,61.83500086818129
796.97,58.31245271376068
797.089,51.99507351953581
797.208,50.29840678020954
797.327,56.18169165361968
797.446,62.83444304731927
797.565,79.88199963582406
797.684,95.72262981740236
797.803,116.82040285612356
797.922,129.9086520853209
798.041,134.04019135780817
798.16,128.16393842250332
798.279,112.86777206728482
798.398,91.28848882894934
798.517,72.96634844775659
798.636,57.98619940855505
798.755,55.64241400571703
798.874,53.3575030617534
798.993,66.07865272385038
799.112,75.3946075807526
799.231,86.35125507834744
799.35,87.4897207577605
799.469,92.78403059301777
799.588,95.45409800403247
799.707,97.12676281764449
799.826,88.6548388866678
799.945,83.76473313750941
800.064,78.6079607216846
800.183,78.91352596819772
800.302,73.23727303289273
800.421,76.25452659109425
800.54,79.13844681596225
800.659,83.47604669450983
800.778,86.71494527435598
800.897,93.11748021783852
801.016,98.00226624357231
801.135,108.43683581908978
801.254,113.31989024309209
801.373,114.42199228614184
801.492,101.078206883304
801.611,99.18983273587735
801.729,100.32310361009561
801.848,110.4381926661321
801.967,119.38098734987427
802.086,129.91945302928752
802.205,137.99731264809486
802.324,129.7349125266423
802.443,110.12705785973512
802.562,102.32612959975441
802.681,85.97628359085601
802.8,78.1303336858536
802.919,64.41185668942339
803.038,45.1005920825731
803.157,24.6610377740025
803.276,7.5399138491728115
803.394,-7.164028761238973
803.513,-16.076275592063585
803.632,-26.637360463407568
803.751,-33.74924150245562
803.87,-32.46044044984326
803.989,-30.952336929224586
804.108,-34.54910276229582
804.227,-25.03686011097973
804.346,-22.8907797334128
804.465,-17.2734891317693
804.583,-14.85849173636622
804.702,-10.764826823602773
804.821,4.2114424426420065
804.94,7.199763267678109
805.059,12.100879736633772
805.178,20.49837062017994
805.297,20.029743930264956
805.416,29.98217057981859
805.535,27.25428593629564
805.653,25.04120863718039
805.772,20.806749234409747
805.891,17.659414504102834
806.01,25.391621616639494
806.129,35.47930632202216
806.248,48.93519583652177
806.367,71.62795692364679
806.485,88.3248937846367
806.604,110.34856976925238
806.723,139.29032257483175
806.842,165.51346066179622
806.961,185.5573779695399
807.08,196.79956367555206
807.198,208.54477968459446
807.317,211.2423766460181
807.436,201.06205152951986
807.555,194.85228918358447
807.674,186.0529164480385
807.793,174.7894744484234
807.912,168.56239608517194
808.03,166.32146490806764
808.149,176.79741684784625
808.268,190.98678870104493
808.387,203.14326012134325
808.506,224.6079566498667
808.624,242.9479778537149
808.743,266.2810726506368
808.862,282.06957870297003
808.981,291.6840587812774
809.1,287.54442630547214
809.219,277.73033495520815
809.337,257.05390594260655
809.456,233.93505268758082
809.575,209.59801761437328
809.694,190.28349336367663
809.812,170.47632842033929
809.931,155.75314616098467
810.05,158.05853533020155
810.169,169.09639203188596
810.288,183.03727903660075
810.406,194.31582837897798
810.525,196.8056331326107
810.644,198.2322344230402
810.763,196.26056731520146
810.882,197.94604306450572
811.0,211.40381318610443
811.119,220.27630192242182
811.238,231.9210850310335
811.357,232.17192874570577
811.475,227.88337852098405
811.594,230.41301011444403
811.713,234.6396114048735
811.832,247.92681875590898
811.95,262.29627718919556
812.069,274.9280732848199
812.188,280.373722194297
812.307,284.1933970778001
812.425,289.6710806193118
812.544,296.2431364551958
812.663,290.13034380623105
812.782,285.54222648194184
812.9,281.84415244769593
813.019,283.8032212705931
813.138,281.2670519982521
813.257,291.8832636782921
813.375,311.3531550120117
813.494,327.94079526348025
813.613,340.7327645192778
813.731,348.5524394027811
813.85,360.34700606117616
813.969,364.9987155767143
814.088,369.6002086420359
814.206,370.29261079826665
814.325,375.87938524886965
814.444,369.5752506085635
814.562,367.42176531890686
814.681,370.54879950976954
814.8,378.7528899776885
814.918,372.76044364907057
815.037,380.30565965811485
815.156,378.3616981779817
815.274,387.03591851603
815.393,384.29022543416477
815.512,376.59994360771066
815.631,380.86723753883234
815.749,375.6401591755818
815.868,365.1256349248854
815.987,359.7885998516783
816.105,356.5745085014149
816.224,358.1474301381645
816.343,362.1567154112775
816.461,354.55907427746394
816.58,348.03416041637763
816.698,331.1083807544255
816.817,319.4414755513477
816.936,309.26288203658163
817.055,296.00376904129604
817.173,280.29876860012314
817.292,267.96779413297605
817.41,251.89655992556945
817.529,232.5482694411068
817.648,227.2441348008
817.766,231.35904777954067
817.885,237.48175296607363
818.004,229.20272655087496
818.122,233.77911139108755
818.241,235.1658858416896
818.359,246.21932695895833
818.478,252.6961446996035
818.597,270.1634386307247
818.715,275.85410918522246
818.834,278.4988922938328
818.953,294.91904625924485
819.071,325.0851059422265
819.19,356.71554196680927
819.308,389.751024191289
819.427,412.73720339263895
819.546,425.23851522949815
819.664,421.9083161382184
819.783,414.2021091366987
819.901,415.533956765659
820.02,403.31111822573126
820.138,393.10072716064485
820.257,375.24218244326204
820.376,346.9298126532119
820.494,312.8754399419696
820.613,280.49398121719946
820.731,247.10612900162607
820.85,223.35371163371346
820.969,209.3829103267391
821.087,203.99739040504608
821.206,204.13481420629688
821.324,215.04020337551304
821.443,236.94039773953463
821.561,263.1167825797467
821.68,282.59533192212336
821.798,296.5145739051928
821.917,296.4952877497341
822.035,286.769508087782
822.154,264.10779768989926
822.273,247.94392278985197
822.391,233.0337275434843
822.51,219.81011238369666
822.628,201.71290415031586
822.747,196.0823625836017
822.865,192.63710240216892
822.984,202.16413659303038
823.102,200.69809719081832
823.221,203.3775123340606
823.339,204.0145032348786
823.458,206.0748707590733
823.576,196.38978373781327
823.695,205.74712095897746
823.813,203.87328934897278
823.932,204.12846206797246
824.05,198.29705470039227
824.169,204.122790189955
824.287,204.62558195657408
824.406,209.96300575782527
824.524,207.45540791405497
824.643,216.28806981054447
824.761,206.05752824383057
824.88,203.54646719659746
824.998,202.79298190694018
825.117,212.304431682218
825.235,212.08514552675987
825.354,213.80092430636665
825.472,209.71843468770527
825.591,204.4281528612516
825.709,195.52315242007933
825.828,192.80170176245701
825.946,192.99280521738888
826.064,197.6497095381215
826.183,190.42609437833482
826.301,185.70810692417584
826.42,175.2888207687182
826.538,167.23317097689693
826.657,167.23206663962128
826.775,165.4153778867613
826.894,169.64284497805727
827.012,168.2677146667558
827.13,162.14886141173156
827.249,162.18325490995397
827.367,156.33279992332785
827.486,147.61308086743782
827.604,147.0552665734526
827.723,142.87061245262768
827.841,135.53530898115355
827.959,132.6458929555668
828.078,130.59976697327005
828.196,136.28004791738005
828.315,150.15340245456352
828.433,167.78779595278598
828.552,190.04383447265343
828.67,206.30420199685
828.788,208.5723617288387
828.907,207.1695257898317
829.025,193.55110543524023
829.143,171.066752652525
829.262,142.38150750247988
829.38,113.44632302132808
829.499,85.33084613931803
829.617,63.38269480757313
829.735,42.217608667021636
829.854,28.47541649175766
829.972,26.272824230251857
830.091,27.444189198136257
830.209,25.474818662705413
830.327,36.66066603009798
830.446,51.96087602706994
830.564,71.8049668395376
830.682,90.09385814041745
830.801,117.83227504090107
830.919,149.2674355225932
831.037,180.03099400751466
831.156,198.71855510111283
831.274,213.13338892198377
831.392,204.8010365956686
831.511,195.2089440096134
831.629,174.24628865299556
831.747,153.7052783180228
831.866,133.77638919517133
831.984,115.62845245327232
832.102,113.11081874167633
832.221,106.60530624220164
832.339,96.86169850463187
832.457,108.13367518264664
832.576,109.44028389529348
832.694,103.95381901486678
832.812,102.14614201322792
832.93,96.43936747448369
833.049,94.46602736376668
833.167,80.74542492556745
833.285,70.20512220072473
833.404,71.57535260309203
833.522,69.94313347365025
833.64,74.28733101557249
833.759,83.63190704747115
833.877,88.44851640599487
833.995,100.02052282929796
834.113,100.31070421058423
834.232,111.74807173905666
834.35,125.78197606406584
834.468,144.06436523755985
834.586,167.3354989997983
834.705,185.5546847100888
834.823,196.00590505241402
834.941,198.5766059142199
835.059,189.89709032580924
835.178,184.5941981140219
835.296,176.4601370710658
835.414,160.52607602810974
835.532,159.13660372974255
835.651,146.27959896384317
835.769,139.55592753127732
835.887,137.03745090390635
836.005,152.87222102978188
836.124,170.8230084716746
836.242,190.91145825122967
836.36,202.03021106108764
836.478,222.72991625189798
836.596,229.3716127846996
836.715,241.73885044304234
836.833,255.94072013601692
836.951,272.85687554327706
837.069,279.20333398084017
837.188,283.8675413361524
837.306,287.9005798602957
837.424,297.3630556138762
837.542,307.55713309905855
837.66,308.54341837644847
837.779,320.0318681560028
837.897,329.61555603079535
838.015,326.03820494454897
838.133,327.3508971483461
838.251,330.751901040455
838.369,341.6195715992305
838.487,347.0041252748889
838.606,350.9341334960017
838.724,359.4398992928718
838.842,363.72834907242583
838.96,356.9518637870449
839.078,352.6879326142181
839.196,346.6404516578416
839.315,349.83366334215776
839.433,348.32038151998046
839.551,348.15861484931827
839.669,343.01416419597217
839.787,342.674042546955
839.905,339.7235312875483
840.023,343.50375595887726
840.142,340.4303009765265
840.26,343.7300061673359
840.378,344.08858581701963
840.496,332.2584208779588
840.614,329.8654853761275
840.732,323.3954935972398
840.85,320.51944121229144
840.968,322.54035852431264
841.087,322.34655722161517
841.205,320.6505914167532
841.323,321.97973383699957
841.441,314.04653859490827
841.559,318.0371528766266
841.677,313.98794031851816
841.795,322.38374940543133
841.913,326.8367013494873
842.031,334.64203424592426
842.149,346.26295155794566
842.267,362.78083856693684
842.385,377.30218877939103
842.504,396.4434524117586
842.622,408.0617723211824
842.74,421.60823075874464
842.858,420.73737317899077
842.976,420.92365845637977
843.094,428.356696980522
843.212,435.403588318517
843.33,436.51628052231274
843.448,444.2965051936409
843.566,442.26634025457906
843.684,444.3625822419242
843.802,448.41986319030826
843.92,444.17151643306465
844.038,449.03139478404614
844.156,447.6800177237724
844.274,442.61522075007866
844.392,440.5123285382897
844.51,435.06831078537505
844.628,440.8719120800795
844.746,446.3196692189397
844.864,445.9250021153757
844.982,454.55804063951746
845.1,447.1218150943952
845.218,439.4873211510046
845.336,417.23551119029787
845.454,400.94387438976435
845.572,381.6652246022179
845.69,345.21774364584013
845.808,316.76679948599923
845.926,296.83100684131
846.044,273.64759514900186
846.162,257.35422674673686
846.28,235.39678908040273
846.398,224.2454120201292
846.516,212.28710855292928
846.634,189.21278776971212
846.752,180.19214664017477
846.87,166.23124577037777
846.988,149.6443708746067
847.106,134.24883797017748
847.224,113.15114056358371
847.342,97.3971661007129
847.46,87.79297518762566
847.578,80.02687951263377
847.696,84.90840288526118
847.814,78.67572971264782
847.932,75.12178497279231
848.05,69.70026585158737
848.168,73.84685386403169
848.285,80.82337069838621
848.403,90.29266999106545
848.521,99.43032563832608
848.639,101.4025538741889
848.757,102.4493301535555
848.875,107.3281410649567
848.993,106.98790435731026
849.111,121.41909622109236
849.229,137.93773397232036
849.347,150.76632843350512
849.465,164.4442735440406
849.582,165.24949138184883
849.7,175.67202523697304
849.818,180.82529502283313
849.936,179.36557779570623
850.054,196.60542766814638
850.172,209.96475806006703
850.29,217.05828758618662
850.408,227.13623269672172
850.525,233.24880984188871
850.643,239.33281555848424
850.761,240.99084724910563
850.879,241.94844603929403
850.997,253.0696811931187
851.115,252.7052020612291
851.233,253.67232466094117
851.35,252.55979358099944
851.468,251.43167808547298
851.586,251.21265349903743
851.704,257.7745812935541
851.822,269.7391064906682
851.94,286.99107757522813
852.057,308.10884952558905
852.175,338.2872275365562
852.293,378.5218826038004
852.411,419.9115160260228
852.529,467.7894611365572
852.647,519.8024711821565
852.764,578.5228405351152
852.882,619.4232964681607
853.0,652.2415013189552
853.118,676.5307018407455
853.236,696.1393828820162
853.353,707.5316137068368
853.471,717.3853163931292
853.589,721.9818762222787
853.707,722.845968518961
853.824,702.1646062701885
853.942,685.4122483504204
854.06,660.491925062687
854.178,625.2261472294991
854.296,596.8608022967439
854.413,576.2374487059803
854.531,548.220155721277
854.649,517.0972350309462
854.767,478.4992061155072
854.884,443.3141642130553
855.002,397.39189287337393
855.12,341.4302275942988
855.238,299.0880428347043
855.355,261.45538188463354
855.473,215.25778586962775
855.591,178.57057946501163
855.708,146.74527782230024
855.826,123.81954327915585
855.944,99.55784958745511
856.062,75.24172121170074
856.179,56.038366507980626
856.297,40.59803106604016
856.415,19.121648780971864
856.532,12.135641061462122
856.65,-1.8974083724908517
856.768,-4.336244250665466
856.886,-16.95731145395466
857.003,-26.240763130445316
857.121,-36.51223476344154
857.239,-33.95202768194868
857.356,-32.1247784360816
857.474,-25.79260370029523
857.592,-28.105618169144105
857.709,-17.804572583573606
857.827,-16.705880284227764
857.945,-15.334801053332
858.062,-20.18446647410223
858.18,-10.503688992481472
858.298,-7.057250607782789
858.415,-1.7010212706589547
858.533,1.9927796273350316
858.651,11.14590270941644
858.768,11.058243073481641
858.886,11.975955671423868
859.003,13.29312346748521
859.121,17.10764326132325
859.239,16.456439916682356
859.356,19.833585106555564
859.474,15.487462275155476
859.592,7.1256563412139595
859.709,-2.1758594311393713
859.827,-7.915449139052477
859.944,-14.277978950382543
860.062,-14.217012386157888
860.18,-11.774074527176186
860.297,-7.772676577044054
860.415,-10.93276838366944
860.532,-15.994974120737716
860.65,-21.074949623229223
860.768,-20.560880510351033
860.885,-17.93939704397005
861.003,-5.183154093868683
861.12,10.375102903504827
861.238,20.548325773522897
861.356,22.946202852283523
861.473,32.31447659062756
861.591,38.068922307168364
861.708,46.42723014077539
861.826,51.18320467315947
861.943,53.939579296931214
862.061,54.301913949068904
862.178,46.372191675541
862.296,36.543768103311706
862.414,34.137855353593345
862.531,31.26267853461102
862.649,24.995070659718415
862.766,18.114661091096526
862.884,21.34197365882307
863.001,24.71409273490461
863.119,25.267780116393602
863.236,31.73644472235774
863.354,38.667891511629605
863.471,41.25202711051146
863.589,46.248998340914255
863.706,45.74932495142528
863.824,55.205495717780515
863.941,59.8452162676855
864.059,60.49532642798016
864.176,71.33418117701922
864.294,83.0405683935908
864.411,89.40929327249998
864.529,101.84555061894159
864.646,98.34068242425772
864.764,100.64187483563447
864.881,95.78722309116716
864.999,95.32045013457854
865.116,92.5688286931412
865.233,91.61980465430116
865.351,93.10108364576396
865.468,101.9581202129843
865.586,110.81688838193615
865.703,138.8003318755632
865.821,160.55000913542403
865.938,187.21830111389949
866.056,199.02685283263457
866.173,203.77306688903192
866.29,197.7062939324424
866.408,190.1286984650304
866.525,183.58054022705565
866.643,183.59342095011976
866.76,183.45478652166872
866.878,186.32654170360723
866.995,182.91777740502607
867.112,182.27784427527604
867.23,171.71583322344816
867.347,168.07243689023505
867.465,168.71302324100446
867.582,172.50339314155735
867.699,167.2851050334522
867.817,166.3897606482908
867.934,172.53337730209034
868.051,175.42677750567344
868.169,179.92017770925668
868.286,184.20491990418174
868.404,194.83857984802438
868.521,203.58392810355525
868.638,205.06001228982205
868.756,226.1412912812836
868.873,245.88404213421694
868.99,256.0181349784922
869.108,275.0336131041528
869.225,283.6222514029735
869.342,306.54075983166433
869.46,337.0324284335152
869.577,369.43405374532284
869.694,404.89541931687074
869.812,419.1663086979423
869.929,437.1073279491437
870.046,461.02237317437107
870.164,473.0750807372608
870.281,495.50008267244493
870.398,512.0904525729973
870.516,526.5873159800431
870.633,520.8668633697731
870.75,501.6754150885074
870.867,487.83634775962287
870.985,473.1868908203486
871.102,455.3071308507713
871.219,443.0438210976441
871.337,429.74934251334815
871.454,424.19425786844613
871.571,406.03224681661754
871.688,384.1775950721484
871.806,366.77315977789556
871.923,348.1037894187076
872.04,331.1945922196928
872.157,306.92522186050473
872.275,287.82381686928187
872.392,271.33886209450895
872.509,252.28074714657558
872.626,227.57414735015732
872.744,218.2294523156437
872.861,209.02501702138989
872.978,194.12620943276377
873.095,177.30272651946245
873.213,169.57881070572807
873.33,152.5388775759763
873.447,132.7682085154884
873.564,106.77762603508712
873.681,90.52210848975074
873.799,72.2977597755833
873.916,59.92276171076657
874.033,54.859451957638186
874.15,59.09570930407686
874.267,48.01913586556706
874.385,37.940438073011386
874.502,28.621685145761912
874.619,20.231287446598834
874.736,15.169104706838489
874.853,18.37380533369259
874.97,15.712870047496862
875.088,16.917946510574804
875.205,13.858812521050108
875.322,15.918147842845382
875.439,14.9228801332974
875.556,8.171527933651355
875.673,2.7305322463186448
875.791,3.47938201989204
875.908,-6.72306770109115
876.025,-9.411862561469691
876.142,-1.868969091526683
876.259,9.230317682217033
876.376,7.599914283748024
876.493,3.7112994768943226
876.61,-1.9882100386047765
876.728,0.4841975278920943
876.845,-2.2005525650992186
876.962,-0.8099003521059029
877.079,0.9583344721018663
877.196,5.447781456847872
877.313,3.7506674241457723
877.43,-0.9303778536828528
877.547,-5.386613979565808
877.664,-4.163660243695926
877.781,-2.3612886010749796
877.898,1.334589906972338
878.016,-0.15606358909656226
878.133,6.282758318258465
878.25,10.012645242102005
878.367,10.501563524568601
878.484,-2.73150886669787
878.601,-7.450271777349837
878.718,-10.172497435550328
878.835,-7.066803373394019
878.952,-11.325363004213688
879.069,-1.178399071203696
879.186,2.683176270350195
879.303,8.289479455319707
879.42,3.074953886017374
879.537,4.056312811820333
879.654,-0.9033871172678576
879.771,-1.187528118986586
879.888,-3.2327660921266337
880.005,-7.3386484685655
880.122,-11.690849363845532
880.239,-16.289368777966722
880.356,-21.134206710929078
