wavelength_nm,intensity
792.446,101.76600453431342
792.565,143.3835802918893
792.684,169.93232488063398
792.803,181.4122383005475
792.922,177.82332055162968
793.041,147.60598025860116
793.16,108.76923497703888
793.279,67.97567601865828
793.398,39.25446540773229
793.518,17.825988991379763
793.637,21.038090823783655
793.756,37.529709529827684
793.875,69.62914670336457
793.994,103.72722708037642
794.113,145.8787353782889
794.232,182.22477527379624
794.351,196.3439538940736
794.47,175.3142147654335
794.589,153.08793884025664
794.708,125.10495295837013
794.827,97.91504066955716
794.946,79.16149201710786
795.066,79.96638492310012
795.185,84.8258232836379
795.304,84.51296727188115
795.423,81.63907229908531
795.542,89.78335914447128
795.661,94.29301395522529
795.78,95.85375101706157
795.899,101.62141448582432
796.018,97.44795241346148
796.137,87.64505311166113
796.256,81.99540056310721
796.375,88.19336706217207
796.494,82.68687524648357
796.613,75.31380297107788
796.732,67.72473936112672
796.851,52.01558540414076
796.97,38.90013645083465
797.089,30.655336332610368
797.208,38.903095543375585
797.327,58.21202284127505
797.446,68.94244689371226
797.565,85.66908613237514
797.684,102.60524993968889
797.803,111.00695406734299
797.922,123.1679655543045
798.041,125.96880388109273
798.16,123.95232619056486
798.279,110.909008673197
798.398,93.39815868829649
798.517,81.66393208001928
798.636,73.34442408646062
798.755,68.61972128770707
798.874,64.38506177899689
798.993,74.81014253002698
799.112,89.52353496936874
799.231,102.32177589355896
799.35,111.83563975537056
799.469,123.79295309080206
799.588,124.40892740451388
799.707,130.20316624767992
799.826,119.9289163735468
799.945,116.39570159163841
800.064,110.95763445606728
800.183,109.06319981531834
800.302,92.34270069969466
800.421,89.87962766640584
800.54,93.64788060510912
800.659,106.51798300116155
800.778,117.79760920673775
800.897,129.93437826945677
801.016,140.9179005789291
801.135,154.977613364592
801.254,156.8243391372681
801.373,174.5385973774766
801.492,185.52731449214394
801.611,185.43810952888919
801.729,188.73678335351326
801.848,193.3558034984836
801.967,199.3973344659647
802.086,209.272631667212
802.205,214.81372973426033
802.324,214.23448148096247
802.443,194.7599951324268
802.562,168.7097512081338
802.681,137.816217240551
802.8,106.86939874192124
802.919,76.57035224296021
803.038,53.80742595111001
803.157,26.263270499701136
803.276,9.741501403264602
803.394,-3.5900493444895867
803.513,-10.90635899901034
803.632,-15.767529553272606
803.751,-24.647986317266383
803.87,-32.86433748192
803.989,-31.0789963186757
804.108,-32.28594315532811
804.227,-21.84660427744855
804.346,-11.81771583934416
804.465,-12.385475059433542
804.583,-5.332368532155986
804.702,-1.1692580938488337
804.821,0.22664498338226124
804.94,4.309557790217131
805.059,4.496419706435162
805.178,11.969710413456033
805.297,17.860236790205423
805.416,21.2507842725621
805.535,34.70290306474321
805.653,45.577539600602876
805.772,54.09306892958152
805.891,58.18289424823186
806.01,61.92674006872673
806.129,71.57219481398619
806.248,83.54272534958805
806.367,109.61455458648874
806.485,135.29937083637657
806.604,178.63180613388363
806.723,220.43870030584972
806.842,259.33736936959065
806.961,292.9009734982668
807.08,312.7866555490207
807.198,328.69051941795624
807.317,322.39871229122053
807.436,301.51816057574024
807.555,291.00730582995675
807.674,272.57956796729025
807.793,262.5596223124159
807.912,255.04010955797463
808.03,257.30587818881475
808.149,276.16991521792323
808.268,289.9906622037417
808.387,314.88586806401884
808.506,353.6953596385816
808.624,393.3550676633607
808.743,432.79313066649473
808.862,447.1965616349968
808.981,448.4051874086938
809.1,440.07528504386283
809.219,420.7471142807635
809.337,396.8535755522962
809.456,374.5202099840021
809.575,351.66822969709324
809.694,331.5885437824787
809.812,310.3175158765222
809.931,289.2300377541156
810.05,282.3053301944795
810.169,292.95984341406427
810.288,314.5831878024802
810.406,339.55458413894803
810.525,357.1381016875371
810.644,371.1207534352602
810.763,386.8150934946716
810.882,393.2635461081956
811.0,404.10853551825636
811.119,412.6634816382739
811.238,421.059120398984
811.357,426.7707764757115
811.475,420.05472692473336
811.594,425.2728765079544
811.713,432.6892944894439
811.832,449.08493325015434
811.95,463.74637287666576
812.069,468.32123241659735
812.188,470.72552918596637
812.307,466.7549341804434
812.425,454.33585432643554
812.544,450.4353891910424
812.663,439.51847383919915
812.782,426.0612987470962
812.9,413.46559551646544
813.019,412.70539012133264
813.138,409.0170461980613
813.257,411.19103993712747
813.375,426.36330207446207
813.494,438.64898412521654
813.613,454.59440643571145
813.731,462.59437420075164
813.85,475.415986987437
813.969,495.30253483905733
814.088,508.69557619717096
814.206,524.5016045682715
814.325,550.0981091298482
814.444,570.2158258126369
814.562,595.8928498547328
814.681,616.3638132907682
814.8,639.5421360341629
814.918,645.3637488208477
815.037,651.5273529495238
815.156,653.6433380305809
815.274,654.3922235445386
815.393,643.2952216126089
815.512,640.6415097239693
815.631,639.461390908923
815.749,638.0094106220151
815.868,619.9124086900854
815.987,622.8413807841299
816.105,627.8612619690834
816.224,636.7365544094486
816.343,631.3036217415888
816.461,630.8464466494866
816.58,619.3104836785966
816.698,597.7753865085724
816.817,562.2195101177688
816.936,534.0497809131125
817.055,502.48005170845613
817.173,474.5328333263108
817.292,453.95790931646013
817.41,432.2236779473023
817.529,416.4054638941619
817.648,400.1439597977316
817.766,386.41752063636613
817.885,373.99497757889674
818.004,364.8235167725096
818.122,359.57846289252944
818.241,367.0087336878741
818.359,368.1870564312708
818.478,377.03724064652874
818.597,382.61296598732787
818.715,396.4582264838083
818.834,404.1868647964957
818.953,410.84795515809145
819.071,415.6478738073395
819.19,416.25722914005814
819.308,414.7552321314597
819.427,416.4259093933889
819.546,414.5586979444051
819.664,412.63522358711765
819.783,413.2970785545243
819.901,414.41661058128716
820.02,431.8434695598475
820.138,450.29614532607525
820.257,465.8184185687545
820.376,469.8442123857875
820.494,446.51495005587617
820.613,407.51351684532233
820.731,372.1656346863233
820.85,331.305860016614
820.969,313.6071264829536
821.087,311.36207260297266
821.206,330.29797110394406
821.324,358.21135878240466
821.443,397.9100278461465
821.561,460.21302591421727
821.68,520.1653746316387
821.798,545.8848229161598
821.917,545.5133621097716
822.035,520.1211220826043
822.154,480.47347080002567
822.273,430.81889311052055
822.391,394.1703760270759
822.51,373.3512961730684
822.628,359.327021513866
822.747,352.8049113568282
822.865,346.8187319357212
822.984,350.26545294751463
823.102,358.21347266060695
823.221,361.77794259014956
823.339,365.9484731257529
823.458,358.74757508992764
823.576,344.65057315799834
823.695,344.2687227412204
823.813,340.35700219457226
823.932,340.9647621674046
824.05,338.4435178112325
824.169,343.37162410441107
824.287,344.677219575079
824.406,340.4131180760499
824.524,332.8182806462851
824.643,338.99660338968033
824.761,345.0571772153269
824.88,346.9073614305837
824.998,347.5047317930265
825.117,354.2094614628287
825.235,352.8224162408558
825.354,356.4310420145538
825.472,353.19724354582763
825.591,355.1461290597855
825.709,358.4283479070766
825.828,351.65861870241963
825.946,345.85858646745953
826.064,340.69405206799723
826.183,332.7840631230803
826.301,320.8420395461287
826.42,312.57101164017297
826.538,312.3831006173343
826.657,321.41943201873795
826.775,321.9172352816133
826.894,321.51633724578727
827.012,317.33362102814306
827.13,315.6418139014079
827.249,310.0097470344129
827.367,300.51447670421453
827.486,289.1724531272629
827.604,280.9602996801812
827.723,268.71091679587016
827.841,248.89270274272798
827.959,233.60435881945585
828.078,230.6831144632832
828.196,242.46403460927485
828.315,250.22504133535324
828.433,278.6743597497433
828.552,302.81718465764004
828.67,329.8812216867491
828.788,340.26560503620453
828.907,335.00150353717504
829.025,307.46207736282105
829.143,276.0204866863026
829.262,219.16559950604955
829.38,174.153521604812
829.499,124.10792262526226
829.617,88.74595010428946
829.735,62.06146742213164
829.854,49.61291519588835
829.972,42.81056971761998
830.091,49.54165440620913
830.209,54.767415250860736
830.327,74.99222269303624
830.446,96.14706520879085
830.564,126.27666013887819
830.682,156.08599286045427
830.801,200.1753829371745
830.919,246.84963584364561
831.037,278.15408179584693
831.156,300.5148347717764
831.274,312.31108558320375
831.392,295.4354749227697
831.511,271.128695431167
831.629,239.318885636534
831.747,211.51773385055918
831.866,199.5711275191299
831.984,185.85569001886938
832.102,196.56449494285124
832.221,201.6819578754911
832.339,198.31630392501398
832.457,200.09870192258876
832.576,200.5217925608561
832.694,189.24445029869054
832.812,188.47879634821314
832.93,186.9079475925411
833.049,186.69382084849474
833.167,164.38938221949337
833.285,154.94880685775178
833.404,147.6688163232041
833.522,143.01118940601458
833.64,145.93349805731333
833.759,163.46919396928303
833.877,186.32154796909862
833.995,206.10347685875325
834.113,219.9096762146375
834.232,245.91414396879026
834.35,274.2484818528131
834.468,292.9984041524202
834.586,322.9249498286506
834.705,353.3545258079112
834.823,374.04903685210695
834.941,385.0967946495492
835.059,374.89693339937253
835.178,359.2503189024426
835.296,343.84006804187607
835.414,317.4454015968939
835.532,302.73125463243116
835.651,296.2023890532499
835.769,296.72980053034587
835.887,305.2459565961866
836.005,324.69544599536067
836.124,349.0756713252707
836.242,368.4567624560465
836.36,387.05949860846715
836.478,404.99123908989236
836.596,427.8164860648241
836.715,443.703204901228
836.833,458.9241228718312
836.951,477.73205382944724
837.069,492.41963846671683
837.188,500.7288681256314
837.306,511.16623631268425
837.424,523.3966780928106
837.542,533.591622037439
837.66,536.9787737742753
837.779,541.833457978644
837.897,550.4457179405885
838.015,564.3194497640047
838.133,568.2581166523562
838.251,576.2218917658156
838.369,583.6774417710499
838.487,582.6143770576695
838.606,573.1339963269729
838.724,571.7808883235489
838.842,575.0104643028087
838.96,576.5525943946229
839.078,570.299053490766
839.196,573.2550363964331
839.315,578.3434868345677
839.433,576.8683009090662
839.551,575.7307773212269
839.669,590.9707429108769
839.787,592.3076781974962
839.905,588.291366730869
840.023,580.142587731774
840.142,564.6405619794324
840.26,546.0069344954891
840.378,530.6295840678229
840.496,533.3474717353947
840.614,547.4454459830532
840.732,543.9035933908849
840.85,543.134035171011
840.968,540.5843903710502
841.087,525.4754382117823
841.205,512.5569622429904
841.323,500.896494932207
841.441,510.9728241582201
841.559,523.946123081203
841.677,534.9471276318916
841.795,548.1204265548747
841.913,568.2642882484206
842.031,583.1787127125294
842.149,596.7468168303179
842.267,611.1201157533012
842.385,645.7418995247692
842.504,667.1229906555446
842.622,687.8123068945453
842.74,697.0522724841953
842.858,710.4532770348844
842.976,708.5399958712878
843.094,706.3531216340983
843.212,703.1186283492896
843.33,704.5828363631822
843.448,702.907650437681
843.566,704.7043259840414
843.684,698.595373824774
843.802,701.3331749122599
843.92,693.8588547876248
844.038,704.8122402906951
844.156,714.0574006855404
844.274,729.2670632448878
844.392,739.5910115185213
844.51,751.0508905280853
844.628,752.4285184553983
844.746,758.2199991965643
844.864,749.2123457385962
844.982,745.7752550511909
845.1,729.8611080867295
845.218,707.3833247586315
845.336,662.5496972746894
845.454,625.7991866738641
845.572,582.7387193630819
845.69,538.5128840869319
845.808,496.3052306289635
845.926,458.87766375108185
846.044,422.42152544462874
846.162,397.76452133731
846.28,366.3057856282596
846.398,353.12064299280223
846.516,343.2108250326695
846.634,316.12092049245
846.752,292.0985484197629
846.87,264.8597261306254
846.988,233.38627180685592
847.106,204.98727635754523
847.224,176.93979605974977
847.342,164.7537876234262
847.46,165.86474888407247
847.578,151.38232945319515
847.696,139.5726857144212
847.814,130.75711993193156
847.932,118.36393869616265
848.05,98.75515035530775
848.168,95.52406364648348
848.285,108.53759354188375
848.403,129.39773311025158
848.521,146.57488685021255
848.639,160.34414816357338
848.757,177.48200535134518
848.875,181.77545507418415
848.993,180.19251923095294
849.111,190.92819810633654
849.229,206.8015393193827
849.347,208.2921965497449
849.465,218.67029966755308
849.582,220.1843335212921
849.7,225.11654919321307
849.818,230.6712756876447
849.936,229.5195086755827
850.054,236.88375897953802
850.172,239.84887508435924
850.29,242.5412639164531
850.408,248.06049257538666
850.525,254.5892450438442
850.643,272.30241309671726
850.761,280.71081924482854
850.879,278.5988790725935
850.997,288.6730860865059
851.115,296.4373363904618
851.233,302.1972576900886
851.35,309.89657292910925
851.468,327.8339834062251
851.586,354.58870990065674
851.704,358.72092557257747
851.822,370.39513258648947
851.94,393.39834392940577
852.057,437.44138211214874
852.175,481.49307830354974
852.293,550.0261597763358
852.411,631.6553451452257
852.529,720.9806344102194
852.647,790.9284344977236
852.764,867.6736371826305
852.882,935.8145108632082
853.0,1002.6281118165134
853.118,1048.474613202719
853.236,1089.5999024677121
853.353,1118.7485683560826
853.471,1137.548316495535
853.589,1131.4355105224333
853.707,1120.148678575306
853.824,1096.0471280134598
853.942,1063.000988707025
854.06,1019.7808234265641
854.178,968.0420434274881
854.296,928.1121378872866
854.413,893.747600312453
854.531,834.950595205152
854.649,781.419823864085
854.767,726.0920828260485
854.884,666.4262465499169
855.002,598.6811894945645
855.12,527.6854830885629
855.238,468.3525472453316
855.355,409.5962347787238
855.473,342.9431690653629
855.591,288.81651027840905
855.708,237.75132335292707
855.826,196.77185071315947
855.944,152.2016783220629
856.062,120.27465641453597
856.179,89.18560622060555
856.297,62.082831249371765
856.415,38.07136524033103
856.532,20.969932415910364
856.65,4.802060843062332
856.768,-4.582655535538819
856.886,-17.294846570806932
857.003,-19.83477885698769
857.121,-27.324577132908416
857.239,-36.953866506789524
857.356,-45.11266489088407
857.474,-49.86396636525882
857.592,-58.24589573391681
857.709,-52.792741255119644
857.827,-42.82490256380571
857.945,-37.12529666459486
858.062,-32.16664389178464
858.18,-27.616168061909075
858.298,-19.910607456741623
858.415,-7.726335158443257
858.533,6.9187295301648
858.651,24.061924688079785
858.768,31.000706706321658
858.886,33.427817489138484
859.003,31.658143406162992
859.121,24.758886521899235
859.239,15.863871930328646
859.356,7.870269797510836
859.474,1.4782208867075872
859.592,-2.924337321870534
859.709,-11.625658482393105
859.827,-10.985653120724049
859.944,-11.613427694843384
860.062,-4.602248878233824
860.18,-8.045755856437857
860.297,-8.11521062308379
860.415,-8.287721547349
860.532,-7.528826808519516
860.65,-16.283670298649255
860.768,-16.170058904828913
860.885,-8.844359597155844
861.003,9.34507397235063
861.12,23.162423927877633
861.238,34.80938225327729
861.356,49.4246016595462
861.473,56.161139168072125
861.591,61.14198263904863
861.708,58.236246023445304
861.826,67.20843148576424
861.943,78.65507582254203
862.061,77.62033487793471
862.178,69.41762856536216
862.296,67.96470580257323
862.414,62.04425057225184
862.531,61.77574339387859
862.649,46.39468210295121
862.766,53.65691085531391
862.884,57.94424783278497
863.001,55.55019952887093
863.119,56.37173564054153
863.236,50.851280410220845
863.354,54.072816521891525
863.471,50.78991900557407
863.589,40.560482291753715
863.706,50.26599559948467
863.824,57.87344769829464
863.941,67.05437452723254
864.059,82.5961146061239
864.176,93.87107310483498
864.294,117.69386470041547
864.411,126.48062093640598
864.529,133.37906548408478
864.646,134.98054033479386
864.764,131.39933120281884
864.881,123.63716968989146
864.999,118.61267051462633
865.116,122.40981636100616
865.233,137.59484099526455
865.351,154.94177039142744
865.468,172.1129422118325
865.586,200.0572742053976
865.703,228.34879234614874
865.821,252.6593581059475
865.938,271.00455590037825
866.056,289.15927750433286
866.173,294.6620510563395
866.29,290.52672937025113
866.408,280.4372951300501
866.525,281.1469950889835
866.643,276.94067773189965
866.76,281.4261352665909
866.878,281.36094345063293
866.995,287.048132587056
867.112,282.17428276244
867.23,277.5861472235383
867.347,276.1763666629915
867.465,267.5189670548257
867.582,270.88580987090234
867.699,273.930574764901
867.817,271.0446037281638
867.934,274.9127452455391
868.051,281.8752590572865
868.169,286.90184213310323
868.286,301.1812390617339
868.404,315.44938057910935
868.521,337.66037923934186
868.638,355.15968958788636
868.756,366.49190036933135
868.873,390.0258427525082
868.99,417.9684431443432
869.108,439.0175370426719
869.225,468.04065691502683
869.342,508.1148590384639
869.46,556.7007494735893
869.577,601.6199732420482
869.694,642.3062965776065
869.812,692.7233558439009
869.929,740.0962592660392
870.046,778.2631020821168
870.164,803.8377371059867
870.281,821.7838007012851
870.398,841.5922019589214
870.516,841.1140231299778
870.633,833.105974171164
870.75,818.8477087621341
870.867,800.7539455176061
870.985,780.6428662557621
871.102,749.5750770372081
871.219,718.912482623849
871.337,697.9633081239098
871.454,678.4089388187758
871.571,657.3567340158065
871.688,621.0257413340494
871.806,588.5830603406038
871.923,555.8131066198855
872.04,515.05700571302
872.157,474.50090480615444
872.275,444.0937216482067
872.392,420.71770732142795
872.509,394.7867146396709
872.626,365.5024752046672
872.744,348.5351188865467
872.861,322.5755547762185
872.978,295.325947375847
873.095,266.3213616204973
873.213,251.44231699068877
873.33,219.69660569421376
873.447,193.85565630250062
873.564,170.65020474628534
873.681,150.16077050608732
873.799,126.12068691524
873.916,99.86501890880821
874.033,75.05177514480066
874.15,64.58658332884507
874.267,37.17575624275692
874.385,23.839016461563872
874.502,7.699432802755838
874.619,3.8382677047053457
874.736,2.813527436728757
874.853,-2.66423051539023
874.97,-9.608630883440046
875.088,-9.55649700722038
875.205,-10.391047896039266
875.322,-9.428718941272738
875.439,-13.229532690271196
875.556,-8.04596786770032
875.673,-4.686330848912757
875.791,-9.510757905901981
875.908,-14.696339904261556
876.025,-21.11524798259906
876.142,-18.933014779899782
876.259,-10.78492801133669
876.376,-14.242310796150631
876.493,-13.53518968506936
876.61,-15.811668567573847
876.728,-17.7822596049879
876.845,-12.97394167396559
876.962,-14.150927229479604
877.079,-10.453534381570364
877.196,-2.682794945909815
877.313,-10.53499520153461
877.43,-14.784259956277733
877.547,-21.760245262617794
877.664,-18.764630846259013
877.781,-18.269714887316603
877.898,-13.283912361350131
878.016,-11.623855087222129
878.133,-4.2162146386166635
878.25,1.0593755943050933
878.367,-1.9206122714454246
878.484,-4.145172827426695
878.601,-3.847836100708308
878.718,-9.274616343498312
878.835,-6.22805360223583
878.952,-8.979182289479658
879.069,-7.985183058163745
879.186,-14.799944988173984
879.303,-18.658651879025157
879.42,-24.35905479956765
879.537,-29.980187634490484
879.654,-34.99321035267438
879.771,-38.96311208413621
879.888,-42.588858127517724
880.005,-44.41771962983162
880.122,-45.65529102315941
880.239,-46.301572307501125
880.356,-46.3565634828568
