wavelength_nm,intensity
792.446,0.10488918678024935
792.565,0.13628525446537681
792.684,0.1570488733467167
792.803,0.167180043424269
792.922,0.16667876469803355
793.041,0.14697293082955937
793.16,0.11809939031062339
793.279,0.09200626576731072
793.398,0.0729121992210777
793.518,0.0630318664227747
793.637,0.061270182360491525
793.756,0.06971239717678224
793.875,0.08461502891499768
793.994,0.11095083623159427
794.113,0.1357423680907128
794.232,0.15984840330866668
794.351,0.1741346809971755
794.47,0.16532600496191494
794.589,0.1509802800402621
794.708,0.12944296627587012
794.827,0.10814177034215247
794.946,0.09893346630776086
795.066,0.09309370042913838
795.185,0.09896263472535496
795.304,0.10761524388247451
795.423,0.1095690815577294
795.542,0.11265491270691894
795.661,0.10699695184077704
795.78,0.10428560429011956
795.899,0.10934785030768895
796.018,0.10316322533542611
796.137,0.09533826247754482
796.256,0.09491536079054538
796.375,0.09628326766177155
796.494,0.09244026901234484
796.613,0.0884111705326684
796.732,0.0893499319285989
796.851,0.09201206051328584
796.97,0.08614922750652043
797.089,0.07097647776976232
797.208,0.06890710598315172
797.327,0.07450598826137114
797.446,0.07419558388266989
797.565,0.08166446246798917
797.684,0.09006173312062557
797.803,0.10276211150672143
797.922,0.11331370967642561
798.041,0.11211831554748677
798.16,0.1127083838524357
798.279,0.10956115855177309
798.398,0.1003423318909156
798.517,0.10256006960005228
798.636,0.10146586882711657
798.755,0.1051723494686401
798.874,0.10622664944067745
798.993,0.10300395790841944
799.112,0.10083379162137036
799.231,0.10477124466868679
799.35,0.1044099810844302
799.469,0.11077035753706714
799.588,0.11335342041279173
799.707,0.11447289576666138
799.826,0.11650025275518153
799.945,0.1155741358617086
800.064,0.11456340531462839
800.183,0.11956653302629477
800.302,0.11575783477141847
800.421,0.118871448123815
800.54,0.12170949538811227
800.659,0.12367625070580537
800.778,0.133884261542068
800.897,0.13821734059138513
801.016,0.144338168930093
801.135,0.15180023802125064
801.254,0.15914167548463046
801.373,0.17069264221497019
801.492,0.16968648537889564
801.611,0.16628370397578368
801.729,0.16762614774118562
801.848,0.17297630577541667
801.967,0.17867749612934256
802.086,0.18453876636847127
802.205,0.19047493112531994
802.324,0.18738716406773206
802.443,0.17066687964349203
802.562,0.1563580843470581
802.681,0.13469458559391168
802.8,0.11914301618314711
802.919,0.09936317536617037
803.038,0.0876768079962627
803.157,0.07105647231736612
803.276,0.058022468990634186
803.394,0.04576257888847151
803.513,0.04328118518711826
803.632,0.03584022676943126
803.751,0.035117201125490285
803.87,0.030362977559806985
803.989,0.03191589586996964
804.108,0.024298295618892407
804.227,0.020973773408946676
804.346,0.016041477455351817
804.465,0.018497867388790327
804.583,0.022478331246889485
804.702,0.03350643024411595
804.821,0.03706473000401887
804.94,0.04691592617151625
805.059,0.05013953989990316
805.178,0.053977785887779905
805.297,0.059558516180617235
805.416,0.06541490294443852
805.535,0.07049357027697248
805.653,0.07484788025854103
805.772,0.07031383733538607
805.891,0.07456912458471013
806.01,0.07244462090286172
806.129,0.07919211116646975
806.248,0.09187694200784402
806.367,0.10763754302002831
806.485,0.12260323323036795
806.604,0.14489643968489713
806.723,0.17249518257877883
806.842,0.20659431223964864
806.961,0.23750899561273264
807.08,0.2614076063029248
807.198,0.2759226771508497
807.317,0.27758733521411366
807.436,0.2652644415939004
807.555,0.2515911597992258
807.674,0.24099598551145218
807.793,0.23204734718576506
807.912,0.2270789808628723
808.03,0.22456383878071345
808.149,0.23181013941267584
808.268,0.2443082037070441
808.387,0.2600050071360913
808.506,0.2780549848776209
808.624,0.29841411496320225
808.743,0.3217438703470483
808.862,0.338492627307429
808.981,0.35160871430145585
809.1,0.3526725010813333
809.219,0.33717545202309746
809.337,0.31743628600698537
809.456,0.2969910533543535
809.575,0.27368953817860175
809.694,0.26184231050299167
809.812,0.25313493543286075
809.931,0.2535023747121058
810.05,0.24969515927081018
810.169,0.24985678155479452
810.288,0.261178830406798
810.406,0.2767561456358193
810.525,0.28449354848702957
810.644,0.2957875833591223
810.763,0.3063498244702877
810.882,0.3159658791171289
811.0,0.3151510141013756
811.119,0.31811632123191336
811.238,0.3254895423442874
811.357,0.3281175382881476
811.475,0.3263376202501713
811.594,0.3291782937558009
811.713,0.335689370343582
811.832,0.34703314432286275
811.95,0.3542988832266002
812.069,0.3571675707121399
812.188,0.3621281592689559
812.307,0.35800535776826015
812.425,0.3499171488255388
812.544,0.3407998549065132
812.663,0.33554734678738574
812.782,0.3278141721614892
812.9,0.31899817145497045
813.019,0.3070994895305448
813.138,0.304317357068423
813.257,0.3007759885793389
813.375,0.3078644961816016
813.494,0.31845132098942286
813.613,0.3346958263114143
813.731,0.3421730993491695
813.85,0.35324530923748093
813.969,0.3623679748095716
814.088,0.3672450931405318
814.206,0.3770092216811855
814.325,0.38890584297829184
814.444,0.40328370249604284
814.562,0.41604418345936894
814.681,0.43079880242122237
814.8,0.45660579402858303
814.918,0.4704410970782713
815.037,0.47034544811817935
815.156,0.4771652501988516
815.274,0.47335917818530726
815.393,0.4731949235601285
815.512,0.4657504644414733
815.631,0.46985462561245406
815.749,0.4730137437468621
815.868,0.4682660589799994
815.987,0.46047685639428204
816.105,0.4587186634835831
816.224,0.4584926637598261
816.343,0.45996065224984106
816.461,0.4606076596143158
816.58,0.4612095015826083
816.698,0.4450081010294804
816.817,0.42935097208604234
816.936,0.4110702481669042
817.055,0.3886022918219595
817.173,0.36768768207735825
817.292,0.3516063414381325
817.41,0.3388077818733171
817.529,0.3281548644840959
817.648,0.312222741166434
817.766,0.30720863773348395
817.885,0.3015404936267049
818.004,0.2957437138978878
818.122,0.29349270362631424
818.241,0.3001547126772868
818.359,0.3032703805571399
818.478,0.30827727793789
818.597,0.3164297450628769
818.715,0.32670670095005633
818.834,0.3334893440599591
818.953,0.34110592430690834
819.071,0.32742524012525165
819.19,0.33955280545015076
819.308,0.34818087963783756
819.427,0.44818526722886587
819.546,0.5756807059298024
819.664,0.7067065954100037
819.783,0.8057916653281809
819.901,0.8312125082767126
820.02,0.7666740783738358
820.138,0.6596446563177898
820.257,0.5151723020925564
820.376,0.43526534117499693
820.494,0.36380435100385655
820.613,0.32895481135493765
820.731,0.30900293101538007
820.85,0.28884298358673544
820.969,0.2779808189189993
821.087,0.27669886366677954
821.206,0.2822780466371302
821.324,0.293552643237449
821.443,0.3202452196383078
821.561,0.3566637924929929
821.68,0.3874275434028864
821.798,0.40358514821576874
821.917,0.4084879936711374
822.035,0.39674195935153095
822.154,0.37495091223544386
822.273,0.3444383699451785
822.391,0.32458371772617045
822.51,0.307802027589182
822.628,0.2919162130954539
822.747,0.284571232191175
822.865,0.2831200496317407
822.984,0.28527466648650124
823.102,0.2855306215599803
823.221,0.2909239975207203
823.339,0.2976014428463376
823.458,0.2991100230215292
823.576,0.2923224631460818
823.695,0.29886098199989825
823.813,0.30055822775407914
823.932,0.30044828594709483
824.05,0.2970544196379486
824.169,0.3009476183887877
824.287,0.30027396670033896
824.406,0.2950500442749985
824.524,0.2897580878984467
824.643,0.29515317900081417
824.761,0.29242650278463844
824.88,0.2921341842512979
824.998,0.2931796761871529
825.117,0.30015955815302886
825.235,0.30854928653644154
825.354,0.3110515054276428
825.472,0.3130700543799812
825.591,0.31379309968992797
825.709,0.3109360727100876
825.828,0.30426228389591004
825.946,0.2915191805770405
826.064,0.2903189804090499
826.183,0.2862396291629102
826.301,0.28271884237335343
826.42,0.28011051092945305
826.538,0.28203186852291867
826.657,0.28519384522670677
826.775,0.2814632394447597
826.894,0.27732786023879974
827.012,0.2715087836688308
827.13,0.26394597977790213
827.249,0.25771584093128735
827.367,0.24888954937500746
827.486,0.24707304164898636
827.604,0.24176907928104552
827.723,0.23528452775973363
827.841,0.2286867768910283
827.959,0.2259389472614521
828.078,0.22622691831197345
828.196,0.2323172134872234
828.315,0.24456372367627544
828.433,0.2598460345454248
828.552,0.27471785485180406
828.67,0.28606963282534725
828.788,0.28612034261744296
828.907,0.2878410286405301
829.025,0.2744844763330092
829.143,0.2556674847984429
829.262,0.22853764715969233
829.38,0.19898921278306347
829.499,0.1700936120414026
829.617,0.13863483645162378
829.735,0.11756174175765695
829.854,0.10562291696082188
829.972,0.09604539148739635
830.091,0.09368228744552425
830.209,0.09320945098720494
830.327,0.10593917624477478
830.446,0.11560762175582148
830.564,0.13191699592596684
830.682,0.16084477216207071
830.801,0.18841138559349
830.919,0.2117355594772456
831.037,0.23379179845712855
831.156,0.24952054355604397
831.274,0.25799881328302054
831.392,0.24610577419017943
831.511,0.23824274620732072
831.629,0.22277134996631953
831.747,0.21220525877903507
831.866,0.19853418953269059
831.984,0.19444390141573836
832.102,0.1955619267066369
832.221,0.19710587883495023
832.339,0.18983285957183935
832.457,0.1950980973172438
832.576,0.19146289344536832
832.694,0.19623874411315265
832.812,0.19216789426797515
832.93,0.18948402228530545
833.049,0.18446412740642518
833.167,0.17730373577683223
833.285,0.1657645875730649
833.404,0.1691894783525123
833.522,0.17252232319796806
833.64,0.17852335670143035
833.759,0.18019994644891202
833.877,0.19254586054516543
833.995,0.19942161627848626
834.113,0.205000153227788
834.232,0.2139861048764081
834.35,0.23805158171113916
834.468,0.25884456832122277
834.586,0.2828854614592975
834.705,0.30209422891974824
834.823,0.3233777460352034
834.941,0.32760417966841626
835.059,0.3225808545062815
835.178,0.30828261513826716
835.296,0.29566006914000165
835.414,0.2770093720360963
835.532,0.2687793037450227
835.651,0.26095972601671935
835.769,0.2582415512015064
835.887,0.26573990334549136
836.005,0.27848430201312485
836.124,0.2897891251416839
836.242,0.307760703775067
836.36,0.3181885178182644
836.478,0.33564669739124675
836.596,0.35062992759621736
836.715,0.35669899505089064
836.833,0.3652487290123328
836.951,0.37555819828325515
837.069,0.386283875255705
837.188,0.39979780080006344
837.306,0.4112518412501864
837.424,0.42447247757629825
837.542,0.43434458573229145
837.66,0.4296248406381668
837.779,0.4279506153600269
837.897,0.4281316016086131
838.015,0.4314941755756063
838.133,0.43871696163149176
838.251,0.44780067635286064
838.369,0.45454493789476463
838.487,0.459152704683086
838.606,0.45410765439367395
838.724,0.44981440785083954
838.842,0.44816019255834966
838.96,0.44680669876449075
839.078,0.4434219055701824
839.196,0.44528201547177104
839.315,0.45194280678781895
839.433,0.45586909063627623
839.551,0.45520108177941077
839.669,0.4559863695946371
839.787,0.4544722242016993
839.905,0.45062662962355693
840.023,0.443307301536512
840.142,0.44131977705447445
840.26,0.43726836548107123
840.378,0.4365906374883186
840.496,0.43198637859708966
840.614,0.42851640003529823
840.732,0.42205921647284605
840.85,0.4177848364879102
840.968,0.41712082962817504
841.087,0.41628759546122546
841.205,0.41641426889161737
841.323,0.4212770200685117
841.441,0.41809347015845855
841.559,0.4213194045091535
841.677,0.4293488788436862
841.795,0.43638299932058244
841.913,0.4528298170474078
842.031,0.461980994006112
842.149,0.4742337187406218
842.267,0.489156918988641
842.385,0.5013724823212287
842.504,0.5160012499232497
842.622,0.5266263052535717
842.74,0.531345556247659
842.858,0.5406430919585488
842.976,0.5352916030317483
843.094,0.5385444079346023
843.212,0.5497480377071579
843.33,0.5554660728421363
843.448,0.555947208875478
843.566,0.5535977895101074
843.684,0.5423324922528121
843.802,0.5392124025829648
843.92,0.5306741805128758
844.038,0.5316778630286298
844.156,0.5350072775908311
844.274,0.535014462821197
844.392,0.5373410912453778
844.51,0.5423107529170328
844.628,0.5445956462282853
844.746,0.5542773736636621
844.864,0.5557904532426867
844.982,0.5542471504420875
845.1,0.5453064418034883
845.218,0.5328491211153072
845.336,0.5125564617603209
845.454,0.49251764336615633
845.572,0.47364969498947546
845.69,0.4474134981824564
845.808,0.4185840072351508
845.926,0.39294239285888544
846.044,0.3668868576365955
846.162,0.3471744878654696
846.28,0.3245984032908394
846.398,0.30847925522864234
846.516,0.29738318527856133
846.634,0.2789011437679948
846.752,0.26253444359760936
846.87,0.24084623067197958
846.988,0.22356421658655906
847.106,0.20606952493936892
847.224,0.18515541260147017
847.342,0.17146890708048132
847.46,0.161922181733614
847.578,0.1528122457878002
847.696,0.14955094279064868
847.814,0.1435608494646638
847.932,0.1444976414569577
848.05,0.1412677827229711
848.168,0.14432506148032764
848.285,0.1524820280091474
848.403,0.15575255604214938
848.521,0.15663846549950428
848.639,0.16506299412216313
848.757,0.17741462535717395
848.875,0.17996650904838998
848.993,0.18685198391759814
849.111,0.19556465633362197
849.229,0.20267424304211412
849.347,0.2076953589625845
849.465,0.20582046211406524
849.582,0.20321491493236998
849.7,0.20828062453514679
849.818,0.20042560054654845
849.936,0.20338552432142099
850.054,0.20429435709028837
850.172,0.20900444234267262
850.29,0.21770136985202201
850.408,0.21967870797828537
850.525,0.21910768115874932
850.643,0.22809776099513557
850.761,0.23367675964725396
850.879,0.2422135696906761
850.997,0.24931410415516236
851.115,0.25873264807337365
851.233,0.2654505155989886
851.35,0.27348799392778156
851.468,0.27954848567431917
851.586,0.28893520874982226
851.704,0.2977496462357251
851.822,0.3040496860961913
851.94,0.32014089779231636
852.057,0.34352603511493535
852.175,0.37791266254812206
852.293,0.42129292096033205
852.411,0.4665466857432915
852.529,0.5268148003305295
852.647,0.5800897107899047
852.764,0.6280705507600706
852.882,0.6779494807976417
853.0,0.7158955988210898
853.118,0.7448715261344196
853.236,0.7624474787658017
853.353,0.7789137347644022
853.471,0.8003333197822802
853.589,0.80164915807418
853.707,0.7940331104856349
853.824,0.7836819837156234
853.942,0.7620463684665605
854.06,0.7366477324874788
854.178,0.7042536055250312
854.296,0.6790893722349964
854.413,0.6555756769041785
854.531,0.6248743947277515
854.649,0.587949435300187
854.767,0.5491595452100089
854.884,0.5104131053743857
855.002,0.47178158002778314
855.12,0.4244417089261442
855.238,0.38313970806603226
855.355,0.34310176658514735
855.473,0.30372243948909716
855.591,0.26185958731689957
855.708,0.22302281668891216
855.826,0.18929030754339354
855.944,0.15940771963700406
856.062,0.134759302770245
856.179,0.10840025971180195
856.297,0.09182656879926201
856.415,0.07695976587591535
856.532,0.06395111284849535
856.65,0.051872565715415306
856.768,0.04333054428984534
856.886,0.036097318752215134
857.003,0.03462106648438137
857.121,0.024111292320982053
857.239,0.027166376565056535
857.356,0.030980117924424254
857.474,0.027794448233091462
857.592,0.02243406819471691
857.709,0.027549419139565934
857.827,0.031895275500292836
857.945,0.03286819950438967
858.062,0.03248316097991509
858.18,0.03898276655172628
858.298,0.04756604198405902
858.415,0.048608276333611575
858.533,0.0522637903331038
858.651,0.06284208982756669
858.768,0.06857325527837926
858.886,0.06928552226380036
859.003,0.07225672395594032
859.121,0.066082447060902
859.239,0.06693457430396882
859.356,0.06388282726099882
859.474,0.060691734854668944
859.592,0.062130132643293055
859.709,0.05850094913595251
859.827,0.05491011108406654
859.944,0.04926402159295891
860.062,0.039039037333310815
860.18,0.034365966578108614
860.297,0.034853488641372596
860.415,0.034850621708115946
860.532,0.040682243923659205
860.65,0.04243934443390916
860.768,0.04750330166673114
860.885,0.04942044936351242
861.003,0.04923157117237428
861.12,0.05541468953359555
861.238,0.07101597994014527
861.356,0.07408066917429418
861.473,0.08304648160912663
861.591,0.08811726240804411
861.708,0.0970399308383508
861.826,0.09812151155919224
861.943,0.0976245902691582
862.061,0.09568040753051416
862.178,0.09366054650379137
862.296,0.08637493664651438
862.414,0.08339392270834844
862.531,0.08010467805866787
862.649,0.07745163949323697
862.766,0.07555356275669037
862.884,0.07650740923190186
863.001,0.0735303560122232
863.119,0.07270074820679734
863.236,0.07641558082937344
863.354,0.07740147786536762
863.471,0.08047469409581545
863.589,0.07906997364337584
863.706,0.07667618818593261
863.824,0.08562749287836754
863.941,0.095202537409218
864.059,0.10332371355410089
864.176,0.11480885414374706
864.294,0.12481725779239675
864.411,0.12839216519751784
864.529,0.1264849082483159
864.646,0.12116794974429268
864.764,0.12366689163529998
864.881,0.12258347438101722
864.999,0.12123706874390114
865.116,0.12644822126134592
865.233,0.13449335946075736
865.351,0.13602782004341746
865.468,0.14668168865776
865.586,0.1672942412733487
865.703,0.19028912560908157
865.821,0.2128975313648245
865.938,0.23273998538981203
866.056,0.24542000797972235
866.173,0.24952203557826141
866.29,0.24498832508398113
866.408,0.24380371447369537
866.525,0.24382141814405836
866.643,0.24265453066392012
866.76,0.24024187864857804
866.878,0.2400286099131484
866.995,0.23190453627931806
867.112,0.22986063971381854
867.23,0.22947071139079012
867.347,0.228845808664839
867.465,0.22905961019457588
867.582,0.22644457146722763
867.699,0.22271068868508642
867.817,0.22606720138968123
867.934,0.22708654777031406
868.051,0.23648207414418748
868.169,0.24190933450665672
868.286,0.24919809524848507
868.404,0.2547299792502119
868.521,0.2677267313272742
868.638,0.28163079332511143
868.756,0.29923212895725926
868.873,0.3124289808908254
868.99,0.33025042636512725
869.108,0.34539053376228107
869.225,0.3671905360977502
869.342,0.38718963972468695
869.46,0.42601756813473624
869.577,0.45809298395860276
869.694,0.48515847108949506
869.812,0.506456508642078
869.929,0.5336895079385575
870.046,0.5616005598916465
870.164,0.5817060022994678
870.281,0.5967031812276902
870.398,0.6136544781831388
870.516,0.6176690335586922
870.633,0.6123063379446114
870.75,0.602807864153539
870.867,0.5892370724256806
870.985,0.5773516932034581
871.102,0.5577950571967635
871.219,0.5431431545299097
871.337,0.5328757255759875
871.454,0.5191145531275125
871.571,0.5049434618301429
871.688,0.48126648392110094
871.806,0.4539682703232195
871.923,0.42769456799063654
872.04,0.40086230120147076
872.157,0.37765241352889595
872.275,0.355926695077702
872.392,0.33648668870165505
872.509,0.32178733378311614
872.626,0.2999181151491156
872.744,0.28742614750474926
872.861,0.27286000191925425
872.978,0.2554455778048996
873.095,0.2413133630510796
873.213,0.22259714644169998
873.33,0.20729634852589893
873.447,0.18884826572423408
873.564,0.16560922064399736
873.681,0.1463024236009941
873.799,0.12403414868173755
873.916,0.10769797693699909
874.033,0.0967622144623547
874.15,0.08988104679434886
874.267,0.07892961372942822
874.385,0.06994103061029106
874.502,0.06574008795042964
874.619,0.05671024174975939
874.736,0.05192816350862217
874.853,0.050187159506610186
874.97,0.04491720378809398
875.088,0.045792060731609074
875.205,0.03848769272771943
875.322,0.040801797254126776
875.439,0.04530055228316643
875.556,0.040528781792378565
875.673,0.04247895020005031
875.791,0.04253325838267227
875.908,0.039415130633358095
876.025,0.03934520397682306
876.142,0.0404790658475751
876.259,0.04520188137321719
876.376,0.044932837113103946
876.493,0.04007414999307371
876.61,0.044961590778190924
876.728,0.0453591056638002
876.845,0.04499528437999807
876.962,0.043574929431162174
877.079,0.04400064756663202
877.196,0.042107124107944705
877.313,0.03891913169006465
877.43,0.03798954160989471
877.547,0.04021330736684915
877.664,0.04227525898476719
877.781,0.0432249264985617
877.898,0.04241952054247351
878.016,0.04202166665889067
878.133,0.040235803978148466
878.25,0.03951797172467781
878.367,0.039671928477621396
878.484,0.03893005030368235
878.601,0.042521607033137745
878.718,0.039443448719763616
878.835,0.04081699092838269
878.952,0.041021917269126726
879.069,0.040025255363004136
879.186,0.033071064839371396
879.303,0.02914459834423419
879.42,0.027674388114921164
879.537,0.026837563336351674
879.654,0.023678135198972567
879.771,0.027747502880699562
879.888,0.03360345848109983
880.005,0.03465390607556959
880.122,0.03464238824417196
880.239,0.03356890498690696
880.356,0.031433456303774615
