wavelength_nm,intensity
792.446,148.05473812919175
792.565,184.51352600797966
792.684,207.787898302352
792.803,217.87785501230877
792.922,214.78339613784976
793.041,184.9167294711832
793.16,155.5331796876334
793.279,125.28902384347762
793.398,106.77646973092357
793.518,93.67430522875912
793.637,94.76521431966819
793.756,97.58859094304475
793.875,113.84486799932182
793.994,136.90287665733044
794.113,170.02149137594506
794.232,197.18859094304463
794.351,214.21543076988442
794.47,212.38685934131303
794.589,189.91586367031738
794.708,166.04746540191917
794.827,140.10893726339117
794.946,118.01283336728729
795.066,104.98426193871589
795.185,105.63274678720073
795.304,104.98772514217902
795.423,107.03014938460319
795.542,110.80417535862912
795.661,118.13491128936502
795.78,114.16175111620487
795.899,103.82235717681093
796.018,104.38685934131314
796.137,110.31413206858586
796.256,108.92192427637812
796.375,108.88556064001446
796.494,111.8240887785426
796.613,109.51240046685426
796.732,104.97993293438671
796.851,91.34270349715723
796.97,88.32452167897546
797.089,85.68556064001444
797.208,80.66478141923524
797.327,88.379067133521
797.446,89.79378574823961
797.565,100.16867752313138
797.684,109.0024437568976
797.803,119.0292835837374
797.922,132.3894567439106
798.041,137.95828791274175
798.16,136.06911042356427
798.279,132.40417535862923
798.398,112.16088531533919
798.517,100.74703250148644
798.636,85.97560393005787
798.755,88.35828791274187
798.874,90.87690263135663
798.993,94.675171029625
799.112,103.79205414650804
799.231,106.48469483914869
799.35,107.75395890841276
799.469,116.61543076988457
799.588,119.80504115949495
799.707,128.79118834564215
799.826,131.36694592139975
799.945,126.10114505559886
800.064,117.49075544520926
800.183,107.54616670062052
800.302,98.10893726339108
800.421,99.03880739326118
800.54,102.4059069603608
800.659,107.13317968763353
800.778,114.69595025040408
800.897,115.75569051014435
801.016,120.62149137594518
801.135,128.01975977421358
801.254,134.57300652746028
801.373,140.5487641032178
801.492,140.7756039300576
801.611,137.49421864867233
801.729,143.33750869196237
801.848,155.81629657075027
801.967,167.88296323741696
802.086,176.86651302096683
802.205,181.08036583481964
802.324,177.79378574823957
802.443,161.13491128936514
802.562,133.86911042356428
802.681,111.59984635430021
802.8,84.06453228543879
802.919,56.98510175740191
803.038,37.45776659569041
803.157,20.907330482293546
803.276,11.006049794163921
803.394,9.141706623607712
803.513,2.0217564194593605
803.632,-12.280221932221101
803.751,-25.663597346942524
803.87,-31.92878096928318
803.989,-31.343088090351497
804.108,-32.13186537646291
804.227,-26.728828258862965
804.346,-18.90311741739694
804.465,-17.668455813892464
804.583,-16.86121635165571
804.702,-9.281136969103581
804.821,0.12927351317694546
804.94,4.21451443137328
805.059,1.394899049468985
805.178,10.155304527738648
805.297,10.177151453615839
805.416,13.999630612679427
805.535,25.6934073365132
805.653,28.02659902276712
805.772,38.02421977692583
805.891,32.72405985542922
806.01,35.40908752372277
806.129,51.248774291972694
806.248,65.84756051344478
806.367,92.09894956176555
806.485,116.11018193830573
806.604,146.42415260921638
806.723,179.14614115028763
806.842,203.50588643590163
806.961,233.83532869121257
807.08,255.70589648764908
807.198,276.22927813689944
807.317,280.26261649610655
807.436,269.8500674094264
807.555,255.6470421322702
807.674,235.1392549503524
807.793,219.5639353009021
807.912,203.8215160843523
808.03,203.13450812321395
808.149,220.9003140148895
808.268,240.50854414898947
808.387,268.10984787616314
808.506,302.6808485730336
808.624,339.4362648543197
808.743,371.0799928239173
808.862,394.7496948194888
808.981,402.3033794990431
809.1,396.6094451309783
809.219,381.90771855512156
809.337,346.81291838619126
809.456,314.3527502518931
809.575,279.23803666304946
809.694,257.80470835559106
809.812,244.81380429055685
809.931,236.1874023900246
810.05,238.4345935630854
810.169,253.92594058030198
810.288,261.7064650866961
810.406,272.6765999827007
810.525,278.3843972163674
810.644,285.96492172276135
810.763,290.0363553200641
810.882,296.53462874420666
811.0,301.9792225146697
811.119,309.457582518899
811.238,319.1930853802712
811.357,327.4454713585266
811.475,331.8259958649205
811.594,336.52686669166053
811.713,339.10998860065155
811.832,348.46800228453446
811.95,364.9299120723134
812.069,372.6160642843348
812.188,384.0199654141052
812.307,385.8100137300229
812.425,392.47278931866765
812.544,391.1450887168362
812.663,389.9013707989874
812.782,393.8732372967229
812.9,403.3386102879647
813.019,414.7754118506351
813.138,424.23299263408455
813.257,443.53905826601874
813.375,468.526509179338
813.494,481.4923150710122
813.613,500.83301273757803
813.731,501.37111300154623
813.85,499.5819405382416
813.969,505.19276807493696
814.088,508.086712494749
814.206,520.3988387327428
814.325,525.9005753603469
814.444,528.4490652347042
814.562,535.2105421220485
814.681,539.0854389228128
814.8,541.9456171088584
814.918,545.8438905329992
815.037,542.4659734809496
815.156,536.3045066453501
815.274,531.7075419742524
815.393,523.3426119351896
815.512,511.12833124677593
815.631,503.9893752336869
815.749,494.70150147168
815.868,489.5642770603225
815.987,481.3777019996143
816.105,482.6560620038411
816.224,495.4322575059032
816.343,503.48550928502146
816.461,507.1794537048324
816.58,489.08984834109344
816.698,467.29028626739796
816.817,448.8353129382913
816.936,423.51627034511546
817.055,407.4786130333249
817.173,387.4574059379845
817.292,371.02494343138864
817.41,356.69637702868874
817.529,334.62235608053425
817.648,322.9154346994794
817.766,327.64401115392263
817.885,326.91457895035717
818.004,328.9098220714671
818.122,322.26783575534773
818.241,317.67779749117636
818.359,314.0349453741911
818.478,326.4665521316647
818.597,346.8747822657616
818.715,373.4024929193391
818.834,401.63734711540553
818.953,405.14528788771815
819.071,422.79756102120047
819.19,458.31226781405087
819.308,562.7014581659638
819.427,724.3999812471338
819.546,915.8508363683745
819.664,1077.1188479581883
819.783,1174.1685098111664
819.901,1129.8682704151731
820.02,995.9102873429504
820.138,804.2592309822523
820.257,632.0332717227536
820.376,482.3555333960551
820.494,395.0447522526642
820.613,346.99351876575565
820.731,332.26621472279527
820.85,311.13678251922994
820.969,294.3839736922879
821.087,291.4865761207571
821.206,295.66969802974586
821.324,302.4034692893841
821.443,329.5086691204512
821.561,367.95845769610725
821.68,407.3762116397289
821.798,424.4866062759912
821.917,428.3363948516477
822.035,417.8164864576071
822.154,381.84809321508175
822.273,348.9879250807814
822.391,316.9156357343599
822.51,299.8580650026569
822.628,280.04551591597567
822.747,270.48837808470563
822.865,275.8420627642581
822.984,280.0563535044168
823.102,273.2689126428438
823.221,274.1516016514007
823.339,281.70528633095324
823.458,287.8996636511983
823.576,279.35984183724423
823.695,294.55075595402604
823.813,299.8966484257863
823.932,299.6113720663776
824.05,294.71051129138436
824.169,295.9533734601141
824.287,299.3209109535193
824.406,287.2235133819894
824.524,276.23780412214785
824.643,283.74213815234964
824.761,277.5313206674
824.88,287.5793776413248
824.998,290.52959911741425
825.117,299.57072968441275
825.235,299.25774769729867
825.354,287.7343760997952
825.472,278.3114374027245
825.591,276.34737316452816
825.709,273.978114121137
825.828,282.99933126822214
825.946,280.2456566404153
826.064,279.77509889572525
826.183,270.68029872679284
826.301,255.67640764876944
826.42,241.53572003394945
826.538,237.29806272215976
826.657,241.769496319461
826.775,242.9361680120004
826.894,244.92361892531898
827.012,247.47210879967668
827.13,249.6621571155929
827.249,239.05566863497233
827.367,233.2898727950443
827.486,229.7543799854193
827.604,234.40157115847825
827.723,230.1517926345675
827.841,228.827555236198
827.959,232.63838277289352
828.078,234.8085176688965
828.196,238.89120667745345
828.315,255.80506451717912
828.433,268.88429032227276
828.552,280.7124338762841
828.67,292.92152981124786
828.788,295.9046517202378
828.907,293.3925355339896
829.025,276.40076566808784
829.143,258.41072740391763
829.262,229.71506143411978
829.38,188.43675708161254
829.499,145.3599916895198
829.617,109.53140632145329
829.735,82.27541684085057
829.854,68.31731815318635
829.972,59.674768103140984
830.091,60.51821520952804
830.209,64.7774973205705
830.327,72.45005391700167
830.446,87.25857337781812
830.564,105.04449630291909
830.682,136.12254294055717
830.801,169.1016746344382
830.919,206.85298056254373
831.037,236.97272469962445
831.156,249.70404840533837
831.274,250.63364050932088
831.392,242.50176075183168
831.511,218.62356064802202
831.629,193.6535856524374
831.747,165.2377232109655
831.866,154.00021574784859
831.984,144.32461304663656
832.102,143.52346921988345
832.221,144.66864573945077
832.339,159.01901706421296
832.457,161.27328449287117
832.576,163.20633980031727
832.694,154.6346332030015
832.812,150.40924695200604
832.93,136.5565850436466
833.049,132.03177501653113
833.167,121.17048310881196
833.285,126.26726923654073
833.404,128.83619305427422
833.522,134.11990486416565
833.64,133.85414778046646
833.759,138.55953262130132
833.877,137.01513098226133
833.995,142.79627046876237
834.113,145.83628441413768
834.232,160.76114684436124
834.35,180.79423438281012
834.468,204.60134789528507
834.586,227.47772547702425
834.705,256.18440608906667
834.823,277.888489298512
834.941,289.04971536510027
835.059,290.46895008969705
835.178,282.53407226018123
835.296,265.42430265577383
835.414,246.05565859249185
835.532,232.003897646093
835.651,218.7374180849755
835.769,216.67093852385796
835.887,223.98108233936352
836.005,240.78386684750967
836.124,255.44292841193277
836.242,269.65783413220004
836.36,289.65196063168815
836.478,307.2711953562846
836.596,322.97094956140074
836.715,342.37113666694984
836.833,358.96699476817014
836.951,370.6736753802131
837.069,378.64529105719134
837.188,382.34937426663714
837.306,386.0378730604986
837.424,402.0674973954856
837.542,413.40707844042913
837.66,422.0332395719525
837.779,425.04295048702545
837.897,433.6968172462541
838.015,445.5325021873008
838.133,450.614074574235
838.251,463.08525735077944
838.369,492.1313319022155
838.487,491.3514324276773
838.606,491.3723987540051
838.724,482.95353824050585
838.842,478.7000456923746
838.96,462.8621375598278
839.078,450.6597272627787
839.196,450.2174901259026
839.315,455.5189759327492
839.433,459.197085116219
839.551,467.62757525206973
839.669,473.7957277255829
839.787,476.7855252207411
839.905,464.254976395553
840.023,460.69325873919615
840.142,453.30989606119414
840.26,446.11787537453404
840.378,443.2574564194755
840.496,441.0541803215598
840.614,444.2950600677999
840.732,439.63637271447305
840.85,433.5240057074664
840.968,431.86012354894467
841.087,422.8377998319814
841.205,412.6379869375289
841.323,412.4684770733793
841.441,417.2738589841214
841.559,423.07058288620544
841.677,426.68375700473985
841.795,442.43372766007064
841.913,457.37677190847506
842.031,478.28085511791846
842.149,487.96329330571666
842.267,509.82754967533316
842.385,532.4268709800145
842.504,541.6538979124017
842.622,547.7475915114553
842.74,556.7919344611582
842.858,566.0215587961424
842.976,584.2754255553689
843.094,582.595958981262
843.212,589.5320768227396
843.33,594.9002292962517
843.448,589.5662172675995
843.566,580.102335109077
843.684,570.7501412622428
843.802,576.4533586708199
843.92,581.9894765122973
844.038,587.1091441373244
844.156,594.0002403337801
844.274,605.7986958375948
844.392,618.2283201725784
844.51,621.522879572497
844.628,629.1118112667879
844.746,635.595981056317
844.864,628.7121854778809
844.982,616.4058790769338
845.1,602.1489233253378
845.218,590.5975952793692
845.336,561.6445356316692
845.454,534.1953720878652
845.572,514.0267280245807
845.69,474.1083004115127
845.808,434.31368232225407
845.926,396.73378284771417
846.044,373.820550039841
846.162,356.7549362795869
846.28,325.7152965453067
846.398,310.83063516600475
846.516,293.64727248800136
846.634,271.56780591389395
846.752,246.5264345778817
846.87,217.81666497347132
846.988,203.03849710066265
847.106,189.6170391845639
847.224,164.78172845461245
847.342,152.46589824414133
847.46,141.70504638864855
847.578,133.1147573037185
847.696,126.82749852181891
847.814,115.74698788738206
847.932,118.01811124410295
848.05,105.99137465343907
848.168,98.3511508033923
848.285,101.28243873480915
848.403,101.94012791064577
848.521,104.25246141943059
848.639,116.84051649474515
848.757,133.67188416890326
848.875,148.53074095792056
848.993,158.34706537335026
849.111,173.07421229960264
849.229,190.57538519988088
849.347,203.04798667158784
849.465,211.0686400913468
849.582,220.53085195266442
849.7,242.53159195251027
849.818,255.17475619478057
849.936,264.5330719522023
850.054,271.32601974425614
850.172,284.0159372332796
850.29,291.9889716054199
850.408,294.31871593427013
850.525,305.02854684320687
850.643,316.6180314317975
850.761,323.9572995701717
850.879,325.7632343752126
850.997,336.47999169107607
851.115,338.7846277948183
851.233,346.40614701544354
851.35,354.31511212351444
851.468,361.59637160387973
851.586,362.0810942877082
851.704,365.16321956893944
851.822,365.5094141142398
851.94,377.72054372447525
852.057,407.5585131615505
852.175,451.67527047741356
852.293,507.17730917855783
852.411,568.7572699576242
852.529,634.4367978362575
852.647,701.7578841564493
852.764,757.4651176627881
852.882,808.1610957578714
853.0,860.451013246894
853.118,897.0855194805054
853.236,931.906172900264
853.353,959.5354843286805
853.471,976.8851420774433
853.589,977.6018993933058
853.707,959.4996090901204
853.824,934.57567376529
853.942,902.733989522711
854.06,864.8143832022097
854.178,830.2991058860375
854.296,790.4807982668349
854.413,749.7326205177621
854.531,706.2727544570012
854.649,666.1981697815215
854.767,630.953888136345
854.884,582.9511649327271
855.002,525.4817750624426
855.12,464.37428995406276
855.238,404.55944553832364
855.355,351.02079159877496
855.473,302.83971341680206
855.591,259.98071315690686
855.708,212.28361765891654
855.826,171.13890311330712
855.944,131.89895047245943
856.062,94.72164787154968
856.179,74.61955817304215
856.297,48.37665742686666
856.415,26.74740748746661
856.532,8.527961431920541
856.65,-9.42135033044143
856.768,-13.1511654073428
856.886,-21.871732224250575
857.003,-22.255615739228517
857.121,-21.805408968059865
857.239,-27.436583979588004
857.356,-30.518942329773054
857.474,-35.65013109670877
857.592,-39.4513359392859
857.709,-37.73392130082672
857.827,-35.13612538989806
857.945,-24.59145360858726
858.062,-15.348061736992257
858.18,-4.752165298774056
858.298,-2.111532577219614
858.415,2.044585822837218
858.533,2.9932159167096595
858.651,7.395508571908637
858.768,9.841905737885577
858.886,16.443324326597118
859.003,15.914244836984475
859.121,11.86383570318318
859.239,5.898091698927356
859.356,1.9980044945178919
859.474,-6.62112224732221
859.592,-10.750461854003918
859.709,-13.968094744611392
859.827,-12.403620940706489
859.944,-13.268478169704597
860.062,-13.15226663939986
860.18,-12.925860196896771
860.297,-13.203741343864706
860.415,-15.618202014793079
860.532,-19.089293399519658
860.65,-18.38059396486382
860.768,-10.04985273445982
860.885,-0.7806146691838365
861.003,4.457283912985416
861.12,15.630172512934152
861.238,24.571792068281518
861.356,26.642827348240324
861.473,32.31730089918148
861.591,43.90903776489974
861.708,51.09646750369797
861.826,55.21729475353597
861.943,54.579252290460346
862.061,59.572378658553504
862.178,54.15598121712271
862.296,46.512743948852076
862.414,45.64959326066803
862.531,47.70938629542782
862.649,49.287794048802255
862.766,60.21425375022862
862.884,64.03595154689283
863.001,60.185761517335706
863.119,47.64958617134879
863.236,42.76008933008808
863.354,44.13868746806534
863.471,38.18065394853183
863.589,43.71853913587374
863.706,53.28506447367039
863.824,60.55554672711811
863.941,63.08556032069326
864.059,69.1449100857435
864.176,88.30829941860024
864.294,107.70470728428931
864.411,115.23210683124964
864.529,124.45214707085077
864.646,117.79599683426143
864.764,109.67144832927389
864.881,100.00317688056336
864.999,96.46737296432035
865.116,106.82680714331534
865.233,114.24338417945319
865.351,128.45130320693298
865.468,148.47740405259447
865.586,168.00480359955463
865.703,191.00146721577886
865.821,213.50289273676492
865.938,242.09869055212326
866.056,258.9291204021139
866.173,258.2521909447455
866.29,252.46530477742039
866.408,236.51131904299567
866.525,228.76945452069214
866.643,222.93581510661352
866.76,225.06754365790266
866.878,238.14732415724353
866.995,238.89636872584845
867.112,243.8038548528949
867.23,249.74337561197603
867.347,242.2742383623994
867.465,241.24752535524712
867.582,231.5134530407358
867.699,223.45903440587819
867.817,218.88600105240587
867.934,210.42552181148758
868.051,208.9459949515217
868.169,220.62490964999733
868.286,229.21118365583226
868.404,239.65373471794413
868.521,247.1776710614413
868.638,262.3197892231201
868.756,282.3363662592579
868.873,307.03346277591515
868.99,329.4301263921396
869.108,357.39215797373197
869.225,381.7784319795669
869.342,409.559511180207
869.46,450.0643999046564
869.577,487.7857388455562
869.694,526.4118396912179
869.812,556.9989794979188
869.929,585.5298422483423
870.046,608.3403586784198
870.164,626.4582344158566
870.281,640.9535993307825
870.398,659.8195270162712
870.516,658.5581819744871
870.633,649.7903434262096
870.75,631.11774297317
870.867,617.2581295331177
870.985,596.5422390367883
871.102,587.7380368521472
871.219,566.6931420268136
871.337,553.9019268551594
871.454,539.5410147138084
871.571,515.0848644772193
871.688,491.8572856692016
871.806,466.743126774604
871.923,436.0255046765433
872.04,412.42736309796334
872.157,377.661256151418
872.275,359.92112323084666
872.392,345.0225487518337
872.509,326.5672643161108
872.626,309.6825426509505
872.744,297.2973880853574
872.861,276.8637486712795
872.978,261.18595341304575
873.095,241.27958672624078
873.213,222.41737588359175
873.33,199.21317369895138
873.447,175.36048666582633
873.564,147.70173902664067
873.681,127.42048056494426
873.799,103.00329136731698
873.916,91.80514978873728
874.033,74.85220192029192
874.15,55.97960784290623
874.267,34.4593101075969
874.385,17.55636893577396
874.502,8.359259165918292
874.619,-8.231101287117928
874.736,-15.079133244649718
874.853,-10.42475237907932
874.97,-15.726365082605634
875.088,-20.70205475130459
875.205,-21.101407850233002
875.322,-19.62249490299297
875.439,-13.037456205718726
875.556,-15.473351466009982
875.673,-3.432616798490469
875.791,-0.30215166535198
875.908,-2.6059560397263737
876.025,-0.3611655888435834
876.142,4.318151974685756
876.259,-1.0576151713407822
876.376,-5.356303939025896
876.493,-10.126518171855686
876.61,-8.434321571136325
876.728,-10.257827885266106
876.845,-4.364894405643029
876.962,2.923232178542402
877.079,11.162630339547443
877.196,10.425688632608534
877.313,2.861696731424189
877.43,-6.672507924209878
877.547,-13.143753369290668
877.664,-11.690564977039745
877.781,-9.577751123103516
877.898,-6.223747520683731
878.016,1.1869227330668588
878.133,6.924358550217944
878.25,2.339767202559276
878.367,1.3599992628787574
878.484,-1.0062525687874033
878.601,0.6706736081228737
878.718,-3.014047516795589
878.835,-5.834445368483034
878.952,-6.202649159574715
879.069,-1.8160218485730344
879.186,-2.6713685528530218
879.303,1.5330404433014164
879.42,-0.7180722708373218
879.537,-6.365566486548781
879.654,-15.803523212360792
879.771,-19.43897901278092
879.888,-24.03069220637372
880.005,-30.024621993996906
880.122,-35.91646731311228
880.239,-41.70622816371986
880.356,-47.39390454581966
