wavelength_nm,intensity
792.446,119.15157160896202
792.565,165.21763221502275
792.684,194.83434217173283
792.803,208.00170147909216
792.922,204.7197101371006
793.041,164.09979671718725
793.16,129.4859439033345
793.279,91.62696586503951
793.398,62.56170767334237
793.518,50.516926320853685
793.637,55.443221457685155
793.756,72.43668041309482
793.875,97.0661509227596
793.994,131.28752684306136
794.113,174.1961291034675
794.232,206.1998658796914
794.351,217.18542083773372
794.47,197.42638705118753
794.589,167.926227723516
794.708,140.9169774867536
794.827,116.91119045345442
794.946,98.49414800889969
795.066,97.12212720936647
795.185,107.98214104186792
795.304,117.32873496094946
795.423,112.70996091466317
795.542,113.04529942248965
795.661,118.61959896927729
795.78,118.10472102688763
795.899,113.25391234856718
796.018,117.55375302089604
796.137,110.86121930612393
796.256,106.94657443239183
796.375,100.71214000050551
796.494,88.77633167784467
796.613,77.23984289501053
796.732,65.42236061357244
796.851,62.96213242563515
796.97,69.48349902137096
797.089,65.1510067431327
797.208,63.072281200324994
797.327,68.99929232333844
797.446,75.59951662943857
797.565,84.46121279701056
797.684,91.34379748172697
797.803,101.4863726898939
797.922,112.72962149733866
798.041,112.16921438371844
798.16,106.19263462082922
798.279,88.84220251854049
798.398,77.8393034189888
798.517,77.48672029692233
798.636,72.71192380299102
798.755,79.43370464214587
798.874,88.83713082898169
798.993,96.85770650244288
799.112,106.57692691694886
799.231,105.56530746816425
799.35,109.65498672067838
799.469,125.17323740176408
799.588,128.22308981445158
799.707,132.085929240126
799.826,129.45179896883056
799.945,120.22286350273004
800.064,114.41384145654293
800.183,116.39962460516114
800.302,114.65294022131198
800.421,121.53915627036356
800.54,128.61065370469657
800.659,132.2501165069949
800.778,140.55105117076522
800.897,152.3377001202498
801.016,163.7589811043663
801.135,180.10147420969514
801.254,183.8456989167557
801.373,188.68949072338364
801.492,185.4562262529554
801.611,184.36668472625007
801.729,186.9048488272503
801.848,201.90448478972215
801.967,207.07814672621979
802.086,217.30895151986022
802.205,213.1120506857949
802.324,204.39220612878603
802.443,171.88881178822754
802.562,148.5646382268899
802.681,123.10626553135339
802.8,104.43630743946929
802.919,83.45378676560233
803.038,66.95063887779519
803.157,47.60472604964582
803.276,30.427232664646723
803.394,10.202778137577202
803.513,7.422333370204628
803.632,-3.361225984859799
803.751,-10.735898685983422
803.87,-11.691330207508914
803.989,-18.461288804505227
804.108,-28.163005835092076
804.227,-27.249838342967394
804.346,-26.274124105053446
804.465,-17.734529385688894
804.583,-21.364146436765303
804.702,-19.345599815321915
804.821,-8.529045728973767
804.94,-5.3855546659639835
805.059,-5.6220405737849095
805.178,7.9657910756240105
805.297,20.443319071211423
805.416,35.6289832158337
805.535,43.61460861771897
805.653,42.3420320746148
805.772,50.4069292782854
805.891,56.644781802786284
806.01,57.3960632004253
806.129,67.87683094958659
806.248,90.64086615819203
806.367,112.65534339292053
806.485,142.97436961268346
806.604,181.68401198955326
806.723,228.44300501577362
806.842,274.04269068268655
806.961,309.5341512413742
807.08,334.1485555230057
807.198,351.5361199777973
807.317,342.6102645191691
807.436,331.4038895800214
807.555,317.100544943904
807.674,289.6127847233709
807.793,275.4090071868204
807.912,268.95414739918766
808.03,271.68889800116534
808.149,284.09983907933355
808.268,302.5670572137787
808.387,338.2117645257128
808.506,376.77248915366414
808.624,412.2171964655979
808.743,451.40129771692557
808.862,476.9585591414135
808.981,485.8422274923083
809.1,471.6852032025107
809.219,450.0918152763495
809.337,425.5694230211839
809.456,394.01326453225226
809.575,366.89173807795265
809.694,343.6576575110988
809.812,333.9214124420806
809.931,321.77824096613597
810.05,320.2264114815335
810.169,327.5880019103512
810.288,347.0422330318095
810.406,362.2557715125752
810.525,373.33857406260506
810.644,382.00319479445307
810.763,402.33621379469935
810.882,410.47875660446954
811.0,419.9096111025517
811.119,421.4651409253093
811.238,428.54880927620536
811.357,437.6091010037248
811.475,439.1975312593826
811.594,443.1591216882004
811.713,458.0358636321697
811.832,475.8831683467017
811.95,489.86553799629877
812.069,488.4184704164586
812.188,494.07789634311183
812.307,503.659400191843
812.425,503.30151010118027
812.544,488.5358278027254
812.663,480.58572991985477
812.782,473.9204805218327
812.9,458.3106423792219
813.019,446.17266570847255
813.138,443.9368535398877
813.257,454.6274482977098
813.375,465.4565711940602
813.494,471.86058586530237
813.613,497.26200313394736
813.731,512.7162342554064
813.85,529.2293398357402
813.969,547.7701510437797
814.088,559.9135596544168
814.206,580.3045873126727
814.325,596.6609829362965
814.444,605.7256036681454
814.562,627.6655490753187
814.681,644.1847152617131
814.8,669.4510675952936
814.918,680.0117922232464
815.037,683.3223004009828
815.156,691.8639774098881
815.274,697.3796803928192
815.393,694.5672448476114
815.512,687.9522118998065
815.631,687.803845618668
815.749,688.4121892942394
815.868,679.3737797230574
815.987,680.5319069484125
816.105,681.0952289789626
816.224,675.5503259012874
816.343,674.0036912218807
816.461,661.9791344645517
816.58,647.7320668847119
816.698,623.7914928113655
816.817,601.5842520713525
816.936,575.0376173919457
817.055,540.2199870415434
817.173,510.7140450028293
817.292,496.41589517190766
817.41,483.6302994535404
817.529,465.6975175879869
817.648,444.0686318263299
817.766,427.56961619454296
817.885,406.6255789177344
818.004,397.0702862296705
818.122,395.77819700480995
818.241,404.4800471738887
818.359,410.2035423646124
818.478,409.55387738217587
818.597,413.43494833047504
818.715,420.1852833480381
818.834,439.89090804823985
818.953,461.0784206150886
819.071,484.0147635733108
819.19,502.04911279508383
819.308,509.6700715248083
819.427,509.36841535806326
819.546,506.1646968712064
819.664,503.4222889939971
819.783,506.5371899927397
819.901,533.026533155087
820.02,560.8568445236755
820.138,576.9680780252754
820.257,578.7173451830573
820.376,549.3310762344847
820.494,497.9862988797273
820.613,441.58111720111435
820.731,389.1227968284154
820.85,363.48178985463517
820.969,338.3048521449242
821.087,338.90367201097075
821.206,356.15357412809965
821.324,383.67274031449267
821.443,428.60835671733594
821.561,486.3483021245082
821.68,547.9661696096025
821.798,577.6030847137445
821.917,575.4451946230811
822.035,565.8725859176991
822.154,529.264479376819
822.273,480.96806114762734
822.391,437.70540915220164
822.51,408.82111213513065
822.628,390.55066793191236
822.747,374.37199862046907
822.865,372.62190073759723
822.984,380.2233180062406
823.102,377.30438895453767
823.221,376.2503949677699
823.339,383.3955351801362
823.458,387.5623204141476
823.576,382.09707101612435
823.695,389.78593417221384
823.813,385.59600944951535
823.932,378.68920160993366
824.05,364.5122639002219
824.169,365.11627857146243
824.287,370.6025443249538
824.406,370.763268952904
824.524,375.9785390353997
824.643,391.68038920447543
824.761,386.3346203259322
824.88,380.40530166383905
824.998,374.5426496684125
825.117,378.1735041664924
825.235,381.30046256067624
825.354,375.4144339418732
825.472,372.55264774731256
825.591,375.7947576566479
825.709,378.12864245775796
825.828,374.91967011601065
825.946,370.32887959244493
826.064,366.0454483762385
826.183,357.17586997388474
826.301,349.9781530433927
826.42,340.24017637264103
826.538,344.78271918240887
826.657,353.44993731685213
826.775,363.36564029978035
826.894,367.89173289309815
827.012,364.97193804052847
827.13,357.54824708406255
827.249,347.28472928776966
827.367,326.47229374255886
827.486,310.69275863024836
827.604,294.98508498979913
827.723,282.6445109164495
827.841,273.77320091236413
827.959,268.0819774883653
828.078,272.62711770073
828.196,283.01554795638486
828.315,302.13384834190975
828.433,326.75777643306236
828.552,354.38170452421514
828.67,375.79004819978366
828.788,381.8918983688589
828.907,372.4413675855532
829.025,349.4237372351479
829.143,317.1706090492445
829.262,265.6532388113688
829.38,213.9261303330649
829.499,168.29238500874118
829.617,126.74161391830887
829.735,88.73362840143909
829.854,67.03549495055458
829.972,60.61586891187376
830.091,66.59011855208112
830.209,71.02337857100743
830.327,86.80976021292179
830.446,109.2989799138505
830.564,131.11110801471852
830.682,167.22897780968958
830.801,201.76448244293178
830.919,239.62196560901504
831.037,272.41872633536934
831.156,291.2065944680438
831.274,287.18493879119444
831.392,263.007438958501
831.511,238.97972267559126
831.629,221.46629210696705
831.747,199.4117359972172
831.866,192.79873832902553
831.984,197.55543763053066
832.102,211.82382524372395
832.221,214.6922128569172
832.339,215.50172601123603
832.457,232.43504868936463
832.576,232.03850123762317
832.694,232.37182391575186
832.812,230.97873966747363
832.93,220.682625116165
833.049,209.07568805403375
833.167,197.05316657631806
833.285,192.70423817219552
833.404,203.3726257853893
833.522,208.0401475977172
833.64,214.33364343601914
833.759,223.05397910116102
833.877,223.58297277496087
833.995,225.0331785699728
834.113,250.92494280654302
834.232,276.03748626389256
834.35,321.4019777731901
834.468,362.9941749101932
834.586,390.7465452073692
834.705,424.18722719285677
834.823,436.17163212206736
834.941,429.38114527638606
835.059,427.4270220670686
835.178,406.05125383610635
835.296,385.36119989085853
835.414,352.14214161660635
835.532,325.033040052311
835.651,317.9706917347687
835.769,309.6148369237201
835.887,310.11006436375374
836.005,336.8728242713199
836.124,368.7576621009641
836.242,397.60440469251307
836.36,422.4598052927199
836.478,450.46239204011295
836.596,468.8909528134797
836.715,474.4554443227772
836.833,488.6034856156243
836.951,503.4433018002462
837.069,514.0251093268595
837.188,524.9991246456806
837.306,543.6415382328998
837.424,560.0077613439288
837.542,568.0657593467326
837.66,570.8233244491038
837.779,587.4951752657605
837.897,593.8709221863137
838.015,603.8085738687716
838.133,611.6431952481993
838.251,614.8734876232977
838.369,620.690792985409
838.487,619.3834230228449
838.606,616.3998625840904
838.724,614.9773411063748
838.842,616.3089321827717
838.96,613.1937700124156
839.078,611.4084779719294
839.196,618.5218872301448
839.315,622.6283700814338
839.433,621.2924286902985
839.551,615.2430673857435
839.669,611.3478186353013
839.787,609.2906651229544
839.905,596.4508276279234
840.023,598.1200810419834
840.142,605.1650920318012
840.26,599.1901896017055
840.378,597.570265526588
840.496,590.1650600661891
840.614,592.7537939997296
840.732,589.400536591279
840.85,584.4256341611832
840.968,586.152030432386
841.087,585.4940111191735
841.205,583.126035096004
841.323,581.2662841810594
841.441,581.9130267726084
841.559,594.8160464204345
841.677,611.6783734275682
841.795,629.222951516953
841.913,641.0359278747362
842.031,657.2670860507013
842.149,664.6419671703895
842.267,669.5467184199476
842.385,686.281772699809
842.504,709.6419352047785
842.622,736.4514483590988
842.74,755.4133424657998
842.858,768.6626824599468
842.976,770.5951393372108
843.094,766.1864706733494
843.212,766.2176288493148
843.33,765.5578779343712
843.448,762.96565948696
843.566,761.4825319486397
843.684,756.5292745401899
843.802,756.4019911577143
843.92,741.1465692471004
844.038,740.7708010161402
844.156,752.6435176336649
844.274,763.8426411775965
844.392,774.9240158037794
844.51,788.4521436767154
844.628,797.7949901643703
844.746,804.9231180373063
844.864,802.6997307587274
844.982,794.53781534162
845.1,784.3594497080626
845.218,769.869395762817
845.336,738.6789089171389
845.454,698.0927510757897
845.572,653.1576754855231
845.69,602.3152405878972
845.808,560.047697465163
845.926,515.4944400567144
846.044,484.1403168474001
846.162,457.7411719930642
846.28,425.8615076582088
846.398,399.44850999001994
846.516,374.096118382437
846.634,341.3160211471484
846.752,314.2692572451929
846.87,284.2822336029774
846.988,261.57832684387876
847.106,232.5428183531783
847.224,203.4198639750319
847.342,185.23803513801104
847.46,166.05966950445344
847.578,149.484767074359
847.696,135.65099018539019
847.814,134.83539511460333
847.932,130.95955355387235
848.05,129.6292154251099
848.168,129.28905677025108
848.285,133.73869706727078
848.403,142.8781537756382
848.521,154.01173844021298
848.639,166.28701773020663
848.757,182.0948134391818
848.875,190.5142241300745
848.993,205.06263914997163
849.111,220.70109745991226
849.229,231.93349516379237
849.347,240.03688853866822
849.465,243.2156065888687
849.582,251.12073156547626
849.7,260.10897342520065
849.818,272.95782134553133
849.936,276.6698727290656
850.054,291.8018375325135
850.172,298.60826121042027
850.29,299.01987969352194
850.408,300.3457838909092
850.525,309.8370560536646
850.643,325.32659661468836
850.761,333.19362635320135
850.879,330.0459374769957
850.997,347.31729621983766
851.115,358.9462307202553
851.233,366.77516522067293
851.35,376.9876495046402
851.468,381.5940731825469
851.586,391.8688951288519
851.704,399.7722885037282
851.822,405.3648593677822
851.94,434.88989776430367
852.057,469.4937240396129
852.175,523.8291520465239
852.293,592.9022423910968
852.411,664.8385361988733
852.529,754.4224490542691
852.647,842.7613402646435
852.764,914.7591059338926
852.882,991.3066551529251
853.0,1052.5381870559404
853.118,1102.206082595319
853.236,1144.4021166628363
853.353,1181.1825663147692
853.471,1202.5941847978709
853.589,1199.5296128047821
853.707,1174.5975083441613
853.824,1147.3034991216355
853.942,1106.7324336220536
854.06,1051.630632191736
854.178,999.7790472116344
854.296,966.2772457813167
854.413,923.3728469484013
854.531,874.2494004964383
854.649,821.2843956029167
854.767,765.8709058609103
854.884,708.7751650366529
855.002,636.78158871456
855.12,558.5343327387877
855.238,491.7987650747041
855.355,420.50215844958143
855.473,357.6817423006494
855.591,299.9686854590765
855.708,247.4409100027848
855.826,205.19971463307303
855.944,157.41648675109025
856.062,113.35701934585154
856.179,85.8903544454669
856.297,57.82452054944942
856.415,40.687167881778535
856.532,25.708078020056846
856.65,9.952796390648981
856.768,1.4593045688209534
856.886,-16.61681511656413
857.003,-29.120009153193216
857.121,-30.611444082374888
857.239,-39.428027804759196
857.356,-37.85076477716357
857.474,-42.401187201396155
857.592,-46.80207369169716
857.709,-42.228096969254466
857.827,-41.01179397280879
857.945,-39.07666518262539
858.062,-29.29642006296048
858.18,-20.476517599656496
858.298,-2.503017081625603
858.415,4.722614759304768
858.533,16.797518434121944
858.651,23.17645210201097
858.768,24.17394135520808
858.886,18.962049305694208
859.003,18.172185415980405
859.121,11.808547427684026
859.239,10.381982542579891
859.356,3.9490165486568416
859.474,0.6163307088340924
859.592,1.125831617151266
859.709,2.0529669894949887
859.827,1.9458673242318056
859.944,3.398408297374244
860.062,-0.11007305664671563
860.18,-5.763089738705309
860.297,-11.596458481049577
860.415,-20.996885910621092
860.532,-15.557131339233335
860.65,-17.767886739632765
860.768,-12.428725993444202
860.885,1.2282273270148938
861.003,4.193274813159129
861.12,20.43784155056123
861.238,26.63474338808726
861.356,28.87471791391279
861.473,38.67663814652822
861.591,45.03235304808392
861.708,57.19970637959139
861.826,69.63932096510952
861.943,76.39504162209496
862.061,80.9835745076794
862.178,72.5765124449792
862.296,64.77959431250144
862.414,59.976541801690416
862.531,54.102180171072575
862.649,45.01995814631114
862.766,42.4522864598003
862.884,43.55975862988636
863.001,43.72816394788056
863.119,48.289417032967734
863.236,57.06243583344208
863.354,68.19130437568157
863.471,72.46735068622579
863.589,66.99880825218135
863.706,65.22290651077762
863.824,63.560424682793865
863.941,73.33170908857645
864.059,81.71338310474877
864.176,98.85349867936266
864.294,111.29231555267783
864.411,121.48437917923978
864.529,126.2037155330744
864.646,128.55508651894365
864.764,136.80082979918524
864.881,135.74267697553074
864.999,144.61179687914893
865.116,153.01165271350294
865.233,155.40458214093064
865.351,166.35768472853158
865.468,186.17052757587268
865.586,212.89072973057313
865.703,248.54513101947276
865.821,266.47832018716014
865.938,290.8781760215143
866.056,310.95768553552216
866.173,305.851047863383
866.29,307.22752707436086
866.408,302.6663439476764
866.525,296.7198794357107
866.643,300.04527639560644
866.76,297.123054307883
866.878,300.41901403834146
866.995,302.41280926663524
867.112,296.40920189752626
867.23,299.28438240720504
867.347,296.27471443203535
867.465,281.43474342656253
867.582,286.5047291310465
867.699,273.94874080955617
867.817,269.4040078993212
867.934,270.9813529111642
868.051,277.1465767108859
868.169,288.99491739372456
868.286,306.6856823189876
868.404,313.25090611870945
868.521,342.8014113037128
868.638,359.25754419434384
868.756,381.84181561311345
868.873,415.0399398457359
868.99,440.68221992251415
869.108,473.96865584344823
869.225,504.7771696864603
869.342,536.1112246550133
869.46,594.7509073291942
869.577,647.5897242025094
869.694,702.0146882619717
869.812,737.9669250487068
869.929,768.9182960345761
870.046,796.0159873667659
870.164,815.1379211231981
870.281,824.3949198146952
870.398,846.0822215364956
870.516,847.4985275873005
870.633,849.1685132917851
870.75,826.3501873079582
870.867,815.6461470384172
870.985,802.1741414009107
871.102,779.4614431227117
871.219,750.3383552341231
871.337,725.0403755706429
871.454,693.1397985045653
871.571,664.8920352913017
871.688,625.0685145022804
871.806,595.3471582154239
871.923,566.8725551753203
872.04,525.7962205334852
872.157,490.1649075366719
872.275,463.15870276496685
872.392,435.5576927984569
872.509,408.2328733081375
872.626,382.12017502993945
872.744,357.3061780504428
872.861,331.1978087765738
872.978,299.3673615806269
873.095,271.45985810762363
873.213,249.9610126432786
873.33,225.0967992135656
873.447,198.43864638991334
873.564,172.43503902080656
873.681,142.4167130369812
873.799,114.69102774579642
873.916,86.41555890482799
874.033,63.14788227165178
874.15,46.173721347344866
874.267,32.50139796293766
874.385,18.84093212871116
874.502,6.595114337520882
874.619,0.5158283820754601
874.736,-8.2922866046809
874.853,-15.942992241212979
874.97,-25.83743769317148
875.088,-25.15362010980959
875.205,-28.179087091926554
875.322,-21.174768766173454
875.439,-20.853303458062733
875.556,-15.417013119342569
875.673,-14.557600470629351
875.791,-11.418810340966324
875.908,-12.445293288896314
876.025,-9.251056008153006
876.142,-10.426054770669545
876.259,-8.321241708172002
876.376,-18.95887555939253
876.493,-18.982276393201815
876.61,-16.27784435265015
876.728,-14.480489059132328
876.845,-1.54667083145781
876.962,3.900345009716812
877.079,5.0803211838406135
877.196,3.241885353375743
877.313,-12.262694828582092
877.43,-14.316939064788082
877.547,-16.14170036777641
877.664,-16.23627685889623
877.781,-7.621213684853996
877.898,-3.575781389487985
878.016,-9.758023816877802
878.133,-13.496632145322287
878.25,-14.873245445408582
878.367,-7.914854972087227
878.484,-9.424035076503664
878.601,-4.301148245670435
878.718,-3.5103419207183775
878.835,-6.410680696594232
878.952,-12.760717352730897
879.069,-17.66799610814724
879.186,-15.613649813626804
879.303,-19.347799037111688
879.42,-28.364117367644234
879.537,-29.868738801473388
879.654,-33.98858664244614
879.771,-34.90598924172
879.888,-36.124942940293515
880.005,-38.15824172576606
880.122,-40.53891261893884
880.239,-43.26695561981188
880.356,-46.342370728385205
