wavelength_nm,intensity
792.446,144.36531409876474
792.565,191.30592015937083
792.684,222.01492448837521
792.803,236.49232708577784
792.922,234.73812795157852
793.041,203.88531409876475
793.16,161.4177816312324
793.279,126.0783876918385
793.398,97.22211063556152
793.518,78.16756518101606
793.637,82.5580413714922
793.756,96.4983011117518
793.875,125.1589071723578
793.994,162.40825782170833
794.113,204.79180760525813
794.232,235.14938336283387
794.351,250.54765176110232
794.47,233.48185089530148
794.589,209.77449158794224
794.708,172.37275998621067
794.827,140.40046561391634
794.946,122.20479461824533
795.066,119.48011929357008
795.185,121.81951323296394
795.304,134.47579028924102
795.423,141.41172102517172
795.542,153.9796863931371
795.661,151.60912362257432
795.78,153.39267340612403
795.899,153.41605002950064
796.018,147.82384223729287
796.137,142.975357388808
796.256,141.4654006788513
796.375,142.60998942343997
796.494,132.97449158794223
796.613,127.61085522430587
796.732,124.16410197755259
796.851,112.25241366586432
796.97,98.37622318967391
797.089,85.47925349270423
797.208,87.35024916369991
797.327,92.97362578707654
797.446,87.51648292993373
797.565,101.60479461824538
797.684,110.16583357928434
797.803,126.29397210742286
797.922,136.3216777351285
798.041,137.68011929357004
798.16,140.18834440179515
798.279,131.83682925028
798.398,106.59700241045311
798.517,97.67838769183837
798.636,86.71128812473881
798.755,94.0688638823145
798.874,99.83769505114574
798.993,113.68617989963056
799.112,122.8766560901067
799.231,136.15371236716294
799.35,143.57362578707637
799.469,158.19440500785558
799.588,157.60825782170838
799.707,162.42124483469536
799.826,157.33639634984695
799.945,153.06107167452228
800.064,143.16410197755266
800.183,141.59700241045311
800.302,134.76929678274757
800.421,134.89397210742288
800.54,130.2550110684618
800.659,138.88617989963058
800.778,140.20133141478206
800.897,156.00046561391616
801.016,171.90522751867803
801.135,183.98747860092917
801.254,193.36323617668677
801.373,198.04029245374306
801.492,191.69050890395965
801.611,191.7208119342627
801.729,187.80306301651376
801.848,203.31215392560455
801.967,208.1684309818815
802.086,222.44375565720614
802.205,231.3641019775524
802.324,227.1242751377256
802.443,201.25241366586422
802.562,175.67838769183825
802.681,145.48877730222793
802.8,117.02552783344038
802.919,84.40201325315113
803.038,72.27975823790838
803.157,55.00750179757648
803.276,41.449716850837575
803.394,16.583481863635782
803.513,4.033928918230981
803.632,-9.992897872155828
803.751,-18.133743076915444
803.87,-25.81213137351374
803.989,-20.54548117730625
804.108,-25.428192422361967
804.227,-23.554916769046685
804.346,-27.92648065753044
804.465,-21.415463867915786
804.583,-12.513547611376277
804.702,-3.2770216664122387
804.821,7.619760770362712
804.94,11.259209944484747
805.059,14.087897007870938
805.178,19.771184035770656
805.297,21.289599152715482
805.416,26.424809706205828
805.535,41.44327967939424
805.653,46.040469936989496
805.772,53.69155040246342
805.891,49.42568599291934
806.01,56.031216201874365
806.129,72.48878644597733
806.248,91.0552153825642
806.367,118.90445555767575
806.485,162.762301531064
806.604,203.0881911879894
806.723,244.8114834423174
806.842,286.07590123777106
806.961,319.43295972586554
807.08,351.67140349534515
807.198,357.4146091695866
807.317,349.05132133733434
807.436,335.06985168690005
807.555,319.2104599585436
807.674,305.6740119531308
807.793,297.32977173992595
807.912,293.7179990591886
808.03,297.4620705342956
808.149,303.45376105702155
808.268,323.7666637009596
808.387,351.1072719726032
808.506,390.8279668243331
808.624,430.5105664379678
808.743,463.88926994770645
808.862,489.7536877431594
808.981,485.7237332442402
809.1,482.28338913493116
809.219,472.19196277454023
809.337,439.50140221501493
809.456,413.10867715332506
809.575,387.6596750353581
809.694,365.78729629401437
809.812,341.0196794574326
809.931,323.94470331349146
810.05,319.84721634703976
810.169,329.3384739693329
810.288,334.82886579076023
810.406,357.6725043654345
810.525,377.58713861110436
810.644,381.39960835460977
810.763,380.9618616478988
810.882,394.2972751143481
811.0,401.8586626067716
811.119,411.5040327831778
811.238,419.7485371587183
811.357,438.7575436987611
811.475,444.52672339897674
811.594,438.4482840515735
811.713,452.4546931890189
811.832,477.3745222398841
811.95,501.25971925611714
812.069,507.32933185676575
812.188,519.3443990028686
812.307,519.8356566251618
812.425,512.0775635981042
812.544,497.74804199961784
812.663,495.3916805742918
812.782,490.78596849961497
812.9,489.1949750396569
813.019,480.5658863416035
813.138,479.69091019766256
813.257,484.24710288489035
813.375,498.5175812864038
813.494,502.0235575234148
813.613,524.7191441500362
813.731,544.8822632441899
813.85,562.33888883185
813.969,574.5452979692939
814.088,588.1681573231881
814.206,609.379761265827
814.325,617.8961271132277
814.444,624.1726661208018
814.562,654.0318891110596
814.681,677.1967398069451
814.8,701.0178675591078
814.918,711.0641035363789
815.037,715.074841678152
815.156,713.3340646684103
815.274,695.2764045417855
815.393,687.9927703891867
815.512,692.7948505223023
815.631,690.314679573167
815.749,694.6102661997891
815.868,685.4305281510858
815.987,673.3070671586595
816.105,673.6017879844151
816.224,670.2566819703437
816.343,674.5288919735885
816.461,678.5197166954484
816.58,670.0551301618973
816.698,642.3784224162248
816.817,612.6601562289939
816.936,573.3462190460918
817.055,548.8989485298564
817.173,521.2395568014998
817.292,496.7896888826672
817.41,481.3043231283368
817.529,459.72198767703696
817.648,427.37947906556406
817.766,414.6871869043075
817.885,397.6399163880727
818.004,389.89740777659995
818.122,387.7064143166423
818.241,392.30329964456354
818.359,398.01447068677055
818.478,404.5732607765965
818.597,416.95715909153046
818.715,431.4562089216157
818.834,448.9148497655241
818.953,437.76192497226566
819.071,463.2545320465822
819.19,486.5703181289376
819.308,630.956243218703
819.427,807.7105687534405
819.546,985.1364301436872
819.664,1132.8651810758433
819.783,1194.3425422313567
819.901,1140.2938171873143
820.02,1019.2268913920383
820.138,829.0713730111623
820.257,713.9514986611441
820.376,590.0289397798753
820.494,498.08756686098707
820.613,437.01479126132523
820.731,397.3620624282306
820.85,374.7845604086061
820.969,348.82993058501245
821.087,340.3376384237564
821.206,360.3163419334959
821.324,390.0751320233219
821.443,442.77851085773665
821.561,498.9390325492941
821.68,547.7956581369556
821.798,571.1501192224528
821.917,561.649169052539
822.035,542.1906431250494
822.154,509.7537622192049
822.273,462.0458856423646
822.391,428.5683120958271
822.51,400.91671257526343
822.628,373.1213901109768
822.747,363.64641396703666
822.865,364.7662430179018
822.984,371.70165648435136
823.102,368.26564137937237
823.221,372.5543015990686
823.339,371.2550830308859
823.458,372.44417615101463
823.576,369.87569351356774
823.695,374.4379468068568
823.813,379.45994035988633
823.932,375.09924993023196
824.05,363.0589058209241
824.169,374.4713755644301
824.287,373.04142106551194
824.406,363.07813323326036
824.524,357.8828107689742
824.643,358.14549696269665
824.761,359.5380532862892
824.88,364.10983038910234
824.998,369.8002222105301
825.117,394.1901811315248
825.235,402.92213139451087
825.354,394.4835188869341
825.472,393.60421373866495
825.591,387.31192157740895
825.709,388.0914908880144
825.828,384.510887038447
825.946,376.57703643563286
826.064,373.42933301896596
826.183,363.9993785200481
826.301,357.76596081766706
826.42,351.52734831009127
826.538,349.15280506658456
826.657,354.9462271910432
826.775,351.0193029951557
826.894,350.81099351788305
827.012,347.0251948631211
827.13,334.7294394984025
827.249,328.8778399778397
827.367,310.5526473836836
827.486,298.8196625817354
827.604,289.48581197892133
827.723,281.4004462245921
827.841,278.0475480027302
827.959,277.7162948025132
828.078,277.70538792264233
828.196,290.4070351553258
828.315,302.9935308728577
828.433,326.31595732632064
828.552,355.07301581441567
828.67,380.2179530903895
828.788,391.41830162177473
828.907,394.10003543454513
829.025,378.10471297025924
829.143,338.06956366614656
829.262,285.9329957425705
829.38,228.10504699396398
829.499,170.063362203806
829.617,118.15316106711107
829.735,84.41784193943366
829.854,65.79831652512087
829.972,56.564621982184846
830.091,55.636133693865084
830.209,68.83273849268508
830.327,81.97603108688273
830.446,98.0305633637605
830.564,124.86574736270205
830.682,167.71095557283047
830.801,204.03221738895107
830.919,235.1785989421428
831.037,260.2877469138331
831.156,272.2066366176699
831.274,271.3921929881734
831.392,258.4374896184172
831.511,249.25334901922378
831.629,233.41033396115577
831.747,224.29199422776318
831.866,215.10265882337492
831.984,212.1358342414975
832.102,219.9811308717414
832.221,222.26365693921497
832.339,216.38168084218643
832.457,221.18368742914046
832.576,217.05062908102963
832.694,221.58943220478017
832.812,220.42520502550036
832.93,225.7276445128872
833.049,228.569477939668
833.167,214.83209058722804
833.285,197.43669457677942
833.404,199.76164488667723
833.522,201.4303181402982
833.64,203.24358013850804
833.759,208.62653910641495
833.877,215.80084006566375
833.995,218.46951331928483
834.113,231.40139003610926
834.232,252.48737930704624
834.35,289.01839022300493
834.468,321.5926911822537
834.586,358.80681898132946
834.705,388.79237535183387
834.823,409.1917845361912
834.941,412.3201980495529
835.059,407.1360574503607
835.178,392.75364845289994
835.296,371.4197243039241
835.414,338.6944581636063
835.532,325.5380231921199
835.651,323.05951029855567
835.769,321.87017489416934
835.887,328.03928104822467
836.005,339.7720235659164
836.124,367.33333751217947
836.242,391.8210583848492
836.36,403.50704765578735
836.478,432.3272360609243
836.596,454.138766457403
836.715,464.4221583257431
836.833,472.9531692417024
836.951,478.93959141307323
837.069,495.55718241561306
837.188,507.0587561021356
837.306,518.4598968882254
837.424,546.5051935184712
837.542,552.7790615772883
837.66,568.2486006317763
837.779,577.4887024568271
837.897,580.684648437722
838.015,582.7108974489196
838.133,585.1432070661779
838.251,591.8993262072456
838.369,608.4909431838112
838.487,602.6756337534505
838.606,609.6049130676788
838.724,615.2909023386172
838.842,617.3431253757892
838.96,605.3356081532207
839.078,607.5696493722107
839.196,610.805422192932
839.315,616.7269092993677
839.433,607.1306474880546
839.551,605.1517016940575
839.669,612.1147472420515
839.787,606.2881824004353
839.905,595.3733058705074
840.023,597.1060483881984
840.142,599.3019943690929
840.26,593.9784598305071
840.378,584.4860941230899
840.496,586.9764123983565
840.614,594.7784189853114
840.732,596.0799926718335
840.85,593.4854624622515
840.968,588.8346551963923
841.087,582.3691293158149
841.205,569.3676726993067
841.323,559.672709589292
841.441,559.3881360896669
841.559,563.8992335857131
841.677,577.6518895233177
841.795,577.2963203526972
841.913,592.8862057275312
842.031,615.2085586348328
842.149,636.0659764771995
842.267,658.3138705100421
842.385,687.8734528545731
842.504,709.3308706969399
842.622,735.2056045566228
842.74,745.0638881998555
842.858,770.7031242240405
842.976,779.9943083001738
843.094,774.9331114239264
843.212,772.1299232056879
843.33,772.0496787103931
843.448,763.6317718774362
843.566,759.0052070358212
843.684,754.2288586444226
843.802,755.6386574391711
843.92,747.4701012555647
844.038,742.6236229940362
844.156,752.8403481957112
844.274,768.8882422285548
844.392,780.52141764668
844.51,797.407406917619
844.628,798.7825736777359
844.746,801.4529785330909
844.864,791.4194872845499
844.982,781.8206280706409
845.1,766.5923316272947
845.218,742.7787537986671
845.336,714.1553718931124
845.454,687.1909645587456
845.572,644.9785792749001
845.69,599.7021640442135
845.808,551.9573898623566
845.926,512.851616036689
846.044,474.01860880097684
846.162,441.119840016692
846.28,414.98301531154016
846.398,387.7589227615523
846.516,370.4796141339741
846.634,336.0720969114068
846.752,312.86717709143676
846.87,281.5168027260122
846.988,262.14045433461365
847.106,240.1467899258991
847.224,217.85875322281237
847.342,182.20054289609368
847.46,161.23615683217145
847.578,139.249897788513
847.696,129.39485824210942
847.814,124.59941389596943
847.932,133.96202887392434
848.05,126.47762064310152
848.168,134.80423639486895
848.285,140.0944609211563
848.403,154.33222697641986
848.521,165.4782536937338
848.639,176.73718990539157
848.757,195.07189985719242
848.875,205.38095238592985
848.993,206.73498455575552
849.111,223.56260979917414
849.229,234.27421772657533
849.347,242.64556591371684
849.465,243.02816951211383
849.582,248.4133705131082
849.7,260.1648052803363
849.818,276.73875087007514
849.936,295.8468955940132
850.054,313.50828707119797
850.172,318.1991157778201
850.29,319.28215227665027
850.408,319.3989550092466
850.525,321.06727289335817
850.643,325.71654315842204
850.761,338.2238220814946
850.879,347.3137849872511
850.997,369.8271245163843
851.115,378.2859185909721
851.233,382.6763143971616
851.35,387.4822946189356
851.468,389.7306990831338
851.586,395.6526966209249
851.704,401.02664221066414
851.822,413.39539299520834
851.94,445.41262862823726
852.057,484.00821923962116
852.175,538.2358444830396
852.293,604.0496169126052
852.411,676.3248612036426
852.529,764.857248351823
852.647,843.8666917770597
852.764,919.6285161546773
852.882,985.5314660734205
853.0,1046.685498243246
853.118,1088.3252446987858
853.236,1125.8238656131998
853.353,1149.8965125016398
853.471,1170.3068217277423
853.589,1177.5353127720266
853.707,1169.4044964570035
853.824,1148.1290913973917
853.942,1117.3783616624555
854.06,1068.577415477303
854.178,1022.1201922358734
854.296,980.5019300334048
854.413,941.04990159717
854.531,891.8853190483807
854.649,834.1614291402841
854.767,776.5128639075122
854.884,713.2937359041775
855.002,639.5456035718385
855.12,563.1178175598457
855.238,503.788732846554
855.355,436.270037743652
855.473,362.60415649356366
855.591,295.8179289231291
855.708,239.74858446957748
855.826,190.39179412858005
855.944,141.3909056939116
856.062,103.72562089456211
856.179,81.61088085708876
856.297,57.571641155470004
856.415,35.5688478311848
856.532,17.353672194294056
856.65,-2.538179952518612
856.768,-10.720497432172454
856.886,-29.109603061708846
857.003,-31.694391833392935
857.121,-34.422697631616245
857.239,-27.9765283988015
857.356,-30.228615342808506
857.474,-35.86076375580369
857.592,-50.043536527959155
857.709,-46.76255660267974
857.827,-49.14546820743713
857.945,-32.51921749849078
858.062,-21.207407651352696
858.18,-4.458190531813294
858.298,6.345758704094821
858.415,5.53500105509106
858.533,2.0837411410991704
858.651,3.550604028879051
858.768,6.158664784401845
858.886,15.151200926163245
859.003,19.59773619385246
859.121,22.457679293049225
859.239,24.46895681382896
859.356,17.372065595438208
859.474,8.630126996002982
859.592,0.27431974294225525
859.709,0.4911675789260892
859.827,-5.160788389976024
859.944,-6.314684203239416
860.062,-7.215786916541555
860.18,-15.490869795793845
860.297,-21.670753234534935
860.415,-28.983024360985123
860.532,-30.722210032403403
860.65,-20.51518812960189
860.768,-17.496698604481384
860.885,-2.5319102449595974
861.003,6.979214506146047
861.12,8.241517612861553
861.238,17.660977797493175
861.356,27.891620295112425
861.473,40.618159640527566
861.591,52.92569935705274
861.708,55.81085786074544
861.826,66.85215623511749
861.943,67.96126145966215
862.061,63.809403388241186
862.178,63.72421198348688
862.296,64.95417209388421
862.414,62.56595038609974
862.531,54.06946281388797
862.649,41.71153055100595
862.766,36.800056167453036
862.884,35.24947817492584
863.001,43.07600912205645
863.119,51.75001654679311
863.236,63.16398834436535
863.354,71.62733796208961
863.471,73.29670742967213
863.589,72.74616347734121
863.706,69.32808705747782
863.824,69.02862535622916
863.941,78.76033248614934
864.059,87.41498333901345
864.176,102.46184198408527
864.294,117.63770495816138
864.411,130.32525624392574
864.529,135.77730969419235
864.646,132.24235015744605
864.764,128.41734733065664
864.881,125.1758942874169
864.999,124.9370386467748
865.116,135.31030421825403
865.233,148.19092909709258
865.351,168.43345873783596
865.468,185.6526117552028
865.586,210.08475178555682
865.703,239.7783636773828
865.821,271.2295513267843
865.938,295.19502469047177
866.056,317.09296558662686
866.173,316.16146925334453
866.29,316.15205084214017
866.408,313.2214203097237
866.525,308.3782356647532
866.643,302.17401205874387
866.76,300.16978845273456
866.878,299.42876830992884
866.995,299.701600980976
867.112,288.13374101133047
867.23,283.1312490070529
867.347,281.8724799464983
867.465,281.6292953015282
867.582,275.0830803535279
867.699,273.7645710332334
867.817,275.86857253544974
867.934,282.97950044459265
868.051,290.2099088732161
868.169,293.43425669577897
868.286,305.17808503782237
868.404,319.9591428170952
868.521,331.42851228467964
868.638,347.66671292109527
868.756,358.0746105272078
868.873,388.4452786960909
868.99,429.407288856316
869.108,471.54938559662736
869.225,511.7365039819601
869.342,552.8309816746521
869.46,604.2120394539238
869.577,649.2277292678278
869.694,687.1429861812987
869.812,727.5387625752892
869.929,768.2566168913577
870.046,804.3458997788546
870.164,823.7312865624558
870.281,842.499357328741
870.398,855.5150471426451
870.516,853.6406936665061
870.633,843.0182882423148
870.75,818.0123330345739
870.867,792.1933908138461
870.985,771.0004226190923
871.102,746.4801816970657
871.219,724.427473242572
871.337,698.4578816711949
871.454,674.4190260305538
871.571,648.2857980955405
871.688,614.7794099873671
871.806,586.9639309701028
871.923,559.8904432948297
872.04,525.1338387364395
872.157,486.8655458663609
872.275,456.9210625200917
872.392,429.9644579617013
872.509,405.734260329718
872.626,381.9265735202456
872.744,363.3310079228945
872.861,345.2168276069285
872.978,318.88186807018326
873.095,290.1140081005374
873.213,267.41714380188716
873.33,239.26659984955734
873.447,209.09787407904594
873.564,176.68499246437875
873.681,145.19332297092365
873.799,116.842779018594
873.916,97.24028701431612
874.033,83.96593353817666
874.15,75.4327056031626
874.267,54.76320170566261
874.385,37.16607803134968
874.502,18.54835646783681
874.619,6.076260526645211
874.736,-11.017735805026383
874.853,-7.385085142293064
874.97,-5.231570237721325
875.088,-3.021574697924242
875.205,-5.026275364627809
875.322,-1.7031098964476534
875.439,-5.324544868361505
875.556,-4.0918562286992035
875.673,-13.92891237102462
875.791,-12.41723733753744
875.908,-17.51499243449585
876.025,-17.42906694255378
876.142,-10.70006210579457
876.259,-11.043942854218377
876.376,-13.935484533854405
876.493,-17.612987371914308
876.61,-22.073981333618747
876.728,-21.765236205976006
876.845,-19.566970445921203
876.962,-10.882257446806445
877.079,-4.945893666031065
877.196,-6.476773997962545
877.313,-5.395000775257314
877.43,-4.113358260607614
877.547,-12.24625937397578
877.664,-15.714952374920387
877.781,-18.82749294152474
877.898,-16.219781808557684
878.016,-22.2806006466896
878.133,-20.62080847655136
878.25,-15.187045366687336
878.367,-7.854208443938677
878.484,-15.721738232105098
878.601,-15.877135263291306
878.718,-20.115927453862703
878.835,-16.898891856044443
878.952,-20.742874790609193
879.069,-14.09716634565834
879.186,-16.09713774929814
879.303,-19.847848226031946
879.42,-24.31034027126377
879.537,-30.136133005031763
879.654,-33.47301578747695
879.771,-31.023747176595727
879.888,-31.98823444056057
880.005,-34.73779895959111
880.122,-38.63226789764935
880.239,-43.671641254735334
880.356,-49.855919030849066
