wavelength_nm,intensity
792.446,147.50327644466253
792.565,178.66751886890503
792.684,197.56293012431638
792.803,204.1895102108965
792.922,198.54725912864524
793.041,165.20007298145913
793.16,130.39660977799602
793.279,107.59660977799601
793.398,87.42604700743325
793.518,73.92539765678396
793.637,79.205700687087
793.756,97.27518120656754
793.875,113.5641422455285
793.994,142.91067904206523
794.113,175.16933705072313
794.232,198.77301670440275
794.351,199.44552752691354
794.47,183.99725912864523
794.589,163.1628435442297
794.708,137.79920718059344
794.827,115.1290773104636
794.946,110.48405566544197
795.066,102.1689041502904
795.185,98.36370934509559
795.304,94.95678293816918
795.423,98.11955350093976
795.542,101.39574397713024
795.661,98.25894744033378
795.78,103.8572158386022
795.899,107.06241064379705
796.018,104.9290773104637
796.137,99.92647990786625
796.256,100.59401237539872
796.375,105.36370934509561
796.494,98.72070045078267
796.613,84.24850954123224
796.732,74.48846779864704
796.851,67.33269427749602
796.97,63.57324141221787
797.089,57.3367577371711
797.208,60.98056548103652
797.327,69.06235753651464
797.446,68.74539226552008
797.565,75.93255113733773
797.684,87.96876136374192
797.803,100.14507949121543
797.922,108.66967732552673
798.041,113.80466477022765
798.16,122.26865654393276
798.279,115.25212883711862
798.398,104.39317688788017
798.517,100.04331584773254
798.636,89.25276216689234
798.755,85.4959747198184
798.874,83.70455523811245
798.993,89.32092796419857
799.112,96.77453012751415
799.231,96.17618423888193
799.35,102.48519765760881
799.469,108.68858337070813
799.588,112.33006432190277
799.707,112.18626388781595
799.826,105.24159765286342
799.945,101.6086197295991
800.064,102.64923487992797
800.183,102.0396335800406
800.302,101.54431799443871
800.421,107.02995478978934
800.54,105.33117600072438
800.659,103.85837123763332
800.778,105.59335868233444
800.897,108.60938563896654
801.016,117.9648627860042
801.135,156.56670222938124
801.254,192.4929808036634
801.373,230.21053282981958
801.492,237.5131022265824
801.611,239.76605695931968
801.729,218.77632343495813
801.848,180.32831723791304
801.967,149.4581281643289
802.086,154.58699921538482
802.205,158.35934810465255
802.324,160.96637728162602
802.443,146.59140801637017
802.562,133.99479372946917
802.681,109.4527248971137
802.8,86.20243095653301
802.919,68.99526233431706
803.038,57.90194879760996
803.157,46.56187841307555
803.276,23.16523862393339
803.394,8.741781198483089
803.513,-4.423575792331791
803.632,-23.06091955545369
803.751,-26.857473909687737
803.87,-26.422944967188386
803.989,-32.60982662678541
804.108,-27.66699476831563
804.227,-33.11341777423732
804.346,-24.253737432186007
804.465,-11.469187013326302
804.583,-12.610897309796018
804.702,-4.608854669999232
804.821,-3.169058684307041
804.94,-9.94158054953465
805.059,-9.768325825579089
805.178,-12.503323503634368
805.297,-0.39396033814087206
805.416,20.2346515179767
805.535,29.694403329375653
805.653,38.70924355358413
805.772,49.11445565219476
805.891,49.99348750344187
806.01,41.82834427785185
806.129,41.67503478587551
806.248,52.333629282362786
806.367,72.13575161626133
806.485,104.11254459858193
806.604,132.2761461569635
806.723,175.99101188839217
806.842,206.24478222605086
806.961,230.45785992301697
807.08,249.1765653256109
807.198,262.2563096892437
807.317,260.9949285117512
807.436,258.50237850309
807.555,244.24359472819498
807.674,236.57875034723946
807.793,223.85070250308047
807.912,215.76074989701672
808.03,216.22837304852885
808.149,217.94967585372046
808.268,235.00690939484292
808.387,260.9031039749264
808.506,301.297999853711
808.624,337.20285244245224
808.743,371.8730729965615
808.862,398.7406961480733
808.981,402.29230198356777
809.1,386.01360478875927
809.219,365.9392365982799
809.337,331.38434892728117
809.456,304.47101969784103
809.575,282.3767380874486
809.694,265.1854867800865
809.812,254.84185452034325
809.931,241.7700837324612
810.05,241.1260185722847
810.169,245.10186683202147
810.288,253.45433846838154
810.406,261.21460231253394
810.525,270.4164245982448
810.644,277.89876636447514
810.763,279.66768821728556
810.882,287.44353647702246
811.0,294.52068343805814
811.119,298.35367455493787
811.238,307.83168731683924
811.357,304.31056587960654
811.475,305.19983405276344
811.594,311.9220026588207
811.713,320.4736084943152
811.832,334.12045242504803
811.95,352.35690674539126
812.069,367.0756121479857
812.188,375.32678508304775
812.307,376.06020910036125
812.425,375.28713961118115
812.544,372.08116968910053
812.663,369.5617798536
812.782,363.5133856890951
812.9,379.61390927350794
813.019,398.2477661912541
813.138,411.7197183470954
813.257,433.4661293773956
813.375,449.8160036111588
813.494,458.70267438171857
813.613,467.84042740336054
813.731,473.1825094293315
813.85,484.8778382085493
813.969,492.4900501046503
814.088,489.14814944663885
814.206,490.013175195554
814.325,488.70850397477227
814.444,479.124179074337
814.562,493.30868534273293
814.681,504.1191656371028
814.8,522.307135108962
814.918,525.7054941912106
815.037,523.1055848751909
815.156,519.6390088925043
815.274,508.7992727366574
815.393,488.2495798708536
815.512,487.40378310894573
815.631,480.98482617387776
815.749,480.6585099314504
815.868,477.0889036457329
815.987,476.80674324746144
816.105,470.04233176693856
816.224,465.37662158511705
816.343,469.9195694119534
816.461,473.16381594008857
816.58,469.21585467601597
816.698,458.1362916803415
816.817,454.6939581218964
816.936,433.16331287513947
817.055,411.71665031236506
817.173,390.56349424309735
817.292,374.87007843356963
817.41,349.146359593739
817.529,327.43476196602967
817.648,312.50238511754094
817.766,315.35788705693074
817.885,305.2783240612556
818.004,313.16326323008263
818.122,320.7365140872214
818.241,329.57210260669785
818.359,332.1531456716289
818.478,342.4441454465167
818.597,361.80787249413197
818.715,378.6114387475711
818.834,385.83360529262836
818.953,394.0884400684446
819.071,398.7013678050621
819.19,397.21010609360746
819.308,389.67437051137364
819.427,389.117991756249
819.546,386.7585930269141
819.664,387.21751934109716
819.783,389.86866807108726
819.901,421.5287315240797
820.02,454.12668223080067
820.138,483.0018858655079
820.257,489.891103044721
820.376,471.20252089538815
820.494,424.934148526214
820.613,376.8677794127473
820.731,327.0761714724189
820.85,306.8528855330219
820.969,290.1871753512006
821.087,286.42709287500696
821.206,287.3665774983805
821.324,294.5640707797627
821.443,322.9269320265129
821.561,363.23524781871794
821.68,396.11932118668074
821.798,418.1003642516135
821.917,418.28313891827787
822.035,398.16115168018047
822.154,369.79154539446404
822.273,338.133627420436
822.391,313.1640211347195
822.51,297.69225034683836
822.628,291.04385618233357
822.747,286.416241238608
822.865,283.2423059485619
822.984,284.55408494423034
823.102,280.20092887496367
823.221,275.8564308143553
823.339,264.8089024507166
823.458,265.0548805805843
823.576,265.2082180178112
823.695,267.4680489615314
823.813,272.45082362819517
823.932,276.0509143121748
824.05,271.3306586758081
824.169,271.5151649442031
824.287,264.07369718662426
824.406,259.58893938575545
824.524,256.8184672991724
824.643,261.54842811302217
824.761,268.691375939859
824.88,268.1841073164793
824.998,275.6958863121473
825.117,278.20593370608356
825.235,277.841522225561
825.354,275.4727817407096
825.472,273.20447415629116
825.591,270.7959068316131
825.709,275.18301050260607
825.828,277.935482138967
825.946,275.2386031259775
826.064,267.8889102601741
826.183,265.4136762688298
826.301,264.5938535328967
826.42,260.8536844766172
826.538,260.58624269306506
826.657,262.10581389652594
826.775,259.3128309874328
826.894,252.34755370604523
827.012,238.71387815625945
827.13,234.21440174067266
827.249,242.90193831209865
827.367,238.61371730776705
827.486,239.21727119521046
827.604,233.74376880559782
827.723,225.5473226930415
827.841,222.89719692680563
827.959,207.8574607709595
828.078,214.97356877095763
828.196,228.64465512593398
828.315,235.0802436454125
828.433,254.79981484887375
828.552,272.54536007830905
828.67,290.6528100696491
828.788,292.008744909474
828.907,280.8296148142343
829.025,276.0539479224578
829.143,258.56745851985875
829.262,229.85166297286196
829.38,190.63564709560762
829.499,157.5150845380478
829.617,121.30737983195763
829.735,83.84230169759144
829.854,55.65612073785482
829.972,59.5061512428573
830.091,61.542332311420154
830.209,64.50997221342965
830.327,69.70539250654767
830.446,92.1431308842598
830.564,109.45462495078496
830.682,134.12800527746387
830.801,157.9953644250634
830.919,191.12884879823036
831.037,209.66622923806614
831.156,219.60174312926767
831.274,232.26452974774213
831.392,224.4745025134028
831.511,210.2056874002755
831.629,196.29271644299212
831.747,169.29576280172597
831.866,159.14989141154183
831.984,152.13648755382528
832.102,157.0745988476238
832.221,161.86379239250454
832.339,158.2434621278618
832.457,159.88806692815407
832.576,160.38981458558925
832.694,150.9123414638038
832.812,143.55836400222236
832.93,126.68372278875506
833.049,166.29587706184105
833.167,210.61184948126225
833.285,243.46766434544725
833.404,267.51632275371946
833.522,292.0816043292032
833.64,297.3490537190237
833.759,260.8647656164921
833.877,212.19719707469665
833.995,210.50998802520763
834.113,198.17697948466554
834.232,180.09889771103747
834.35,181.59510131920456
834.468,202.67665847391254
834.586,234.725585368049
834.705,252.93815553630665
834.823,266.7195568733955
834.941,279.74684565637165
835.059,275.8918833570968
835.178,267.662895083796
835.296,247.70143927802786
835.414,223.28890122117753
835.532,205.21315970112374
835.651,193.5642580079097
835.769,186.57942557876487
835.887,192.2785758336026
836.005,213.34569145640563
836.124,231.3755776419792
836.242,254.7422603643492
836.36,277.48902966680566
836.478,297.5059288393918
836.596,323.53148602063595
836.715,340.6999003447372
836.833,350.35835795888175
836.951,365.6072917635024
837.069,366.66401777591545
837.188,376.73719400477887
837.306,377.5497641730363
837.424,386.3502131291726
837.542,402.00261013725697
837.66,413.11647900681317
837.779,415.6329452789669
837.897,426.71910852081726
838.015,432.2000769574728
838.133,440.5312618443447
838.251,445.3213211900912
838.369,455.0551034795608
838.487,452.06247884262353
838.606,451.2828412186735
838.724,451.1655412570612
838.842,452.86036250756996
838.96,454.70236990526473
839.078,454.28377124235345
839.196,459.504999419269
839.315,466.38423625419296
839.433,456.12234754799164
839.551,454.34097832230987
839.669,456.1613406983596
839.787,454.7384130311194
839.905,450.93713038552426
840.023,445.04926765334915
840.142,443.53629669606573
840.26,436.4484339638904
840.378,421.7631686343125
840.496,409.1662149930463
840.614,409.85497563749453
840.732,416.972307710514
840.85,415.6653973592912
840.968,421.8918203414018
841.087,424.4299316352008
841.205,411.224319985277
841.323,406.197929114574
841.441,394.1585512308842
841.559,397.97804780606884
841.677,407.47546645917544
841.795,414.3598980992949
841.913,431.48848558357
842.031,449.92443237520456
842.149,456.1880847945447
842.267,476.029226391374
842.385,489.4340043518397
842.504,509.37471304823623
842.622,523.0349022641132
842.74,538.1305893154878
842.858,551.1777915183776
842.976,559.3990196952933
843.094,559.6315032834644
843.212,563.6787054863541
843.33,564.9241760875125
843.448,567.2406423596664
843.566,566.3744246491365
843.684,560.9307177611174
843.802,558.2411234272108
843.92,555.9974165391918
844.038,562.0394239368873
844.156,565.7922538454054
844.274,575.6758196846595
844.392,590.5767015412295
844.51,605.4074535276695
844.628,606.4780323539367
844.746,604.4152778468704
844.864,595.635640222921
844.982,584.9148770578461
845.1,566.5222524209096
845.218,553.1322251865705
845.336,534.3136265236599
845.454,514.0075819733033
845.572,485.7058664272756
845.69,454.765189842287
845.808,416.7033011360861
845.926,382.60764619611894
846.044,358.3483548925153
846.162,340.279539779388
846.28,318.54492380045974
846.398,300.5782731894968
846.516,274.9709299378412
846.634,253.06921439181338
846.752,228.23589711418379
846.87,203.5584239923982
846.988,189.7969681866299
847.106,165.91927233729967
847.224,143.73811746939143
847.342,130.0836594789205
847.46,110.93975369376642
847.578,99.72498750926769
847.696,97.51708605691445
847.814,94.4164412347063
847.932,88.09297944094381
848.05,77.71998160601419
848.168,83.06213459468408
848.285,94.99044325416526
848.403,103.84608950529471
848.521,112.62991816927986
848.639,123.94973975095266
848.757,134.07184598423126
848.875,137.81174978069868
848.993,142.99927262478508
849.111,155.88030196237804
849.229,165.35873389737372
849.347,179.15751215271573
849.465,187.91559776736517
849.582,198.63991714824834
849.7,219.05601142090651
849.818,236.4989455204044
849.936,245.39642507444762
850.054,264.17442410901026
850.172,270.3584837496336
850.29,286.236915684629
850.408,295.6937025979795
850.525,299.11066267150306
850.643,311.91376993117393
850.761,318.93679061075807
850.879,326.0801576106884
850.997,338.2044769915711
851.115,329.21710806076544
851.233,332.31805081827156
851.35,334.96877712556125
851.468,327.18313979648735
851.586,333.89793536784623
851.704,340.7581854846595
851.822,355.66345724649443
851.94,370.7496813892815
852.057,392.95971505587784
852.175,432.95416430688965
852.293,486.2888732981611
852.411,544.595010860861
852.529,617.065650588063
852.647,680.1163768953516
852.764,735.5134235489606
852.882,778.7052753973746
853.0,828.1707203193816
853.118,864.3764249816481
853.236,890.6972811590663
853.353,922.007747726095
853.471,948.4922402671498
853.589,956.5611483926201
853.707,947.1884980765321
853.824,925.7621681067649
853.942,894.1046693058288
854.06,847.2783393360615
854.178,795.1662950805803
854.296,760.2014369722851
854.413,722.6729425003539
854.531,688.3323268163012
854.649,646.9977717383094
854.767,607.3870261841271
854.884,557.2671897208537
855.002,507.3118554220824
855.12,454.3885557553457
855.238,404.81850284185566
855.355,352.5211772010929
855.473,299.4671416036201
855.591,241.2875648806064
855.708,191.85257690218145
855.826,150.06867117483876
855.944,118.97740614013676
856.062,88.01838299757435
856.179,67.59752177163355
856.297,48.21010894528088
856.415,26.809955035691495
856.532,6.800948151440457
856.65,-11.136480079732312
856.768,-15.946507139460783
856.886,-22.68383558550564
857.003,-33.35800420412546
857.121,-39.91496150870468
857.239,-44.1882401758524
857.356,-45.03371993879899
857.474,-48.71370673775205
857.592,-50.26798102240306
857.709,-41.117115746435346
857.827,-31.973056253209265
857.945,-26.428122889903403
858.062,-29.45460686198917
858.18,-18.697054878578253
858.298,-17.4361531473036
858.415,-17.317125309974656
858.533,-11.98309332148132
858.651,0.8893595388735491
858.768,13.010946961982942
858.886,21.73251991853839
859.003,19.360336617635
859.121,22.04357196658499
859.239,20.577865514974718
859.356,14.385311747501255
859.474,8.117640009091227
859.592,8.405550413186994
859.709,5.738357086958274
859.827,3.252703469579024
859.944,-0.4368829004195074
860.062,-3.907697116002384
860.18,-0.9866356040398755
860.297,-5.015430276617779
860.415,-11.737509496649176
860.532,-15.983527860994103
860.65,-22.50378739349234
860.768,-24.005026281454136
860.885,-17.39860056446494
861.003,-10.695341769367978
861.12,4.893364180733393
861.238,20.404716267074825
861.356,25.470969716309398
861.473,27.90381810018215
861.591,33.34054630647269
861.708,41.603646699771375
861.826,50.919050740675054
861.943,55.78144781923731
862.061,62.748606802561426
862.178,57.41342118392687
862.296,48.937518690984845
862.414,39.53962537533546
862.531,37.58041409737599
862.649,34.33393309772959
862.766,33.36076617040508
862.884,32.27426642903125
863.001,35.640989207289266
863.119,31.97982625804744
863.236,42.747234737376985
863.354,48.09126659332996
863.471,59.446553860538536
863.589,63.89188441779052
863.706,66.00388164170931
863.824,69.2379567877062
863.941,72.51012717179839
864.059,76.83078240437565
864.176,94.91767140318674
864.294,102.57079416823179
864.411,117.14253165189156
864.529,114.22768904897114
864.646,109.8704222036267
864.764,110.61964886477577
864.881,105.95588851293776
864.999,103.16831863729018
865.116,108.81191759281137
865.233,116.41915291196895
865.351,123.58829299303122
865.468,132.8431473598078
865.586,158.58285021143297
865.703,186.76324570375078
865.821,207.4587927112202
865.938,225.06169902604887
866.056,237.9304062066784
866.173,239.96448135267588
866.29,234.32582922594605
866.408,231.6819822940214
866.525,234.58445570841707
866.643,228.8877949236786
866.76,228.55477050257656
866.878,234.5550794148079
866.995,239.24023681188783
867.112,233.08556736914102
867.23,231.64431783981416
867.347,225.98055748797668
867.465,218.24926466860683
867.582,209.40368613495133
867.699,202.82823747142572
867.817,201.17659833170956
867.934,204.59162585866005
868.051,208.70622048517762
868.169,220.4060964969766
868.286,228.36224956505257
868.404,238.43615155087747
868.521,251.24858167523047
868.638,253.33720227577408
868.756,264.4812341317291
868.873,274.6044867669049
868.99,300.19354026788164
869.108,324.1678751541399
869.225,354.7370152352031
869.342,395.3884063985173
869.46,432.37399669603053
869.577,460.4712753052319
869.694,490.5105452564246
869.812,505.2883433461454
869.929,530.9986089683334
870.046,557.759091040738
870.164,586.8373220308913
870.281,612.1804880859795
870.398,625.5011433185567
870.516,635.7559976853331
870.633,629.7363931776507
870.75,609.62155057473
870.867,592.3482664133676
870.985,581.8048523818752
871.102,560.7765898655343
871.219,540.5024399033059
871.337,524.8421427549304
871.454,518.9939668186762
871.571,500.02284715947826
871.688,478.49934654789956
871.806,457.6061489666239
871.923,440.11121978361666
872.04,412.04053302485204
872.157,379.78110167734275
872.275,355.5285967367597
872.392,334.8189489390339
872.509,311.2538898858968
872.626,289.02909057301963
872.744,271.8190098748611
872.861,255.43143999921324
872.978,234.96335064304586
873.095,214.37318336480047
873.213,195.96656587010483
873.33,179.18332499878576
873.447,163.38103650841907
873.564,138.12679996610433
873.681,116.36780151902755
873.799,89.21659527974276
873.916,68.41257518764408
874.033,53.38344687043711
874.15,40.63310643201788
874.267,31.305056683182166
874.385,30.44526335774104
874.502,28.55804953705013
874.619,25.13931551930027
874.736,19.41143683832968
874.853,15.173196165971664
874.97,7.54666912283473
875.088,-1.8525010721271093
875.205,-10.08554710876608
875.322,-3.7011847929293604
875.439,1.6925882883788186
875.556,-2.2104140335376696
875.673,-2.3717694302010086
875.791,-8.525842088678164
875.908,-10.92954951057254
876.025,-17.107824643829083
876.142,-18.642763769828004
876.259,-12.49339707307217
876.376,-9.575163684189986
876.493,-4.910983650730037
876.61,7.242555848237789
876.728,12.657484969957476
876.845,22.95487186488141
876.962,16.78202257719832
877.079,12.29400252193752
877.196,5.665012119763395
877.313,-2.4303453225321974
877.43,-6.432419913759394
877.547,-3.4872670073648653
877.664,-7.359407456889961
877.781,-0.9535231616659021
877.898,-5.476916618664733
878.016,-2.0285172791027106
878.133,-2.988238930489725
878.25,-5.994657933272547
878.367,-10.735165280604981
878.484,-9.575117632405874
878.601,-15.365006583129723
878.718,-6.354206297478903
878.835,-7.944321433748706
878.952,-4.902653581689336
879.069,-2.7100784666872713
879.186,-7.780298730813416
879.303,-8.19593621995183
879.42,-9.352335886083509
879.537,-17.405163945841526
879.654,-16.170832094911
879.771,-21.152201956588463
879.888,-22.712559278387147
880.005,-25.783683597032002
880.122,-28.951586825825515
880.239,-32.216268964767714
880.356,-35.5777300138586
