wavelength_nm,intensity
792.446,156.13350287554223
792.565,182.71229075433018
792.684,199.1019011439406
792.803,205.30233404437354
792.922,201.31358945562872
793.041,176.20449854653776
793.16,142.85731239935166
793.279,116.92571066775002
793.398,102.80363274567212
793.518,99.1257106677501
793.637,103.35081889285834
793.756,115.53956348160287
793.875,141.9551478971872
793.994,172.60796175000104
794.113,192.79930374134298
794.232,200.0477885898278
794.351,194.31965006168923
794.47,178.72484486688404
794.589,157.89540763744682
794.708,137.26423880627794
794.827,125.67116521320438
794.946,122.7179184599577
795.066,120.9144552564945
795.185,122.49973664177593
795.304,122.25904400108337
795.423,122.83393577597514
795.542,125.24605698809634
795.661,125.38804833008766
795.78,121.09973664177599
795.899,125.77073231277168
796.018,121.58718252922188
796.137,123.3854509274903
796.256,121.92571066775008
796.375,115.61835136039075
796.494,111.15514789718725
796.613,101.08328642532575
796.732,91.08761542965475
796.851,87.79237733441668
796.97,76.66077560281495
797.089,71.086749628789
797.208,75.65558079762019
797.327,78.32571066775004
797.446,86.54735568939506
797.565,95.17073231277169
797.684,104.62614356818293
797.803,121.65211759415698
797.922,128.9785245205639
798.041,126.38631672835618
798.16,126.7092604512999
798.279,115.47116521320463
798.398,109.3291738712133
798.517,106.09367603571539
798.636,103.90060244264177
798.755,109.17419551623485
798.874,112.32051586255517
798.993,113.60536434740368
799.112,119.70233404437332
799.231,128.41142495346426
799.35,134.921381663421
799.469,139.82874097078025
799.588,139.9880483300876
799.707,132.67895742099668
799.826,121.51012625216553
799.945,113.51791845995774
800.064,114.56726910930836
800.183,113.88068902272829
800.302,109.85038599242527
800.421,112.05038599242523
800.54,114.02094876298798
800.659,116.87809162013087
800.778,117.69194443398376
800.897,126.95514789718723
801.016,139.5274422694816
801.135,148.42527776731714
801.254,152.49713923917858
801.373,152.0876154296547
801.492,146.1490872911266
801.611,144.31705265909204
801.729,138.65731239935178
801.848,142.7759271179665
801.967,148.1672691093085
802.086,160.75168469372406
802.205,157.91705265909195
802.324,141.9793903214296
802.443,110.67184749113741
802.562,87.26399410903426
802.681,60.475354592887186
802.8,40.200147538925535
802.919,25.46646116019697
803.038,20.691307814035508
803.157,16.51034691075057
803.276,7.610885427327413
803.394,-2.0672765334114676
803.513,-7.794334624936441
803.632,-18.036133775418175
803.751,-27.699215841815814
803.87,-31.021269403611644
803.989,-31.989058973214846
804.108,-33.157615047324285
804.227,-27.6371202490539
804.346,-21.503717890724822
804.465,-21.768125351489278
804.583,-16.783828987795832
804.702,-14.451688820881163
804.821,-10.951334575880345
804.94,-10.841484210546163
805.059,-11.152383130216963
805.178,-5.440970304484953
805.297,0.7432035336117829
805.416,3.7334693415388442
805.535,14.233114497424191
805.653,13.752793227091646
805.772,18.001137857780968
805.891,20.92244495781617
806.01,21.62893082034825
806.129,29.117104056178103
806.248,44.10628779550018
806.367,63.77181450508017
806.485,89.49845378052302
806.604,123.32287270726513
806.723,163.9948660075896
806.842,191.13272718476975
806.961,211.6991597905212
807.08,225.23355776423813
807.198,227.35929772929717
807.317,222.7768125861312
807.436,209.33978198841987
807.555,196.25772974568696
807.674,180.7505692778459
807.793,164.86765123424743
807.912,168.60291500883073
808.03,177.86631731155268
808.149,192.51759840215345
808.268,217.21216953604414
808.387,250.3751389383331
808.506,277.25412565663936
808.624,298.26211670395
808.743,311.3558220369749
808.862,319.7620814825539
808.981,314.8176915774834
809.1,293.3036047027159
809.219,268.604236442667
809.337,246.39664307439276
809.456,231.41675533382409
809.575,213.3537507101385
809.694,205.8968066925135
809.812,197.655447090473
809.931,194.87382774817274
810.05,195.30346381712806
810.169,197.55734231032585
810.288,201.84845024075295
810.406,213.21748024910204
810.525,216.17006004100094
810.644,226.94082165108165
810.763,231.6864750360542
810.882,237.4035569924552
811.0,249.7873056155227
811.119,255.6559027234385
811.238,260.85177255862675
811.357,267.75673330290573
811.475,266.4937286792194
811.594,277.0506374754465
811.713,279.56339042751796
811.832,292.3843684878145
811.95,305.26508680785133
812.069,314.8349826170659
812.188,328.8897269111291
812.307,341.7262893870104
812.425,350.3273540273939
812.544,358.799414338773
812.663,355.33987291855016
812.782,361.359119377115
812.9,360.0407034980175
813.019,370.68246077909305
813.138,396.25495399090465
813.257,416.16597534124435
813.375,430.06920448379174
813.494,441.62178427568995
813.613,443.51895281217674
813.731,442.0983724309149
813.85,436.36956694142776
813.969,436.3212809324601
814.088,446.25654470704234
814.206,441.22037991019613
814.325,444.36863069776547
814.444,456.6112537797072
814.562,466.06080326857534
814.681,469.4800497271407
814.8,477.60146068787026
814.918,470.2813132070415
815.037,461.4893042543513
815.156,447.82629963066535
815.274,444.26805691174127
815.393,434.5834072664103
815.512,436.7333896557112
815.631,427.44094780258774
815.749,426.7329215338797
815.868,421.54524158551806
815.987,418.7921936717886
816.105,416.79845311736665
816.224,417.421162779395
816.343,408.08283348038447
816.461,403.9505647874345
816.58,389.728252804441
816.698,378.55529147079807
816.817,370.60310935793416
816.936,352.0015765957196
817.055,337.34982738328836
817.173,321.51799159077024
817.292,299.0991428112392
817.41,283.89587844729226
817.529,274.4822244729558
817.648,261.40883023887886
817.766,254.1129251822911
817.885,241.25078635946943
818.004,235.92544407344394
818.122,236.15940914672564
818.241,236.6652356918689
818.359,246.86110552705543
818.478,255.78944289470962
818.597,256.2000313446149
818.715,266.2606272317074
818.834,270.24830679417397
818.953,256.162929794593
819.071,272.251867220093
819.19,283.97119686720293
819.308,390.8315553287538
819.427,518.9156862538385
819.546,650.6812763920286
819.664,751.8507112378065
819.783,770.8948726294713
819.901,701.1063728540186
820.02,591.4505594679845
820.138,447.78425802411084
820.257,365.45011400035526
820.376,294.13012417126555
820.494,249.29958305005334
820.613,229.05276226573744
820.731,209.6529611052533
820.85,195.40640669801576
820.969,195.0169951479209
821.087,208.46481303505547
821.206,219.50397291353198
821.324,244.61932326819908
821.443,276.5190892072817
821.561,316.99980752731665
821.68,331.8190539858798
821.798,330.7136251197676
821.917,313.0419624874214
822.035,285.923546608322
822.154,249.34019566428765
822.273,224.01052437393292
822.391,209.44708684981194
822.51,204.4065930486347
822.628,199.28125076260903
822.747,212.24162276229777
822.865,210.4755878355797
822.984,213.2662628655719
823.102,212.59633183495802
823.221,216.1965306744741
823.339,210.70408882134956
823.458,209.98047813705614
823.576,216.23349082938603
823.695,227.60511824033068
823.813,221.50661578114546
823.932,221.5449098587568
824.05,216.3823381355022
824.169,216.28816468064593
824.287,209.52645875825732
824.406,207.20631127742718
824.524,217.25326336369665
824.643,216.0023799521306
824.761,212.14024112930917
824.88,207.87204170042708
824.998,205.70514097284382
825.117,202.8862921933127
825.235,200.96094990728818
825.354,205.94036952602568
825.472,211.76307918805327
825.591,210.7520226163145
825.709,207.84399634760592
825.828,205.67449821742534
825.946,202.3101948924395
826.064,194.83680065836256
826.183,188.87596053683984
826.301,182.64585634605302
826.42,176.0365313760455
826.538,181.21335359218511
826.657,177.97978619793514
826.775,179.72111057857697
826.894,181.71784621463024
827.012,185.16306669916824
827.13,187.73296250838177
827.249,180.71065052538745
827.367,175.3524078064624
827.486,168.42360231697455
827.604,163.29739423008402
827.723,159.85516882717607
827.841,159.1324239437487
827.959,159.75859680923895
828.078,171.6436441336037
828.196,180.9260940553711
828.315,198.55399852259302
828.433,226.80787701578888
828.552,252.98643083366002
828.67,264.88446517101164
828.788,259.82492375078755
828.907,243.35672432190535
829.025,215.9162305207289
829.143,171.86595651319573
829.262,134.6792026645323
829.38,111.87967265261724
829.499,83.60586174155608
829.617,61.64608948233813
829.735,44.10603714459103
829.854,42.57115843127362
829.972,44.62938525018463
830.091,45.440484149253564
830.209,60.419281418205586
830.327,76.37205087351566
830.446,95.46495039985317
830.564,121.63071148542132
830.682,145.23418989298602
830.801,174.2948279515167
830.919,193.0268693907414
831.037,200.8099930810485
831.156,198.29701287525188
831.274,180.04550453092733
831.392,155.00611739872414
831.511,143.14681684660775
831.629,129.5429275499024
831.747,116.1805966947556
831.866,111.14727016861308
831.984,116.9139436424705
832.102,118.9455521812629
832.221,120.32088366377823
832.339,119.0615831116614
832.457,128.39708775434985
832.576,119.85219827423114
832.694,110.90837962345867
832.812,100.57522715906921
832.93,98.92061292240865
833.049,96.11138895188193
833.167,95.24022710979223
833.285,99.4329783897006
833.404,107.3638244315778
833.522,100.69499011722824
833.64,102.28843618243212
833.759,95.22286353924497
833.877,98.322581575232
833.995,103.95550040218154
834.113,118.13899129358651
834.232,139.23772218248075
834.35,160.21733731511802
834.468,177.96307196958685
834.586,200.16075467600393
834.705,212.41558023956412
834.823,219.06780840052699
834.941,213.55553439698758
835.059,202.32724307743075
835.178,188.10241496133713
835.296,161.27239204004866
835.414,143.94193621832727
835.532,134.9110474961732
835.651,136.26370855756892
835.769,148.6535990561942
835.887,155.2547449660749
836.005,169.85589087595582
836.124,189.56526189406185
836.242,190.26943810697304
836.36,199.3104108566807
836.478,209.1938078488126
836.596,221.59149055523022
836.715,234.5502122226868
836.833,238.8284144096238
836.951,257.3698200597643
837.069,266.06793566661463
837.188,271.448302355716
837.306,286.9005305166787
837.424,303.1795985044813
837.542,309.6058526394701
837.66,322.8598124021643
837.779,337.17957303065936
837.897,352.592840152661
838.015,351.6788345473899
838.133,354.208118985409
838.251,356.2707367567614
838.369,355.9515363462957
838.487,349.1189160224101
838.606,349.9304515426802
838.724,352.3307316516948
838.842,352.79248362218124
838.96,353.4914650298971
839.078,352.5809226280888
839.196,360.98553174143194
839.315,369.17628804092203
839.433,374.7488625222302
839.551,376.16559284769414
839.669,374.4585136493485
839.787,368.6051141046828
839.905,369.7162167245192
840.023,364.32948384652013
840.142,367.8708894966596
840.26,367.7941133286171
840.378,367.6627917060292
840.496,367.0396951916664
840.614,365.59581945652434
840.732,360.4584372278759
840.85,362.76694244511486
840.968,356.0944952814017
841.087,350.0566801523206
841.205,340.79115939553424
841.323,339.65983777294707
841.441,338.9475637694078
841.559,341.333125263704
841.677,351.8373014766146
841.795,373.3864993345468
841.913,385.53742879421054
842.031,405.66584743136326
842.149,424.50682018107017
842.267,439.2932474762318
842.385,442.7827050744239
842.504,446.53882933928276
842.622,459.36335187253997
842.74,468.46579648371926
842.858,473.9855571122147
842.976,491.76246059785285
843.094,497.93503507916193
843.212,498.40457925744056
843.33,495.9373268989225
843.448,485.26055073088065
843.566,480.03399101305536
843.684,479.1753966631953
843.802,479.9670187635518
843.92,483.9993335046008
844.038,482.66628028028174
844.156,490.34448246721786
844.274,502.7906500221192
844.392,508.2195015597044
844.51,519.728872577809
844.628,538.5932219508919
844.746,540.1450172114207
844.864,535.6647778399147
844.982,523.091897775768
845.1,497.1484549410585
845.218,469.40934111067816
845.336,437.0840800941506
845.454,402.85492297372724
845.572,374.65866628620444
845.69,336.4104615467336
845.808,310.2055468505527
845.926,289.64045899419864
846.044,263.7662802287537
846.162,244.35097592218324
846.28,216.47073655067783
846.398,196.24504263371824
846.516,172.24099373840392
846.634,148.85858986473477
846.752,127.94371845859814
846.87,110.95352237713684
846.988,96.03518776753694
847.106,74.09821892384656
847.224,61.99993552914569
847.342,58.95847363942964
847.46,50.465748305736696
847.578,45.24080727132632
847.696,35.23312772590231
847.814,29.570545190369412
847.932,28.077204682430988
848.05,18.115029084977483
848.168,35.96668994226304
848.285,44.201175805398194
848.403,48.93241993491308
848.521,58.763785590796886
848.639,63.35327319942463
848.757,83.33584673993917
848.875,100.66209953955001
848.993,106.42356770620862
849.111,122.58575814962734
849.229,131.31829374933494
849.347,147.31056960878288
849.465,173.53488010026538
849.582,193.35486158741898
849.7,223.3280898278193
849.818,243.88053884744042
849.936,249.11264154671528
850.054,255.25902996027605
850.172,255.71450928292793
850.29,268.06349509908637
850.408,277.4687579715218
850.525,283.22380439374086
850.643,288.8039590410681
850.761,294.32870243298396
850.879,291.97552374697773
850.997,297.14788618651255
851.115,292.23280273860155
851.233,289.224212797184
851.35,291.40869644884003
851.468,293.36720607452213
851.586,296.2512568257454
851.704,303.87383571549674
851.822,321.4418691507025
851.94,356.48089825690397
852.057,393.2723083154863
852.175,438.01783092818135
852.293,500.9720115495343
852.411,566.3513003959956
852.529,625.2093771212449
852.647,676.9159386949791
852.764,718.2147080609212
852.882,761.4580661714521
853.0,795.9940649746236
853.118,821.0105832583147
853.236,846.7266686415728
853.353,868.8436198256966
853.471,871.6220428712923
853.589,855.7156174320396
853.707,821.8377634213584
853.824,800.2222470730146
853.942,774.5729644909045
854.06,732.8596126447251
854.178,705.0648755171603
854.296,672.3749002943571
854.413,638.7039726906015
854.531,595.6079368617376
854.649,550.3932863142591
854.767,509.56564875379365
854.884,457.92415837947544
855.002,394.1536636761531
855.12,339.87061486027653
855.238,286.7754448322788
855.355,239.56512328912953
855.473,197.31843810961644
855.591,162.5808438391942
855.708,128.08307640859877
855.826,94.95993297397827
855.944,67.10114359378366
856.062,42.78792942020075
856.179,23.737623437616232
856.297,1.3858703596663764
856.415,-11.24517291002143
856.532,-26.85090979109375
856.65,-29.96914567190333
856.768,-31.38176911136968
856.886,-39.38182694384959
857.003,-38.49429363693885
857.121,-38.19003640229453
857.239,-40.18994271439439
857.356,-37.213635130149264
857.474,-41.44117267593478
857.592,-39.82548742091052
857.709,-35.94800224714919
857.827,-31.414656557001862
857.945,-22.32649435502382
858.062,-15.95371334940853
858.18,-6.263552232615716
858.298,-0.33161108144156337
858.415,4.367889757362814
858.533,5.942837457979566
858.651,13.27541430193519
858.768,25.476761344311
858.886,41.53972803437783
859.003,49.7651424464362
859.121,53.10218059728216
859.239,53.790059361082825
859.356,42.481980667357476
859.474,30.73091038186539
859.592,16.161462067889346
859.709,3.1486869182027846
859.827,4.8585072145469015
859.944,2.5413337422792037
860.062,-6.626234069459691
860.18,-7.7842501627212135
860.297,-14.834292752842954
860.415,-16.08305349617234
860.532,-15.19560712680566
860.65,-15.382364260978193
860.768,-3.102240459904122
860.885,11.427457109439846
861.003,19.297751023739345
861.12,30.558969645545773
861.238,38.39981513267777
861.356,41.50422312536685
861.473,43.76559292503897
861.591,51.67775834808468
861.708,59.61503199623841
861.826,60.84667793876462
861.943,62.38221998518694
862.061,58.25975337360059
862.178,52.10352052824804
862.296,43.45622878841212
862.414,34.82577573436449
862.531,33.95812407804924
862.649,31.113492139273397
862.766,29.868085447439086
862.884,41.70890193634783
863.001,51.06230337277262
863.119,59.50613656857887
863.236,64.81562082661175
863.354,62.041122400661976
863.471,55.265758173846336
863.589,50.706844163480724
863.706,51.21026781545267
863.824,56.22624557997869
863.941,60.64222334450473
864.059,69.88763833846798
864.176,80.77288017225806
864.294,89.26245101037719
864.411,96.11132920780364
864.529,97.51431995934269
864.646,98.08614187971278
864.764,101.18350492562398
864.881,99.0263225169897
864.999,104.97736521658038
865.116,106.20979319755637
865.233,119.95650689281781
865.351,129.61577470063327
865.468,142.0057784391846
865.586,164.5871241690778
865.703,188.86543959594076
865.821,201.57925285830157
865.938,220.49652932412556
866.056,220.33934691549058
866.173,216.43411255880343
866.29,204.56957084280893
866.408,193.7058949276804
866.525,192.16429693462985
866.643,187.64347816235875
866.76,189.94603601346438
866.878,200.9836587996349
866.995,204.41695258147632
867.112,200.3896403027116
867.23,202.24457910619793
867.347,197.8847992949657
867.465,192.9163614750754
867.582,187.08991499717658
867.699,183.8435550993643
867.817,185.25433805869483
867.934,195.905813658718
868.051,211.84560094705267
868.169,228.41655706655604
868.286,235.0671668657131
868.404,239.98790653499987
868.521,246.1034513990918
868.638,252.48999193417927
868.756,265.2211212138552
868.873,288.9158868571675
868.99,319.48944037926765
869.108,343.65433589270987
869.225,376.67550846242926
869.342,406.5875901230578
869.46,443.6295419135566
869.577,478.3953032278649
869.694,508.12556670667516
869.812,536.0774752071304
869.929,554.0579551361573
870.046,569.6678722946215
870.164,571.9860145613106
870.281,564.4470139708573
870.398,562.6248964972871
870.516,550.0365452574831
870.633,537.023085792571
870.75,521.9775916956245
870.867,510.35634002292056
870.985,501.7965602116884
871.102,477.2480358117116
871.219,461.9272170394402
871.337,448.9137575745281
871.454,437.05873966805734
871.571,412.4703884282535
871.688,384.02922333563583
871.806,364.05645651141657
871.923,333.42827843178617
872.04,301.5386284906838
872.157,272.3199742205772
872.275,258.62599527514595
872.392,247.30171329941174
872.509,225.4882538345002
872.626,207.87998917478347
872.744,193.14531758865994
872.861,176.31454210643278
872.978,157.00151554195452
873.095,137.35948464847212
873.213,124.42481306234899
873.33,107.11611550219993
873.447,88.14421447884749
873.564,62.16448991420288
873.681,47.458090711862816
873.799,38.126553908930134
873.916,22.99756229786566
874.033,17.81223588054491
874.15,18.199899928210264
874.267,20.48689132062433
874.385,21.386635158208364
874.502,17.84590390140996
874.619,19.38203750715947
874.736,18.608946366948324
874.853,6.979450781809305
874.97,0.3729765971759078
875.088,-0.1012239916376787
875.205,-3.8248646168484326
875.322,-3.3662170941408522
875.439,-7.143676841223651
875.556,0.30815353418326874
875.673,0.7308907408216534
875.791,-3.0969488794806423
875.908,-8.651770211210348
876.025,-5.864568544468352
876.142,-3.5479032594168434
876.259,3.4070927197250516
876.376,-0.4754654268105484
876.493,10.869127467744258
876.61,4.752114324542099
876.728,10.604761786396786
876.845,4.642304951025681
876.962,5.577162953214409
877.079,4.316731397062653
877.196,2.548943106512124
877.313,1.431234616034052
877.43,-0.2774917092547127
877.547,-5.36678762674386
877.664,1.6150942162168382
877.781,5.013317619704406
877.898,12.658522823787852
878.016,16.655667143536686
878.133,15.950478893999904
878.25,19.825175465438136
878.367,11.774327614944527
878.484,6.551672910685172
878.601,-1.566948511968723
878.718,-2.698621909210234
878.835,-9.19571526683226
878.952,-8.250554568881542
879.069,-11.836855974775267
879.186,-12.95429042115432
879.303,-9.499940557931016
879.42,-12.503708664997589
879.537,-12.38263242604831
879.654,-10.008457799198684
879.771,-13.126650770223929
879.888,-7.408043994393905
880.005,-10.844752246384054
880.122,-17.43792649034291
880.239,-27.187566726270504
880.356,-40.093672954166806
