wavelength_nm,intensity
792.446,0.23068343253603638
792.565,0.2507479037798654
792.684,0.26160292142650665
792.803,0.26324848547596025
792.922,0.255684595928226
793.041,0.2255915262551612
793.16,0.19074558569967828
793.279,0.17234874686537596
793.398,0.16172242281682586
793.518,0.15165598123679794
793.637,0.16250952765943438
793.756,0.17245336723905594
793.875,0.18911497909427424
793.994,0.21509434298037255
794.113,0.23851622913799508
794.232,0.25196076450255167
794.351,0.24739506600742048
794.47,0.22949353925475968
794.589,0.20949224890847334
794.708,0.18579328222993252
794.827,0.17326907921509266
794.946,0.1682399451584256
795.066,0.16942264578901178
795.185,0.1722285969049777
795.304,0.17485227971367284
795.423,0.184031082810759
795.542,0.19095319175369957
795.661,0.18637114632518093
795.78,0.18854038438570336
795.899,0.18600906175064758
796.018,0.1784772121923529
796.137,0.1670204639277174
796.256,0.16605517751118498
796.375,0.1657135266033861
796.494,0.1579985913911514
796.613,0.14300518408812846
796.732,0.13589345071789272
796.851,0.13698215648150075
796.97,0.13109644311532823
797.089,0.12972902213746312
797.208,0.1435479022765936
797.327,0.14739923978269068
797.446,0.1494630401228637
797.565,0.1519297923710388
797.684,0.1565559745197037
797.803,0.17047865768584486
797.922,0.1721869122248395
798.041,0.17022119348499162
798.16,0.17487680011375406
798.279,0.16619494379164818
798.398,0.16097618530768606
798.517,0.15753924256296242
798.636,0.1562895195054874
798.755,0.16169136364338965
798.874,0.15840726472583916
798.993,0.15354650408306345
799.112,0.16474987488019252
799.231,0.17047538829916736
799.35,0.1723757193054652
799.469,0.17760592064279865
799.588,0.17706238510766395
799.707,0.1717904990901924
799.826,0.16378295377032132
799.945,0.15528254840881683
800.064,0.15883718907393057
800.183,0.1609655598009842
800.302,0.1611134995481412
800.421,0.16721499243502883
800.54,0.16488310238730072
800.659,0.1647694912002576
800.778,0.1683388441054201
800.897,0.1779631011373159
801.016,0.18366572884954824
801.135,0.19349268785544915
801.254,0.19322214610788585
801.373,0.20348802027524135
801.492,0.19976664088957502
801.611,0.20368091408921402
801.729,0.20663807433901435
801.848,0.21930449567432542
801.967,0.21975158430247374
802.086,0.2286990782921266
802.205,0.21901433760669708
802.324,0.21433993200453894
802.443,0.18524974669479777
802.562,0.15805907504468514
802.681,0.128646724812152
802.8,0.10612916203704142
802.919,0.09012242474346496
803.038,0.08650896423777492
803.157,0.07244390623591782
803.276,0.0650903061283983
803.394,0.05219538487074847
803.513,0.045676621835299816
803.632,0.04285703569796184
803.751,0.0341046289132432
803.87,0.03813560047144395
803.989,0.03775941789314857
804.108,0.03437096507769713
804.227,0.04043486246652932
804.346,0.036982934591420547
804.465,0.03820352559279194
804.583,0.048119940271318475
804.702,0.042242380395375506
804.821,0.0455092592157446
804.94,0.04497784816213658
805.059,0.043480620294277454
805.178,0.048530728153631804
805.297,0.04495967210081561
805.416,0.05409750714532101
805.535,0.06311006263429378
805.653,0.0608302988219827
805.772,0.07116090710626746
805.891,0.07349806137305398
806.01,0.07424821278685606
806.129,0.08886497591482737
806.248,0.11001850919439757
806.367,0.13366699201470428
806.485,0.15208028097617438
806.604,0.17862234435613675
806.723,0.2080274253140251
806.842,0.23473221458364113
806.961,0.2512046408993463
807.08,0.2668000542388116
807.198,0.279243778821165
807.317,0.27603531468497877
807.436,0.2699579637392846
807.555,0.25676969677002415
807.674,0.24032266862996374
807.793,0.2327389477726106
807.912,0.22692886918780214
808.03,0.22538942695048036
808.149,0.24725552393739347
808.268,0.27403714379393046
808.387,0.3118014508468653
808.506,0.3388217359308598
808.624,0.3649805376253324
808.743,0.3773744040608531
808.862,0.38080197753332523
808.981,0.367764102351229
809.1,0.3521278821071884
809.219,0.32913145510542197
809.337,0.3019542998898003
809.456,0.2770779755484708
809.575,0.2658725915991149
809.694,0.2528698623238027
809.812,0.241901508908566
809.931,0.24499397024659486
810.05,0.2497701657235371
810.169,0.2628906533481332
810.288,0.2684580404010309
810.406,0.27939702976506386
810.525,0.29084767814412593
810.644,0.28995966120229655
810.763,0.2904194489182671
810.882,0.2990437125146288
811.0,0.3005685029407954
811.119,0.3093889297378071
811.238,0.32082077914347334
811.357,0.3280882472686718
811.475,0.327506735327858
811.594,0.32666775918619106
811.713,0.3382181238589169
811.832,0.35573675391142223
811.95,0.3617970010059532
812.069,0.3722594772617402
812.188,0.38694600110485955
812.307,0.39535366783383674
812.425,0.39732309484814354
812.544,0.3986786945137495
812.663,0.4029244320022668
812.782,0.417440947738156
812.9,0.42237816050896493
813.019,0.4357242358143083
813.138,0.4493972497874017
813.257,0.47238883313804436
813.375,0.48600626753762005
813.494,0.49207305340550556
813.613,0.5000720467997946
813.731,0.5032037407779529
813.85,0.503036623598512
813.969,0.5040048009428334
814.088,0.49869003443966575
814.206,0.5095808003502046
814.325,0.5076122511114596
814.444,0.5180297733004295
814.562,0.5303517132290442
814.681,0.52890463116536
814.8,0.5316129395687806
814.918,0.5247574745938393
815.037,0.5139174446056927
815.156,0.5118924984467603
815.274,0.5023553190495986
815.393,0.4973470575474461
815.512,0.48516821371486313
815.631,0.4732950575366265
815.749,0.47005553422700247
815.868,0.46588341836762115
815.987,0.46180611472188743
816.105,0.4649672331801426
816.224,0.4652929760423344
816.343,0.4636579042446945
816.461,0.44844915630873655
816.58,0.43596053808846014
816.698,0.4242050798306134
816.817,0.4120335921180547
816.936,0.39414721649322304
817.055,0.37418314563483906
817.173,0.3580279102557447
817.292,0.3421113401041079
817.41,0.3265029096468255
817.529,0.320410029114412
817.648,0.3133420540054337
817.766,0.31012868578922986
817.885,0.3057555026491824
818.004,0.3081744703316448
818.122,0.3134190054501381
818.241,0.31481383775587296
818.359,0.32309645044443464
818.478,0.32365840649407596
818.597,0.32662336175168116
818.715,0.32878072689191296
818.834,0.31567043764738767
818.953,0.32311736684223724
819.071,0.3515997268439944
819.19,0.43144251447890036
819.308,0.5622075803241399
819.427,0.7181464852615844
819.546,0.861232062681724
819.664,0.9450367705144189
819.783,0.9168021285491337
819.901,0.8217952260982433
820.02,0.6760788873223942
820.138,0.5361296560865814
820.257,0.42766243658692704
820.376,0.3567801683088945
820.494,0.31472986449249685
820.613,0.293315772600208
820.731,0.2655345981959174
820.85,0.2591319432758107
820.969,0.2501031535070005
821.087,0.2601226278679848
821.206,0.2741233978554968
821.324,0.297880017688674
821.443,0.3292346921603654
821.561,0.35901433960017054
821.68,0.36907304660128537
821.798,0.37682029722140664
821.917,0.3574716884050629
822.035,0.33573397527413484
822.154,0.30473245499250556
822.273,0.2889744500947283
822.391,0.280224375540176
822.51,0.27853535886235803
822.628,0.2699888036284802
822.747,0.2729504894994086
822.865,0.26939792241541444
822.984,0.27007757638544627
823.102,0.2719619993461373
823.221,0.2784153901886369
823.339,0.27447785282336634
823.458,0.2795883430880819
823.576,0.28048868065884475
823.695,0.29111135686182854
823.813,0.28992337369233734
823.932,0.2909005418500219
824.05,0.2896700566537235
824.169,0.2785545808379986
824.287,0.26548155974911947
824.406,0.2637296073777594
824.524,0.26770807250539064
824.643,0.26942412205219063
824.761,0.2633108078530434
824.88,0.25992497948960197
824.998,0.2730577273142383
825.117,0.2700012896585552
825.235,0.2746704127218086
825.354,0.2786055584759626
825.472,0.28528290230587106
825.591,0.27501256294627985
825.709,0.2691722425347034
825.828,0.25870328793445385
825.946,0.25735919155111175
826.064,0.24561762818664484
826.183,0.2457251394881137
826.301,0.24276269669940842
826.42,0.24609790999824088
826.538,0.24165116565794975
826.657,0.24444611280832473
826.775,0.244812723003985
826.894,0.23561065574126694
827.012,0.23883307519972483
827.13,0.2437514889971369
827.249,0.23568553360485084
827.367,0.22986809890001664
827.486,0.21488902537815335
827.604,0.20632939259756472
827.723,0.19867456257997473
827.841,0.19018849099962987
827.959,0.2108702526626169
828.078,0.2273042636848599
828.196,0.23570702633381985
828.315,0.25114305707275547
828.433,0.26864534019187225
828.552,0.2913353226215149
828.67,0.30813305291163007
828.788,0.31406988065908437
828.907,0.305260139797667
829.025,0.27622188621587673
829.143,0.2390367873430259
829.262,0.19373580220775866
829.38,0.1660503044004054
829.499,0.14510988832806776
829.617,0.13206942132021468
829.735,0.1221427231141524
829.854,0.11128875006142594
829.972,0.11452727343861624
830.091,0.12270592091578912
830.209,0.127863079912362
830.327,0.14222144852434876
830.446,0.15847090865440644
830.564,0.1798927007399207
830.682,0.2118307893353652
830.801,0.24206660797799054
830.919,0.2614382546912777
831.037,0.2695705673539831
831.156,0.26350965510298413
831.274,0.24604185273418167
831.392,0.21987829914989407
831.511,0.20402720849311645
831.629,0.19731323625328678
831.747,0.18527506780914546
831.866,0.17604121578763127
831.984,0.17902506177994087
832.102,0.1817947629448741
832.221,0.1789901598246667
832.339,0.17216175905112402
832.457,0.18495376507593858
832.576,0.18172495903432512
832.694,0.17910425891472698
832.812,0.17602976305347293
832.93,0.18152253475849073
833.049,0.16811391303550977
833.167,0.15269659523891127
833.285,0.145359814332057
833.404,0.14576031967526193
833.522,0.1464677769435483
833.64,0.156470023644544
833.759,0.16302177863204553
833.877,0.1749019592498549
833.995,0.18324935352364968
834.113,0.2008401212814111
834.232,0.2117458106303509
834.35,0.21993055291693975
834.468,0.23595937118952467
834.586,0.24813358256933507
834.705,0.2633254378524795
834.823,0.26835930872862623
834.941,0.27563924825221664
835.059,0.2752475719370491
835.178,0.2620006672059446
835.296,0.2429072817487975
835.414,0.22757287362410794
835.532,0.21672978544763638
835.651,0.21534503292917734
835.769,0.2069605235341871
835.887,0.21302179917373854
836.005,0.22222740745037733
836.124,0.2311117984859517
836.242,0.2453726959126777
836.36,0.2611857346645477
836.478,0.2770281978965151
836.596,0.29308153656918134
836.715,0.29986779870446867
836.833,0.30866882037976645
836.951,0.32240007716473684
837.069,0.33518975058658673
837.188,0.3511638066323234
837.306,0.3649163144306977
837.424,0.37396580949348573
837.542,0.3842086306935618
837.66,0.38568540886458624
837.779,0.3981448742320084
837.897,0.40955486647595246
838.015,0.4111313609406406
838.133,0.41622489812365127
838.251,0.4175382069608006
838.369,0.41806195891533315
838.487,0.425914041107486
838.606,0.42560164741924766
838.724,0.44180946461242565
838.842,0.43472698846175045
838.96,0.4269563064154612
839.078,0.42819033262568107
839.196,0.42549046931619683
839.315,0.4315689092358047
839.433,0.44192043754290744
839.551,0.43911840589975126
839.669,0.4438678401349548
839.787,0.43656794977022556
839.905,0.4354659991993703
840.023,0.4346198781360294
840.142,0.43035970003470736
840.26,0.4256499812652289
840.378,0.41681184446873515
840.496,0.40890548287532963
840.614,0.4049460883483381
840.732,0.3983826273327164
840.85,0.3990772047411485
840.968,0.4015413376887783
841.087,0.4034276065411596
841.205,0.4054699886073916
841.323,0.40538808667991677
841.441,0.407949483881202
841.559,0.410885225857061
841.677,0.4141307422206132
841.795,0.4260965301997317
841.913,0.4407350417877079
842.031,0.45763024752982967
842.149,0.47699384021346525
842.267,0.4921350200031074
842.385,0.5012973089062681
842.504,0.5044733508029232
842.622,0.5085059720090837
842.74,0.5101552103273455
842.858,0.5157383381653109
842.976,0.5176777345512006
843.094,0.5268694479344584
843.212,0.5380988065644691
843.33,0.5383634596248084
843.448,0.537266413133968
843.566,0.5291916781266693
843.684,0.5310722255523637
843.802,0.5300994157552682
843.92,0.5259144335475274
844.038,0.5367285800694952
844.156,0.5458074996123792
844.274,0.5486909314013974
844.392,0.5637005183772695
844.51,0.5729085786939152
844.628,0.5838968200564605
844.746,0.5802431131838144
844.864,0.5747552803850898
844.982,0.5769006481316625
845.1,0.5566752375374296
845.218,0.5351477936988818
845.336,0.5078073803477358
845.454,0.4751950809791181
845.572,0.42764250184098673
845.69,0.38639330021707846
845.808,0.3579470168222668
845.926,0.3415868386275097
846.044,0.3198542407749477
846.162,0.3061741423090725
846.28,0.28442438017645383
846.398,0.26781736328754546
846.516,0.24719717425200377
846.634,0.22772290524692637
846.752,0.21502689217097928
846.87,0.19583379042016677
846.988,0.17885733283670036
847.106,0.1543043224592417
847.224,0.13991730273472933
847.342,0.1299330743428283
847.46,0.12309627770512087
847.578,0.11155247315233546
847.696,0.10842727381147402
847.814,0.10648694971446193
847.932,0.10230459848245105
848.05,0.09502548422183199
848.168,0.1038993199034993
848.285,0.11106283348732401
848.403,0.11600778787410813
848.521,0.11600890431763462
848.639,0.12196871879784442
848.757,0.1407398371665916
848.875,0.152233799848769
848.993,0.17039812869971926
849.111,0.19285843164490668
849.229,0.2126615405679546
849.347,0.23063706233827921
849.465,0.24448661812159672
849.582,0.26194067271685995
849.7,0.28158439903938015
849.818,0.289813061777403
849.936,0.29854112333041427
850.054,0.30829086822014473
850.172,0.3199989757296988
850.29,0.331696457732551
850.408,0.3427564093332903
850.525,0.3550587278714802
850.643,0.356183830705961
850.761,0.34943625042101745
850.879,0.34358611677904827
850.997,0.3384470747394358
851.115,0.3326165574175316
851.233,0.32990585233263325
851.35,0.3327048811459946
851.468,0.3391525454914478
851.586,0.34889820364783086
851.704,0.36380213663464267
851.822,0.3884071572402716
851.94,0.4180543894492778
852.057,0.45264738635467494
852.175,0.5009186797720702
852.293,0.5533044963231011
852.411,0.6089866719917234
852.529,0.6677175507371162
852.647,0.713736236733713
852.764,0.7570895552414765
852.882,0.7958485681206806
853.0,0.8318441319107264
853.118,0.8602710655423558
853.236,0.8840546527452632
853.353,0.897716218794625
853.471,0.9083348031939023
853.589,0.8887981995732419
853.707,0.8661859204357215
853.824,0.8386744653619647
853.942,0.8091008446413732
854.06,0.7735507850743086
854.178,0.7419043732001812
854.296,0.7052043068693055
854.413,0.674761029292499
854.531,0.6345766141100762
854.649,0.597212249273666
854.767,0.5549429870743339
854.884,0.5040225190529974
855.002,0.44509900111847156
855.12,0.38812771570374893
855.238,0.3350719295086694
855.355,0.2905880665086647
855.473,0.2470560037051477
855.591,0.21399047367631774
855.708,0.18265363185321676
855.826,0.1511502556462304
855.944,0.12187614478581688
856.062,0.10143678810965287
856.179,0.09002779252182426
856.297,0.07561167956222556
856.415,0.056347868111427085
856.532,0.045697861906232304
856.65,0.032661796195608384
856.768,0.025632641181319575
856.886,0.018499143538092337
857.003,0.01591115141310112
857.121,0.02245976556260876
857.239,0.0273065881503137
857.356,0.02702730778296404
857.474,0.020447189422480007
857.592,0.017799138567948822
857.709,0.019943059920282058
857.827,0.01951749762290789
857.945,0.023387813887144095
858.062,0.033340145770042906
858.18,0.04527809551170045
858.298,0.05215009276128944
858.415,0.050315723837225206
858.533,0.05919090990339812
858.651,0.07076886915104376
858.768,0.08203692780197444
858.886,0.09160121312966533
859.003,0.10257550598183082
859.121,0.09755193277795296
859.239,0.0907883018536848
859.356,0.07683792543333523
859.474,0.07327555691043958
859.592,0.0697262313935788
859.709,0.06851689541801066
859.827,0.07195476802262461
859.944,0.06972939964862845
860.062,0.05812911928128049
860.18,0.04840910910485161
860.297,0.040938116522899526
860.415,0.03743167527648662
860.532,0.033946454921523046
860.65,0.03940918508382304
860.768,0.057725407201374715
860.885,0.06691782972324531
861.003,0.07747158932683118
861.12,0.08792039775102997
861.238,0.0933225840868368
861.356,0.09109047598439032
861.473,0.09639054343764461
861.591,0.1088687445609007
861.708,0.12293815919456647
861.826,0.12558498613267235
861.943,0.11756068350987611
862.061,0.11719073340947192
862.178,0.1031851799922561
862.296,0.09614035263329933
862.414,0.09600857632804752
862.531,0.09580507533774835
862.649,0.09633982955827408
862.766,0.09490467926929594
862.884,0.0927553165457472
863.001,0.09992615789308654
863.119,0.0980816654772149
863.236,0.10070724199615771
863.354,0.10027675931830587
863.471,0.10520725344488766
863.589,0.11420813398495924
863.706,0.11800006420110112
863.824,0.12770713226351316
863.941,0.13118438401194576
864.059,0.13235344876606236
864.176,0.13702157461177542
864.294,0.13917554210248959
864.411,0.14635946099654018
864.529,0.14831399589992664
864.646,0.14298270259250034
864.764,0.1436204920115229
864.881,0.14004158996323762
864.999,0.14663456721532975
865.116,0.16227230271073048
865.233,0.17322092036392422
865.351,0.18782798170924242
865.468,0.2008575639826659
865.586,0.21443313383123222
865.703,0.2317684983589255
865.821,0.24448503685797807
865.938,0.259801555112314
866.056,0.26895119274621215
866.173,0.2603366178679044
866.29,0.256240335377904
866.408,0.25475629284322765
866.525,0.2513114356487196
866.643,0.2559640319077139
866.76,0.25776572298392664
866.878,0.26649360973642683
866.995,0.267162458328885
867.112,0.2619889129286477
867.23,0.25812393954608054
867.347,0.25489077513894076
867.465,0.24517359960364576
867.582,0.247334923214384
867.699,0.24004771932714208
867.817,0.24674123021956684
867.934,0.2576007570857981
868.051,0.26804261980397853
868.169,0.27711379215761645
868.286,0.2847251833597499
868.404,0.2868366488236561
868.521,0.29282315484707155
868.638,0.2899471709344493
868.756,0.3015529353098211
868.873,0.325812043473794
868.99,0.34985537211705187
869.108,0.37858618390917775
869.225,0.4079970281302241
869.342,0.44418285889372333
869.46,0.48265562563813513
869.577,0.5101154633593823
869.694,0.5428741595381902
869.812,0.5709919613282843
869.929,0.5991473610651697
870.046,0.6190320298546451
870.164,0.6249327144777761
870.281,0.6266927208738512
870.398,0.6279443376415748
870.516,0.6108636859618766
870.633,0.5970695852397372
870.75,0.5701873123008891
870.867,0.5636250949093838
870.985,0.5527865197437063
871.102,0.5334630688032425
871.219,0.5230233588122202
871.337,0.5047224085551446
871.454,0.4856392575354766
871.571,0.46052408809581785
871.688,0.4253972393029794
871.806,0.4038546921551607
871.923,0.37748407823134134
872.04,0.34770594604289595
872.157,0.3290829611980866
872.275,0.307130923368911
872.392,0.2942939355966102
872.509,0.27464272864172634
872.626,0.257043879173644
872.744,0.24546478792551166
872.861,0.23044384985263935
872.978,0.2112585304992992
873.095,0.19936639547679602
873.213,0.1848587511122916
873.33,0.16361535284546425
873.447,0.13852470380588683
873.564,0.11861521530348035
873.681,0.1060830978388567
873.799,0.09577244089455708
873.916,0.08409972625427625
874.033,0.08293741471372956
874.15,0.07782765184349669
874.267,0.069101964396487
874.385,0.058225839596357645
874.502,0.06277232026332204
874.619,0.05849778290835647
874.736,0.05687417899741577
874.853,0.049090607255816265
874.97,0.052193876395472176
875.088,0.05096350692929458
875.205,0.05245523254646567
875.322,0.05200457967056278
875.439,0.057404307114137014
875.556,0.05285959506451664
875.673,0.05342155283526789
875.791,0.05063634671329676
875.908,0.05148395770495438
876.025,0.04931829672184394
876.142,0.05352309591044807
876.259,0.05450903664368342
876.376,0.05536779023916073
876.493,0.05745373728388023
876.61,0.05782949522491129
876.728,0.061210409592462656
876.845,0.06320094016079052
876.962,0.0635327539926082
877.079,0.06770544983316326
877.196,0.0682038089512067
877.313,0.06786960133183573
877.43,0.06438433224352355
877.547,0.05866142314140827
877.664,0.06156870379974378
877.781,0.05803248316992751
877.898,0.06240123348923891
878.016,0.06030544698880929
878.133,0.06081852722566823
878.25,0.06339904224479664
878.367,0.06607554278797195
878.484,0.06504317322093145
878.601,0.06507192581405423
878.718,0.057749682102100006
878.835,0.05326802594675573
878.952,0.03941709336584299
879.069,0.03544627683438799
879.186,0.03603512171330216
879.303,0.043824319653511856
879.42,0.04303800285358135
879.537,0.03810470247734975
879.654,0.04237162458286266
879.771,0.03541643992786725
879.888,0.03396374362174438
880.005,0.03379163915744744
880.122,0.03533256583544303
880.239,0.038586523655731175
880.356,0.04355351261831189
