wavelength_nm,intensity
792.446,174.34397734082896
792.565,168.1842803711321
792.684,160.627830154682
792.803,151.6746266914786
792.922,141.3246699815218
793.041,118.96666132351318
793.16,108.73246218931402
793.279,107.55800331485518
793.398,105.21904227589414
793.518,103.69090374775556
793.637,111.97315483000668
793.756,112.93852279537458
793.875,125.41038426723597
793.994,132.4562717131234
794.113,147.16969162654328
794.232,163.5047565616082
794.351,163.5947998516515
794.47,160.17228902914067
794.589,146.6545401113918
794.708,124.03462669147841
794.827,108.65280850966028
794.946,99.53159638844822
795.066,94.14891240576426
795.185,103.31947517632705
795.304,105.86319812004993
795.423,105.49523275208458
795.542,111.00778686463863
795.661,106.81904227589405
795.78,101.77661803346986
795.899,98.32813318498503
796.018,90.50995136680322
796.137,87.72899898585086
796.256,82.78527604212788
796.375,82.21211586896769
796.494,89.40518946204119
796.613,86.58008123693298
796.732,84.49436695121872
796.851,84.87531933217113
796.97,80.01644487329668
797.089,81.86925872611057
797.208,90.30215915901107
797.327,107.73852279537465
797.446,125.03029768714947
797.565,150.4657955226473
797.684,167.9956656525174
797.803,174.84328470013645
797.922,175.31601197286366
798.041,163.98960504645675
798.16,145.1056223624741
798.279,119.96276521961698
798.398,96.89350115035293
798.517,86.19999465684653
798.636,80.79739725424912
798.755,83.19653145338327
798.874,95.1688258256776
798.993,96.61211586896766
799.112,97.1272673841192
799.231,95.63982149667333
799.35,89.15583881269063
799.469,88.06579552264739
799.588,85.16709422394611
799.707,85.31081716766896
799.826,84.48657474342653
799.945,79.94198599883777
800.064,78.80086045771218
800.183,80.92380418065588
800.302,77.15410721095888
800.421,81.88917214602387
800.54,79.42510288195461
800.659,78.78614184299363
800.778,78.27791673476855
800.897,80.25540591225774
801.016,82.63462669147852
801.135,92.83116348801528
801.254,101.75583881269057
801.373,106.62683448368622
801.492,96.02250547935728
801.611,88.07185612870796
801.729,83.86839292524476
801.848,92.78181283866464
801.967,96.67185612870792
802.086,110.68484314169494
802.205,117.96969162654338
802.324,110.31341457026633
802.443,84.77813339384957
802.562,61.98181311715077
802.681,43.65058212479322
802.8,37.70124093518676
802.919,23.886017367713116
803.038,15.085667086574723
803.157,7.152615986439496
803.276,1.1607407097193982
803.394,-6.524273049486091
803.513,-14.474805130833031
803.632,-12.629230093707342
803.751,-13.591451796665964
803.87,-16.388240780304823
803.989,-18.08534742215467
804.108,-15.470498955028832
804.227,-11.377565196303655
804.346,-8.975857130133345
804.465,-5.440739897277237
804.583,6.705626866036639
804.702,8.636039367500704
804.821,7.604523066154196
804.94,4.413653904429374
805.059,2.3495952378563927
805.178,-1.5230182199890547
805.297,2.4460736098399174
805.416,16.592224304795884
805.535,26.971064016716376
805.653,22.82172664374347
805.772,21.37166577388652
805.891,16.157531169959462
806.01,14.025804163036007
806.129,13.308361217834234
806.248,29.007911018955117
806.367,38.56532376547528
806.485,46.34984233115624
806.604,57.45840453833827
806.723,74.61523716184686
806.842,83.03689359809505
806.961,101.15292232871562
807.08,110.36851815890346
807.198,120.9313001362774
807.317,112.40490462447379
807.436,115.20405023821117
807.555,118.17289282164546
807.674,109.8222548855992
807.793,99.10624898418494
807.912,99.45344654597417
808.03,105.46990817702742
808.149,112.66472478643563
808.268,123.15997429627657
808.387,150.09418484507836
808.506,173.60415296963762
808.624,190.24485702493268
808.743,195.50287709754372
808.862,198.7054859147434
808.981,196.79294321679163
809.1,179.52369056213
809.219,167.18950284253333
809.337,155.56094282856435
809.456,150.16008844230086
809.575,136.2059873027907
809.694,123.73500304639742
809.812,111.30471143069664
809.931,101.92983107040715
810.05,104.52637928154616
810.169,111.11167208142962
810.288,126.94285232720037
810.406,135.33940053833896
810.525,127.41473662826532
810.644,129.86842769654652
810.763,132.86757331028244
810.882,135.6970219543215
811.0,142.61651388840392
811.119,149.14206642854708
811.238,162.54987005094137
811.357,161.21654813220994
811.475,160.59318292343502
811.594,168.0884324332747
811.713,175.8442880037204
811.832,180.3075028815254
811.95,183.4174710060837
812.069,185.16293696613985
812.188,194.13351115130433
812.307,199.3153407477243
812.425,208.43396688094091
812.544,204.51536357692802
812.663,204.5162407923956
812.782,202.47036476111
812.9,203.4184281237638
813.019,206.77861269853872
813.138,217.7552474897638
813.257,234.192488341595
813.375,260.13189369559063
813.494,269.4401302184175
813.613,284.8236914165691
813.731,290.885174692643
813.85,290.58475320681214
813.969,287.7804356170854
814.088,285.53282798406855
814.206,293.37526364109493
814.325,292.27830535872727
814.444,289.19433408934674
814.562,291.46187797148116
814.681,294.58743051162423
814.8,290.7285674673516
814.918,287.94935810273273
815.037,290.5130058809709
815.156,292.26020344275906
815.274,277.70783390498
815.393,273.60048601222263
815.512,270.9953026216297
815.631,266.7494265903441
815.749,258.9243297798379
815.868,252.0637351338338
815.987,249.81872490341422
816.105,245.41267571195576
816.224,241.98844470231546
816.343,242.8352093636709
816.461,238.4992900423423
816.58,224.23176898941165
816.698,214.87074144297443
816.817,207.2049519917752
816.936,193.91059111200462
817.055,184.32878434478823
817.173,173.35303818363278
817.292,170.90456474975025
817.41,166.67946793924443
817.529,153.1071849815525
817.648,146.933170422129
817.766,144.03967534322493
817.885,142.82063913877977
818.004,138.0249795577112
818.122,133.0604888078115
818.241,142.13236169427546
818.359,143.38172375822847
818.478,142.2821680732637
818.597,141.63196303764946
818.715,155.31682449363672
818.834,159.9901386520581
818.953,165.53793821122764
819.071,189.56837319183694
819.19,249.11925213412644
819.308,333.1377627418188
819.427,436.62707477553016
819.546,522.9862079465616
819.664,576.6886802409729
819.783,555.9531240021468
819.901,487.67346099925453
820.02,393.91443360879146
820.138,308.84699075646824
820.257,242.10691827275156
820.376,199.39884948459297
820.494,174.4115113559693
820.613,158.42696228069192
820.731,134.93693040525122
820.85,114.38888987180191
820.969,109.34128223878557
821.087,115.48501659711121
821.206,126.29195441864027
821.324,145.25473639601327
821.443,172.88591664178446
821.561,193.72662069707945
821.68,199.80022518527517
821.798,198.04525824489932
821.917,188.67470688893923
822.035,173.06865769748154
822.154,155.49291153632691
822.273,146.4496329076398
822.391,135.7959646685631
822.51,125.81935270654239
822.628,115.58992689170788
822.747,121.68690800328007
822.865,125.27739560835873
822.984,122.23238537793955
823.102,127.75101151115678
823.221,137.5458281205645
823.339,139.07138066070814
823.458,141.6255046294231
823.576,141.53200955051912
823.695,158.13202096512157
823.813,160.85757350526495
823.932,161.51472777701002
824.05,163.8930941699673
824.169,173.24808393954783
824.287,180.83683994289458
824.406,178.67148339212883
824.524,169.30526104049744
824.643,161.70007764990498
824.761,145.7174050818233
824.88,136.03516541417463
824.998,131.8516270452274
825.117,134.69492850311997
825.235,143.54429056707318
825.354,142.5564231937969
825.472,147.02829608026093
825.591,144.24129450785057
825.709,140.9226912038384
825.828,133.47854677428512
825.946,127.06903437936387
826.064,113.0828986078193
826.183,107.90109184060361
826.301,103.43530238940527
826.42,101.40154757024166
826.538,101.94614772943314
826.657,105.9115271094038
826.775,103.15396276643094
826.894,101.36003478709456
827.012,94.1842886259402
827.13,91.99728705353054
827.249,85.9643980352335
827.367,77.24059992602739
827.486,74.82069792071721
827.604,71.29343660804763
827.723,69.875266204469
827.841,70.85623000002451
827.959,79.9471505055369
828.078,86.01296278594114
828.196,95.61903480660521
828.315,113.13160033376278
828.433,128.7982784150329
828.552,144.2069478382945
828.67,151.96886401480282
828.788,150.17666763719853
828.907,140.30828078340397
829.025,123.12560821532372
829.143,104.73416307589969
829.262,84.86884216941021
829.38,66.30047468096092
829.499,50.004819035414435
829.617,31.082965911151362
829.735,19.711643037439924
829.854,7.879003946715683
829.972,6.370005410480707
830.091,10.684472665622735
830.209,21.365377163516875
830.327,37.59150542867853
830.446,55.94236683509618
830.564,79.38402029685119
830.682,115.23539674427272
830.801,157.46958171733797
830.919,192.42660079365544
831.037,234.85115233750537
831.156,264.97440518005664
831.274,273.0630259879758
831.392,254.94904939329749
831.511,225.6878866514331
831.629,191.92455940740427
831.747,155.09802870017182
831.866,120.50786162930302
831.984,99.52894996968956
832.102,96.90328506332287
832.221,86.88714396647998
832.339,82.36710676574091
832.457,87.12845484638719
832.576,81.39012305897155
832.694,76.07004826873418
832.812,65.64413437112847
832.93,54.3239239645588
833.049,49.28105787386806
833.167,38.847719622232276
833.285,36.97145859941948
833.404,46.354560065433006
833.522,42.32742879686192
833.64,44.97512161116301
833.759,45.74548764014072
833.877,50.940717671364354
833.995,53.684261220018314
834.113,67.78396599609528
834.232,76.53509663596454
834.35,92.04770813289487
834.468,96.62935375548876
834.586,106.82398639106971
834.705,115.08528569331719
834.823,123.73792698690666
834.941,122.96892325885106
835.059,122.10814463902062
835.178,105.31489848672281
835.296,94.52944454221739
835.414,84.20892566264703
835.532,77.53516002982997
835.651,70.56442470004325
835.769,73.2430400196071
835.887,70.29394971146523
836.005,78.06607152453549
836.124,84.94815004756259
836.242,109.46053160089266
836.36,131.56685254816222
836.478,145.0593206815791
836.596,152.21326067646805
836.715,157.74642145057786
836.833,156.2977640428695
836.951,158.1469421329968
837.069,154.69222411922806
837.188,164.9846922526453
837.306,168.0113595202617
837.424,183.82417397402503
837.542,190.83439102519102
837.66,202.32079855254744
837.779,208.4401065128043
837.897,214.35681707046382
838.015,217.8562116108073
838.133,223.26123385677846
838.251,224.32686216335574
838.369,232.95093202837455
838.487,234.45898457737616
838.606,234.1817557410964
838.724,227.6915398918296
838.842,220.8576010988398
838.96,223.8704155526034
839.078,218.51006983320673
839.196,226.07353363761968
839.315,230.74955155458676
839.433,241.0281668741512
839.551,239.8132757002091
839.669,240.5646182925006
839.787,238.17137214020343
839.905,243.41968442946472
840.023,236.99007464080378
840.142,240.93622242790042
840.26,237.54211047473723
840.378,230.79821497179046
840.496,222.41882163334583
840.614,214.67838933386207
840.732,211.55094404736536
840.85,209.78973252710233
840.968,208.5731097514281
841.087,216.269041088308
841.205,216.84029710051252
841.323,216.84012454128862
841.441,215.89536323747603
841.559,213.50471448777603
841.677,218.50713933114963
841.795,217.22038668534566
841.913,224.6297379356456
842.031,236.33692468378098
842.149,246.14194692975173
842.267,260.4413414700948
842.385,268.6247186944205
842.504,279.91458942523957
842.622,298.32220907380764
842.74,311.26143045397725
842.858,315.4231626566578
842.976,313.1537260281695
843.094,313.63234134773325
843.212,315.6269739833143
843.33,304.6120828093716
843.448,304.6049838432212
843.566,308.82212730131323
843.684,316.5639460840806
843.802,315.027842788926
843.92,310.0666312686632
844.038,315.57122061420125
844.156,316.9675848515142
844.274,316.763949088827
844.392,329.8157245815511
844.51,336.97399358076854
844.628,340.6811803289037
844.746,344.46282595149785
844.864,338.35356248318294
844.982,335.03131200188113
845.1,318.38438619590397
845.218,304.1080231604896
845.336,289.845512938928
845.454,270.0297559641195
845.572,239.19754877286084
845.69,218.6449952612559
845.808,196.73226858947783
845.926,179.69140338956146
846.044,160.98906632817327
846.162,149.57417515423097
846.28,133.7419679629727
846.398,128.71841878037236
846.516,114.67582197872433
846.634,104.9942641381154
846.752,94.16898335378349
846.87,78.71923291693176
846.988,61.620604155892124
847.106,45.50592696283254
847.224,32.544030609870376
847.342,27.95692877290174
847.46,21.275069375895626
847.578,16.781256980204006
847.696,5.8491672074069845
847.814,4.4264786945862244
847.932,3.6569302166458093
848.05,5.758629206905676
848.168,14.872053306370354
848.285,20.61985797795378
848.403,21.58353236144867
848.521,26.289594157152067
848.639,20.705139779914617
848.757,31.57600591442969
848.875,41.27762136973641
848.993,54.05013424869673
849.111,64.77726004859561
849.229,79.01613288431193
849.347,90.05114572607081
849.465,107.3346434163148
849.582,110.12723201564978
849.7,122.26181195697612
849.818,136.38513648704696
849.936,138.3353008439575
850.054,147.7252920406948
850.172,164.1395256616745
850.29,173.10267703157183
850.408,173.9480794837201
850.525,170.09045163283793
850.643,171.3245986737305
850.761,170.59597515185254
850.879,166.1651871278101
850.997,173.7915419609106
851.115,180.33304830916268
851.233,181.49706547992565
851.35,182.19701338661923
851.468,182.61990501625638
851.586,183.2609784640752
851.704,180.68733329717531
851.822,192.26000847659566
851.94,206.94177456510698
852.057,228.42873545881307
852.175,255.08366172048454
852.293,298.1082849518529
852.411,340.3632112135243
852.529,384.49779115484944
852.647,424.7553148191184
852.764,462.922795193344
852.882,485.9127863900803
853.0,507.4465005305398
853.118,514.3144138051986
853.236,536.5407686382988
853.353,550.0052187094946
853.471,556.9692358802575
853.589,559.292560410328
853.707,545.918049442563
853.824,520.9582570895168
853.942,498.7681617061676
854.06,470.3356420803941
854.178,452.97931293081103
854.296,432.10869806694217
854.413,409.5523689173589
854.531,388.4410614127972
854.649,361.14533832381983
854.767,325.1310005162279
854.884,292.30627309824615
855.002,256.4599006586194
855.12,217.83603904150362
855.238,180.08923370144387
855.355,152.30433312328887
855.473,127.54540657110778
855.591,105.67738910983574
855.708,88.82495606414813
855.826,71.36759279806869
855.944,53.62837926044655
856.062,39.989284629962185
856.179,21.65269731210569
856.297,10.503894161752047
856.415,-4.412559136849075
856.532,-16.32986897164887
856.65,-30.023893337035286
856.768,-37.88543702920474
856.886,-45.5089471719471
857.003,-36.80421884345649
857.121,-35.5741775733004
857.239,-28.645271336319684
857.356,-21.268309604414867
857.474,-22.789061076870944
857.592,-27.229069648059557
857.709,-23.626141696544124
857.827,-25.131209946500267
857.945,-12.830591948817988
858.062,-5.389692439073692
858.18,-0.9268585877619636
858.298,3.3456315142836877
858.415,-6.35099006279872
858.533,-0.5976172949884129
858.651,-0.030133193142761527
858.768,3.363305452488923
858.886,14.706074489928588
859.003,24.5204532039212
859.121,20.930977267993725
859.239,23.548037442030513
859.356,15.457292127704607
859.474,16.83504171917212
859.592,13.122884018856976
859.709,10.493867524226545
859.827,11.574846439810404
859.944,12.709189611425636
860.062,9.075177716205484
860.18,5.942001371566858
860.297,-3.8496773219738154
860.415,-3.6535384416591814
860.532,-5.025957512759739
860.65,-0.44299822211363643
860.768,7.955620149956042
860.885,21.97813549729389
861.003,28.756980427007967
861.12,28.49891922132317
861.238,31.917653774718648
861.356,33.29403689505845
861.473,33.06684759788217
861.591,39.49333795438553
861.708,47.29991489097536
861.826,51.858006979080244
861.943,54.30960556069151
862.061,52.97245955355824
862.178,44.8589859095149
862.296,37.94214050248829
862.414,32.16007226657589
862.531,26.429264669442418
862.649,24.882251184102522
862.766,23.46415208545761
862.884,36.041765359386815
863.001,43.22434592352607
863.119,45.196506060168275
863.236,49.11493591767211
863.354,45.764610544533014
863.471,40.00822456533324
863.589,34.48041001470489
863.706,34.64350455498551
863.824,38.977161865828904
863.941,45.2069230727763
864.059,57.77001761305702
864.176,61.50107752130315
864.294,69.17239716980905
864.411,69.99350036809852
864.529,69.15313170491635
864.646,65.39501412398542
864.764,63.28018658634461
864.881,65.13851922186417
864.999,69.269579130111
865.116,71.46211089982964
865.233,78.10312751803298
865.351,84.36752075961277
865.468,93.9436023128809
865.586,106.03829858476368
865.703,125.11308143673304
865.821,135.76708506792332
865.938,145.5985778766029
866.056,154.7867806419926
866.173,155.54121717361605
866.29,154.63504764463346
866.408,146.37303395980683
866.525,137.73786010181996
866.643,134.22476416591107
866.76,135.44759896593294
866.878,140.47562857114968
866.995,150.20062787333615
867.112,153.67194752184275
867.23,154.3666437937259
867.347,147.81805002231886
867.465,144.49023547169094
867.582,141.8256243842664
867.699,137.15408688991533
867.817,137.5275710405859
867.934,142.97291666311799
868.051,152.51176877915657
868.169,159.87486331943757
868.286,171.24228686404743
868.404,180.95603075497763
868.521,187.42302139915452
868.638,187.90732806064722
868.756,194.6210719515771
868.873,196.36165566934704
868.99,208.97669826157585
869.108,225.36749842956237
869.225,246.56435920360957
869.342,272.052129068566
869.46,307.7407647343882
869.577,329.93243070324047
869.694,348.76046030845635
869.812,362.475935801118
869.929,377.23643293880116
870.046,400.1164105959648
870.164,407.0630549197952
870.281,409.74995898388545
870.398,408.2308024419152
870.516,397.902122090421
870.633,383.6496322151173
870.75,370.09064883331973
870.867,358.29270441256085
870.985,356.0575305545723
871.102,338.5418372160641
871.219,322.28415253556466
871.337,307.9017925303898
871.454,301.24410784989055
871.571,287.888587671556
871.688,271.6984354585897
871.806,258.93425727159746
871.923,247.46358557811195
872.04,222.75914765086023
872.157,197.4858785547773
872.275,178.02905967514442
872.392,164.47180789507854
872.509,151.1552487557052
872.626,139.61271559035765
872.744,136.58619974102737
872.861,134.97526830728157
872.978,125.6491853583841
873.095,115.88760457398877
873.213,108.67494153851108
873.33,92.94279798355284
873.447,82.63576265370276
873.564,69.63435502948046
873.681,59.80610757841828
873.799,48.90859605809196
873.916,39.77212349880449
874.033,36.1767764806426
874.15,33.2134640945153
874.267,21.017759035499473
874.385,15.57965491696132
874.502,9.20475070592611
874.619,6.77392655680445
874.736,1.1246322935913213
874.853,4.56412207660502
874.97,8.47212138217161
875.088,12.557703114816324
875.205,14.640592312583873
875.322,21.242520237093792
875.439,21.535425386302038
875.556,21.113254294513844
875.673,22.532324710674224
875.791,24.408807795424806
875.908,22.182128762356985
876.025,18.589672270757532
876.142,19.938899840533985
876.259,22.44418682037473
876.376,9.70801380713863
876.493,10.05716391625607
876.61,13.842014356665052
876.728,19.38837390826713
876.845,24.77304273366284
876.962,32.28666936547064
877.079,34.70568396702806
877.196,34.46012376141826
877.313,17.673621272485775
877.43,11.203071307892746
877.547,3.467654017397326
877.664,10.199379518228671
877.781,5.503140309473415
877.898,14.294816344290101
878.016,20.329219600045718
878.133,32.920164607664475
878.25,27.95256266022536
878.367,27.29081432480219
878.484,20.65847377549317
878.601,21.938736339919085
878.718,14.93592048559052
878.835,10.64901691334624
878.952,18.501844092434546
879.069,28.049662581839442
879.186,26.79640808594907
879.303,27.97436205021412
879.42,27.684691077933074
879.537,24.847774691322225
879.654,24.283991821619317
879.771,4.9304058676126745
879.888,-3.508836742278624
880.005,-8.103562001867573
880.122,-11.760324531040574
880.239,-14.479124329797635
880.356,-16.25996139813877
