wavelength_nm,intensity
792.446,180.1134678385382
792.565,192.1934678385383
792.684,197.19251545758604
792.803,195.11061069568134
792.922,185.9477535528241
793.041,153.83433363940418
793.16,125.42134662641723
793.279,115.43087043594107
793.398,117.66809987317043
793.518,116.16420376927434
793.637,120.93043753550808
793.756,134.12264532771587
793.875,158.06463666970717
793.994,180.29840290347335
794.113,193.39364099871142
794.232,201.97805658312706
794.351,200.2464548515253
794.47,177.59450679957732
794.589,161.13563234070287
794.708,147.1520825571531
794.827,138.43779684286736
794.946,133.1936409987115
795.066,122.93130333637382
795.185,126.18758039265089
795.304,134.26550247057298
795.423,128.0109570160275
795.542,131.02307822814876
795.661,128.14688775195827
795.78,121.13909554416603
795.899,111.90186610693661
796.018,108.71745052252109
796.137,112.21701762208818
796.256,119.74342454849514
796.375,120.03346783853848
796.494,113.31571892078958
796.613,105.38671459178525
796.732,101.87848948356017
796.851,97.35294835801903
796.97,93.21355441862515
797.089,95.20749381256452
797.208,101.06809987317058
797.327,107.14861935369004
797.446,102.68368428875493
797.565,114.45771026278089
797.684,127.56074056581119
797.803,133.2862816913523
797.922,136.11398731905794
798.041,139.77892238399298
798.16,138.16247216754275
798.279,124.97805658312718
798.398,113.88108688615749
798.517,110.07069727576791
798.636,101.48108688615754
798.755,94.5085039135746
798.874,92.27820088327161
798.993,103.86636827143894
799.112,106.71889352396417
799.231,102.01153421660484
799.35,155.35229900736954
799.469,205.50720521227575
799.588,224.80569006076058
799.707,222.1802210852916
799.826,192.9756756307462
799.945,158.87286177793234
800.064,104.80771026278083
800.183,65.75857606364667
800.302,77.6319526870233
800.421,99.69234229741298
800.54,106.03260203767272
800.659,109.63779684286757
800.778,108.12177952685019
800.897,112.88628169135234
801.016,116.30532931039988
801.135,119.23346783853844
801.254,118.74255874762937
801.373,125.03000463507533
801.492,120.60835961343037
801.611,121.59797000304076
801.729,125.64905225412296
801.848,137.99537260044326
801.967,139.7278401329108
802.086,148.28801329308394
802.205,148.2100912151618
802.324,138.32437692944757
802.443,120.78844619351688
802.562,105.58325138832204
802.681,84.85271283253252
802.8,71.39754301412562
802.919,45.883668245330725
803.038,31.646021702723836
803.157,11.181317323622185
803.276,6.888691574535546
803.394,5.97955771754572
803.513,8.1291335502982
803.632,0.6684542245131802
803.751,-2.939228817572192
803.87,-15.319648502012514
803.989,-27.048995711935717
804.108,-37.238840422189526
804.227,-30.907737012605875
804.346,-26.359573810594274
804.465,-18.72960679971684
804.583,-16.151170936538357
804.702,-10.128260956351298
804.821,-2.985155937716651
804.94,-1.763485543823819
805.059,-1.0438229061350368
805.178,0.06455934264066032
805.297,0.45271629394920065
805.416,-1.3706919196013105
805.535,-1.542474247967079
805.653,-4.576233214330335
805.772,4.458506809793861
805.891,9.708381285216108
806.01,15.780181120117618
806.129,23.654025412612064
806.248,43.94855238722307
806.367,56.05575947279772
806.485,73.4239926961793
806.604,93.459175979481
806.723,127.0558085147073
806.842,149.08126284304245
806.961,168.8123448770054
807.08,181.2810892486307
807.198,194.6364137068363
807.317,188.88004985335363
807.436,182.65961673580188
807.555,169.04178102084757
807.674,156.0490535310014
807.793,145.7879277727568
807.912,148.98394487165484
808.03,156.24316543375636
808.149,169.11710461057643
808.268,195.09840309475584
808.387,219.97667127590506
808.506,236.34151954363443
808.624,252.28212538712143
808.743,271.828791836669
808.862,278.9607396714977
808.981,265.7931204067595
809.1,250.36749248401236
809.219,238.7834230028237
809.337,209.38117170345333
809.456,185.1105221356848
809.575,172.54636607440995
809.694,162.66705849798373
809.812,157.57303230683885
809.931,152.9422095788974
810.05,155.33562927519827
810.169,162.1143303567803
810.288,169.10861585394667
810.406,182.96523901345046
810.525,195.19329074438292
810.644,196.34428619825906
810.763,206.49961065646414
810.882,208.5648918246259
811.0,206.85528121789596
811.119,212.7170991825946
811.238,220.3416877100639
811.357,222.3351074063643
811.475,224.32160069573848
811.594,226.8258429028616
811.713,239.74220632210597
811.832,242.13735762013812
811.95,256.76108034674166
812.069,261.48090696944894
812.188,270.6777898692124
812.307,272.330949825253
812.425,273.73389333107707
812.544,279.90913120919566
812.663,287.3267933297387
812.782,292.1738926797191
812.9,304.8279184366261
813.019,314.52610003768893
813.138,325.663242677713
813.257,334.9631558805078
813.375,338.67951929975266
813.494,347.94999527311006
813.613,361.6343240603202
813.731,372.83813336701064
813.85,370.91986475162315
813.969,374.9228082574476
814.088,376.40453964205983
814.206,382.5486086890097
814.325,381.00176864505033
814.444,381.99345673961915
814.562,389.57215782120113
814.681,395.54826150018573
814.8,394.56765522246064
814.918,394.28748184516843
815.037,396.1718106323784
815.156,390.8656632291122
815.274,379.9621132284432
815.393,366.9745805437915
815.512,362.1030651751572
815.631,355.43934201431534
815.749,355.5920690699237
815.868,351.01838919912495
815.987,349.36765305127005
816.105,346.1766571631553
816.224,347.49561798499724
816.343,340.88990348216385
816.461,337.05821495335636
816.58,322.35206755009006
816.698,311.3281712290748
816.817,297.25319265697726
816.936,279.1366556433213
817.055,264.74046495001164
817.173,252.73215304458074
817.292,238.84072425603307
817.41,230.6090357272255
817.529,223.9721523932231
817.648,220.02271494666675
817.766,219.80314762998063
817.885,213.64418637390077
818.004,214.24366667626254
818.122,217.41284394832135
818.241,222.16730260566155
818.359,225.8074755487159
818.478,221.77232381644563
818.597,218.33976948677275
818.715,204.50247685850948
818.834,217.06387766022368
818.953,237.32050460120288
819.071,348.1518171452908
819.19,474.6541116557961
819.308,622.7058091316787
819.427,737.4636084953559
819.546,801.770674243688
819.664,782.706819463675
819.783,712.7532315600395
819.901,585.2522482192434
820.02,502.02829022326966
820.138,396.33701586758355
820.257,332.7504051222105
820.376,287.8564847949308
820.494,264.0135958430071
820.613,248.63734257096837
820.731,232.3696244996276
820.85,209.10567972422302
820.969,199.34420954345592
821.087,185.1969022690143
821.206,187.22910122214967
821.324,203.02059616795452
821.443,237.11172608305495
821.561,269.4704999895347
821.68,280.6543958763117
821.798,277.1716250964223
821.917,266.07153829921697
822.035,239.24764197820207
822.154,212.8756937091351
822.273,193.54010907643186
822.391,186.36989240909662
822.51,186.979762321848
822.628,183.2060824510497
822.747,190.2800216278705
822.865,194.28296513369568
822.984,194.57595192956416
823.102,190.31569197218585
823.221,187.96019391956946
823.339,184.8254750877324
823.458,191.1080722732114
823.576,192.57335344137442
823.695,200.94512811603082
823.813,212.73768201146646
823.932,220.21854759521372
824.05,216.263915343463
824.169,214.23742161985058
824.287,206.7685036538138
824.406,202.34114412933553
824.524,193.82807031914297
824.643,184.56954196349585
824.761,184.6478101446454
824.88,186.44036404008077
824.998,183.43984434244246
825.117,182.07655408203357
825.235,181.94010364846446
825.354,185.10322031446242
825.472,184.2265101406337
825.591,185.80954022654518
825.709,194.51551403540049
825.828,191.6171588399268
825.946,178.79845732410666
826.064,169.63776446629527
826.183,158.50391143532363
826.301,150.4401882744819
826.42,136.36520970238485
826.538,136.16122680128353
826.657,144.76070710364544
826.775,148.08659433241417
826.894,155.9605335092346
827.012,162.64399649557882
827.13,157.35689671136015
827.249,150.45248090982545
827.367,131.70131186153753
827.486,125.06789173099847
827.604,122.40763177361961
827.723,130.02442809329696
827.841,138.50096467271442
827.959,149.38009865472907
828.078,147.0384534159644
828.196,155.30806358845496
828.315,167.89022787349944
828.433,187.08364756979933
828.552,199.32468631371836
828.67,215.0185389104514
828.788,212.42667722147036
828.907,204.0694475671213
829.025,174.122607523162
829.143,150.5967297301088
829.262,121.11148289230444
829.38,93.43747139065024
829.499,65.27477209501089
829.617,46.58507050900115
829.735,30.281136466612335
829.854,21.108548035401142
829.972,19.725742728045773
830.091,33.39771748317015
830.209,46.34699893467551
830.327,61.779356809994326
830.446,71.70487383064253
830.564,92.84617817451345
830.682,121.01245332137191
830.801,143.3471144208672
830.919,172.9498686106054
831.037,200.6712375189583
831.156,214.741524176229
831.274,208.05683247852124
831.392,182.12625333492588
831.511,165.84415903981545
831.629,142.7707227533631
831.747,120.49382326344775
831.866,109.75631771292633
831.984,105.73223207582492
832.102,109.48823301881005
832.221,110.18882270638375
832.339,113.22361152815648
832.457,117.77528346681237
832.576,108.38582986434284
832.694,103.77646284196
832.812,97.22683607931742
832.93,89.98410874694106
833.049,84.71542537303102
833.167,82.29954410852798
833.285,83.07358997386662
833.404,83.29279511871562
833.522,84.26816115964021
833.64,87.2308647300664
833.759,86.19971130068512
833.877,84.34916795924227
833.995,86.39955332729033
834.113,97.01996894879764
834.232,110.7517028901853
834.35,121.6220825541802
834.468,138.9072452425852
834.586,157.04815547229677
834.705,163.46871938166208
834.823,171.6624434641876
834.941,169.3895008800465
835.059,164.3286795080267
835.178,157.18214385029242
835.296,140.34816230511223
835.414,126.91764396339512
835.532,128.32608666063905
835.651,118.82370684706055
835.769,120.03041794257291
835.887,122.79470479566118
836.005,134.62479251455042
836.124,154.2695988481583
836.242,164.7334528008139
836.36,171.12890848507138
836.478,191.19103083599555
836.596,197.46700600077259
836.715,203.93259155515983
836.833,216.0336749450449
836.951,230.46982326999492
837.069,247.96484605381943
837.188,253.11787749565258
837.306,255.2016448682216
837.424,266.89580185118035
837.542,267.5648506090309
837.66,274.50316343614554
837.779,284.9609567827406
837.897,295.97199688258263
838.015,308.3440759434636
838.133,308.8113930995828
838.251,308.922000298992
838.369,308.6282784940722
838.487,300.09386404845975
838.606,304.27113791453553
838.724,305.2146455468449
838.842,310.8525254735266
838.96,308.94841405821705
839.078,310.63651043511527
839.196,315.73326482067137
839.315,317.1443049205132
839.433,313.8246090896191
839.551,314.0910604448724
839.669,312.55664599925996
839.787,314.2343527657688
839.905,310.8661720863904
840.023,321.00361911263946
840.142,324.7722349700573
840.26,325.6412837279079
840.378,321.416825992252
840.496,320.47029033451804
840.614,310.4544906075202
840.732,295.60059564242715
840.85,290.86185219248557
840.968,292.6347970542323
841.087,288.88652979476683
841.205,288.8031976002364
841.323,292.55449744033797
841.441,294.7031998778422
841.559,296.31164257508703
841.677,299.48372163596815
841.795,311.6428136838623
841.913,324.4451957750465
842.031,340.2181406367936
842.149,360.77463528209023
842.267,375.3250693213263
842.385,384.15515704021584
842.504,392.94801532187614
842.622,397.05169611435866
842.74,403.69650244796685
842.858,403.245204885471
842.976,406.78957831864625
843.094,412.052566470436
843.212,418.35364986032096
843.33,417.1343869298595
843.448,418.1436954279695
843.566,423.0967268698025
843.684,430.3008405627179
843.802,423.02097157165076
843.92,418.7151285546096
844.038,423.0006275289105
844.156,425.6004122174972
844.274,430.0599371658242
844.392,438.46664826133735
844.51,445.3893766728679
844.628,450.9597241320175
844.746,449.16297202406736
844.864,451.0986874485844
844.982,450.21795265665116
845.1,433.1450100725098
845.218,425.8002060165071
845.336,398.600856505959
845.454,368.3028056967096
845.572,329.7822440649494
845.69,293.9629811344879
845.808,272.06925932956756
845.926,247.12618687529638
846.044,223.2099542478652
846.162,212.87207659878896
846.28,192.20259721811095
846.398,178.28549878981386
846.516,155.16580295891927
846.634,138.70757898949654
846.752,126.22684419756276
846.87,112.59372845324796
846.988,101.86104560936606
847.106,83.2851076172376
847.224,67.04449989710021
847.342,61.55889813434765
847.46,47.28063959299564
847.578,40.83219478570793
847.696,26.821318746440582
847.814,21.50586718561903
847.932,23.945531024230696
848.05,20.84168940324012
848.168,32.69425734183789
848.285,44.98458388815938
848.403,48.80678246987235
848.521,54.3532117383771
848.639,53.54380652887541
848.757,64.00053673112092
848.875,73.89254306147171
848.993,90.22998811541564
849.111,111.35448487677436
849.229,127.89147767008444
849.347,140.90379513871923
849.465,155.40788749912883
849.582,165.95526990282826
849.7,180.63944884332415
849.818,188.42665808685032
849.936,198.04417036067946
850.054,205.47293804576395
850.172,211.8895845187273
850.29,212.16770285316258
850.408,221.09084283261944
850.525,228.9343291324227
850.643,237.98647344088397
850.761,242.99879090951828
850.879,252.26998283702693
850.997,260.4303522537129
851.115,260.69808097775814
851.233,250.8766322126259
851.35,250.1651401574504
851.468,248.84585589448278
851.586,245.35254565748906
851.704,252.8843436456035
851.822,271.41960483718105
851.94,295.8535673274597
852.057,326.59748652769497
852.175,363.51802910455353
852.293,411.97883142167166
852.411,465.05088915004524
852.529,514.4458906013624
852.647,565.2053942171817
852.764,607.3293999975034
852.882,637.3893365137558
853.0,653.036286017021
853.118,670.610508247559
853.236,691.8912239845902
853.353,706.816961366643
853.471,700.7686727746698
853.589,699.2009036632159
853.707,690.0798877985155
853.824,663.6696944446378
853.942,628.7902370214961
854.06,607.464892152467
854.178,589.6278589717497
854.296,561.8306526308593
854.413,530.1503294068518
854.531,505.1271490399873
854.649,470.4433626125166
854.767,428.163039388509
854.884,387.77016205194707
855.002,346.93745787555827
855.12,305.9913337857495
855.238,265.1508374015682
855.355,219.95103365807947
855.473,184.6992818626427
855.591,142.79125301092898
855.708,105.37413325012442
855.826,79.6496541819607
855.944,50.03555368511285
856.062,35.706020432207495
856.179,25.01461428834505
856.297,5.072174724549325
856.415,1.396004192801259
856.532,-12.294984983599194
856.65,-25.894538166114074
856.768,-30.7226020993334
856.886,-37.49186419768262
857.003,-28.959510036134134
857.121,-23.65281519081034
857.239,-25.766869369051065
857.356,-25.219637706752025
857.474,-26.595935386789247
857.592,-31.984527287640155
857.709,-33.869230505533565
857.827,-29.512512557730854
857.945,-21.82540015998697
858.062,-14.634483692840968
858.18,-10.17540680071561
858.298,-7.984940436241711
858.415,-1.38576448133648
858.533,4.615699909219575
858.651,10.145697877407642
858.768,20.38789865723973
858.886,30.834553267648865
859.003,34.701635963308874
859.121,39.60558787661566
859.239,37.710774562444506
859.356,26.71928784139149
859.474,19.592622092045097
859.592,14.8933056405477
859.709,9.47964053115214
859.827,13.958311712070488
859.944,9.50772467318014
860.062,9.892655172493534
860.18,5.514087285054551
860.297,2.471221062601992
860.415,-0.9470473146088909
860.532,-3.5417179453570773
860.65,-10.033988156997715
860.768,-7.2196568498690255
860.885,-1.533815725387143
861.003,7.6207319395503585
861.12,19.697141432472563
861.238,39.01365903986397
861.356,45.00192751942282
861.473,55.604052742929724
861.591,56.88725097672091
861.708,60.49425873432148
861.826,64.16966476032022
861.943,65.27017901142713
862.061,65.79580148764211
862.178,55.3387713285117
862.296,43.38446197389732
862.414,43.766767253755674
862.531,38.44991956995692
862.649,34.5856327534275
862.766,32.42565617670416
862.884,38.32350635566576
863.001,39.079967666593774
863.119,35.492995200355196
863.236,34.77235628183849
863.354,38.54003401048392
863.471,44.659633142381885
863.589,44.60261385650681
863.706,49.79807530450069
863.824,54.482972060889765
863.941,57.71077213174224
864.059,77.5212561852787
864.176,85.52567963275457
864.294,96.16819831832566
864.411,107.49902869220847
864.529,101.15713179336379
864.646,92.9780054572895
864.764,81.46208258441865
864.881,74.19551036089842
864.999,81.62071302915307
865.116,77.22513647662865
865.233,96.39059888514328
865.351,117.25476259235921
865.468,133.29814707879592
865.586,151.11815494185606
865.703,167.57712384387733
865.821,178.75557326537904
865.938,183.0742824271403
866.056,175.39472319063316
866.173,174.51949295845503
866.29,171.1360376180516
866.408,175.2296385547045
866.525,179.5803823485004
866.643,181.02636423753455
866.76,189.1675842218068
866.878,195.18499468226955
866.995,193.75045709078427
867.112,180.92977231315166
867.23,172.6709922974237
867.347,171.79576206524538
867.465,166.7568954694308
867.582,164.81932757491495
867.699,171.3882531868927
867.817,184.7554471971389
867.934,194.11831220305618
868.051,201.52619885399508
868.169,211.164388535237
868.286,214.54543535933612
868.404,214.23557309252624
868.521,221.17765887766467
868.638,228.0833810264396
868.756,241.31464430075565
868.873,252.64980367896777
868.99,272.3425388147556
869.108,296.40929992456904
869.225,321.5886151469364
869.342,343.70645850783154
869.46,378.5576352020601
869.577,405.55859544607245
869.694,438.08942581995495
869.812,452.9769661505477
869.929,475.3865844032184
870.046,496.8524797121662
870.164,507.1703230730619
870.281,508.81976816555937
870.398,511.067481656325
870.516,505.3697406016364
870.633,492.45468352963195
870.75,470.60542732342833
870.867,456.17608453713825
870.985,438.930291534398
871.102,419.70181454897374
871.219,405.4508267410387
871.337,394.51845365171823
871.454,380.2769896533068
871.571,353.68920530857497
871.688,331.0252304876526
871.806,306.96731627279075
871.923,285.7388392873661
872.04,268.69564368722274
872.157,244.50006713469847
872.275,224.74345162113514
872.392,206.55999628073192
872.509,189.94190890569672
872.626,177.10563971247979
872.744,169.67283372272627
872.861,159.89284158578675
872.978,148.062632998631
873.095,125.57961055866151
873.213,108.48013790224178
873.33,94.51053537569219
873.447,82.73314064135012
873.564,69.04059439185639
873.681,60.45713905145352
873.799,45.91697375434056
873.916,37.31533659575582
874.033,31.1829635064351
874.15,29.57439994092406
874.267,22.144368187924343
874.385,18.846108877377546
874.502,11.722824108355352
874.619,10.570403993529306
874.736,4.843893960990461
874.853,4.748187817008968
874.97,5.343876895868977
875.088,8.820949328994782
875.205,11.315298833970212
875.322,14.647106496832174
875.439,13.931566886266022
875.556,9.181829732186564
875.673,2.4465952254971683
875.791,-3.9591248312655867
875.908,-10.349900273269004
876.025,-15.703149658683927
876.142,-14.796894433026843
876.259,-10.21600392656556
876.376,-6.468615910239743
876.493,-3.008563394271026
876.61,6.309989511254084
876.728,12.151943838579117
876.845,14.587936978945976
876.962,10.319523140456232
877.079,8.662437019473321
877.196,7.363730280218691
877.313,8.701821174872974
877.43,7.450300803591128
877.547,5.450012219999984
877.664,3.496535759872681
877.781,3.9907924164907658
877.898,9.971003103609496
878.016,8.420406073392503
878.133,9.726487581594865
878.25,16.001896955518518
878.367,12.391151084468259
878.484,7.823144248220522
878.601,14.464004731815674
878.718,14.235443023679606
878.835,17.756407293499066
878.952,10.759162636158246
879.069,6.1747289498826845
879.186,7.310570718124757
879.303,3.227739524526864
879.42,-2.7770974405506177
879.537,2.4263713890880823
879.654,1.1507364416206989
879.771,6.250270307503303
879.888,2.4127016437685955
880.005,-1.170306359650442
880.122,-6.369402355424622
880.239,-13.18458634355395
880.356,-21.61585832403842
