wavelength_nm,intensity
792.446,127.44349849049526
792.565,153.7954224577543
792.684,168.18444159738561
792.803,170.61055590938912
792.922,161.07376539376463
793.041,118.98811824047898
793.16,84.37964808407068
793.279,49.16802779982471
793.398,34.16646066956579
793.518,37.417042195459544
793.637,56.59076010001276
793.756,89.07840341698213
793.875,117.22692612773784
793.994,152.2101809268753
794.113,184.266021315293
794.232,186.2086543154615
794.351,181.759945324288
794.47,159.88266490454325
794.589,133.40192128133538
794.708,107.71165384860385
794.827,88.16943836392431
794.946,78.09821855024049
795.066,77.32223683179467
795.185,71.00686117395497
795.304,85.68109590572561
795.423,87.56398864615423
795.542,90.8745870142885
795.661,89.93410313134063
795.78,87.08539414016784
795.899,85.24361155592156
796.018,79.43213200197846
796.137,68.57909400647708
796.256,65.47237635729617
796.375,61.11977126222778
796.494,58.426981795118564
796.613,54.231688980077095
796.732,54.80199521836825
796.851,60.44669495663621
796.97,56.59597893568909
797.089,48.459014914150075
797.208,47.51101587541829
797.327,60.338261672689924
797.446,61.85195184281167
797.565,65.2321864218103
797.684,82.9042884710747
797.803,100.31015728056562
797.922,114.52125814252709
798.041,116.3938308659605
798.16,125.24735597034642
798.279,121.74157371542513
798.398,108.46696029167278
798.517,89.08325595882943
798.636,86.92725725369169
798.755,88.13316331045871
798.874,96.19448062263692
798.993,105.44627412529134
799.112,116.41235334223147
799.231,119.34812952886867
799.35,123.18433861593876
799.469,119.00496328742439
799.588,119.19615072947279
799.707,114.59253297671599
799.826,119.65471608976017
799.945,118.11603340193864
800.064,118.24748058424716
800.183,121.54342993105789
800.302,120.99782083631032
800.421,124.77775286710389
800.54,126.12391866413117
800.659,130.3938939849678
800.778,137.5192805612158
800.897,139.56847666127322
801.016,149.31897146262935
801.135,154.40020219472134
801.254,152.50913855451904
801.373,162.03019612643777
801.492,162.19540954251227
801.611,165.6307528287166
801.729,178.40029524912015
801.848,196.7992748989608
801.967,211.49262684317387
802.086,220.53316493457305
802.205,211.74859480086408
802.324,196.37787748100772
802.443,158.5803203343117
802.562,127.25981946467223
802.681,102.1739506296648
802.8,75.46109782462338
802.919,57.023394053295846
803.038,43.074635879363555
803.157,24.71404605884326
803.276,10.482472024047079
803.394,-8.980678075404231
803.513,-16.8176052263189
803.632,-24.33727968056276
803.751,-32.19524172123731
803.87,-31.45526366848206
803.989,-32.96156858131084
804.108,-24.058499834593714
804.227,-16.873572868831047
804.346,-19.583562965221116
804.465,-20.81086071072331
804.583,-15.010343315799343
804.702,-15.951247958443638
804.821,-13.028390947652586
804.94,-4.569729195308533
805.059,4.268441654445889
805.178,9.450302515354865
805.297,12.262651907834389
805.416,21.051896760409786
805.535,33.29287730205193
805.653,30.46767753741028
805.772,38.59521645220643
805.891,41.010362643509865
806.01,39.68054617402514
806.129,49.96843686915312
806.248,71.81686028346292
806.367,95.48821676783359
806.485,126.62333445994685
806.604,163.65294517471688
806.723,209.69987190680308
806.842,234.46887656096723
806.961,270.01363879088905
807.08,282.1938988563089
807.198,290.57589052346043
807.317,278.0150250477549
807.436,265.15372667161654
807.555,255.74351054656063
807.674,249.10125978947013
807.793,239.61485318822383
807.912,255.3414335999645
808.03,256.35026509395635
808.149,275.07944290829425
808.268,295.1246380386493
808.387,327.8079284070996
808.506,354.2011754855064
808.624,378.0792710487615
808.743,401.6803103349605
808.862,420.358405898216
808.981,419.2399646649348
809.1,402.0790991892295
809.219,387.0818700771606
809.337,361.6984937789447
809.456,329.2640352296464
809.575,305.19840784917915
809.694,286.5864601223917
809.812,275.49052971162143
809.931,273.70542181167366
810.05,276.43027062168255
810.169,298.45814973472176
810.288,307.9223924841247
810.406,333.7701850170774
810.525,348.09676542881823
810.644,356.35061856783204
810.763,363.4018743042485
810.882,370.8756408631758
811.0,374.6853381580338
811.119,382.55650731436344
811.238,386.8571137001302
811.357,392.7724387006152
811.475,392.93365114698787
811.594,397.9468116453085
811.713,398.95910634276356
811.832,415.8675049363227
811.95,423.910102664081
812.069,427.7985878377269
812.188,429.6333933576931
812.307,424.36690017636056
812.425,423.39824249286346
812.544,402.25815623793767
812.663,387.8470743120163
812.782,380.2645638146663
812.9,363.7400619753251
813.019,353.39131771174164
813.138,351.0720106775955
813.257,358.6262967170426
813.375,378.34595072185755
813.494,387.5357345968026
813.613,415.03547518170416
813.731,432.62093005232
813.85,447.9154758320268
813.969,460.7814501831623
814.088,468.0127924996658
814.206,483.31166728370204
814.325,502.0062130634095
814.444,520.2713216136799
814.562,550.2896769171971
814.681,566.1210192337012
814.8,581.4934870913307
814.918,584.4070804900855
815.037,584.2799812481478
815.156,583.2126222659504
815.274,572.3357394742291
815.393,564.7142679379192
815.512,558.2391167479296
815.631,549.1743551683298
815.749,553.2013684805046
815.868,564.4162605805582
815.987,572.882234931694
816.105,575.6200707546914
816.224,573.7985992183812
816.343,568.1805908855346
816.461,550.349595539701
816.58,531.4978209730884
816.698,509.0884706489001
816.817,493.62024586583755
816.936,473.8550513858051
817.055,454.17730279321864
817.173,434.4649221660002
817.292,415.1075198937601
817.41,397.9968708682731
817.529,386.8290789856434
817.648,373.4301182718448
817.766,363.1341878610765
817.885,362.0373916494424
818.004,361.2574785546915
818.122,360.1693403517154
818.241,366.313236780774
818.359,372.66059641329576
818.478,378.6650989029604
818.597,386.3631078861316
818.715,391.92603623674427
818.834,402.4832108953275
818.953,384.61299352902347
819.071,400.52926290816714
819.19,418.3377456234007
819.308,554.7229598347853
819.427,723.5398757926378
819.546,903.6182616233632
819.664,1037.6556168207799
819.783,1070.7249530799882
819.901,984.356610490591
820.02,842.307995075675
820.138,656.6399961733141
820.257,548.8768248880327
820.376,451.6863214903848
820.494,397.3664700616423
820.613,368.01021298099715
820.731,341.3792176351641
820.85,319.2893478304568
820.969,320.13973776600915
821.087,335.9286558400899
821.206,350.9669245635213
821.324,383.3887430705025
821.443,427.2122931792155
821.561,463.9319471840324
821.68,485.7667527040008
821.798,476.95740237981346
821.917,458.3541126616867
822.035,420.00017359291047
822.154,384.38562846352806
822.273,363.55636471942694
822.391,350.5409537891785
822.51,336.05281558620277
822.628,332.8850237035732
822.747,331.89385519756706
822.865,330.0187040075783
822.984,329.4864099604468
823.102,332.54026309946255
823.221,344.51619416055644
823.339,343.77783950736455
823.458,345.2793116939994
823.576,341.3504808503311
823.695,344.0978404828531
823.813,338.9785334487084
823.932,345.2367155920529
824.05,336.3961964366963
824.169,342.06909719475954
824.287,341.76191137273634
824.406,339.4400069359944
824.524,336.88953107068085
824.643,333.23948810580004
824.761,328.7279732794472
824.88,339.5307441673799
824.998,336.2910908128882
825.117,347.7198357267947
825.235,347.9996628917834
825.354,344.7297065069886
825.472,342.0839925464363
825.591,333.1724777200832
825.709,336.80208843485593
825.828,331.50269482062447
825.946,321.5989722020642
826.064,323.63810672636146
826.183,317.9326525060701
826.301,316.4921333507141
826.42,307.85680900055297
826.538,304.99377902268617
826.657,310.69525120932144
826.775,298.5300567292899
826.894,298.8973297817258
827.012,298.59274136230005
827.13,298.83014428486575
827.249,291.1489324888168
827.367,271.7378505628979
827.486,261.22027513048556
827.604,249.7304053257788
827.723,240.03014591068245
827.841,243.47274363844315
827.959,242.1075491584115
828.078,254.89386982989504
828.196,267.0334372546253
828.315,280.5305804369316
828.433,306.45110024261464
828.552,316.7854728621506
828.67,330.1605381223793
828.788,329.5286769756816
828.907,318.7799327121007
829.025,287.6225304398618
829.143,250.04867795117275
829.262,211.20262558016094
829.38,168.5126589810347
829.499,124.89488090055654
829.617,96.20277676220655
829.735,80.21579856516861
829.854,74.25010473664484
829.972,76.70735888072991
830.091,93.28140413323953
830.209,119.94094714439403
830.327,144.99085665764636
830.446,177.27223290132983
830.564,215.74179666464556
830.682,256.2211014340237
830.801,288.84967665435784
830.919,315.3405895370296
831.037,331.32587471407385
831.156,330.59947157942975
831.274,308.8843238560413
831.392,277.6297821932589
831.511,256.9155002707362
831.629,232.2332529802481
831.747,213.699057637812
831.866,204.09819562870922
831.984,208.5302340525069
832.102,214.10512961916166
832.221,214.38651869231
832.339,220.60903330658383
832.457,238.64713233644216
832.576,237.7051447862139
832.694,230.92506199789034
832.812,224.45926492385252
832.93,216.01944187578863
833.049,197.2549435030496
833.167,185.22724166710717
833.285,177.13114156276646
833.404,176.11123193461628
833.522,173.3744391895829
833.64,178.8108066177096
833.759,195.60561560427783
833.877,204.82726441768602
833.995,215.49480067698173
834.113,239.6220771960178
834.232,261.9909121566123
834.35,284.0965436540033
834.468,310.0913526405716
834.586,340.69308803406614
834.705,369.42123035396764
834.823,375.37448089897725
834.941,371.55370546996085
835.059,362.64115514916966
835.178,345.74505504482875
835.296,322.67146576299865
835.414,303.9944132777052
835.532,295.97363784868867
835.651,299.59788406469363
835.769,304.7216973802657
835.887,310.0740821244093
836.005,332.3113153534015
836.124,355.32776936161474
836.242,376.59443982004433
836.36,389.0559154732792
836.478,404.5225859317087
836.596,415.502676303558
836.715,415.87410866674946
836.833,422.19532457972434
836.951,440.91307728923607
837.069,457.40658757450535
837.188,467.0446866043632
837.306,480.64122719266265
837.424,501.9312742744685
837.542,512.3087672437201
837.66,517.0152645419762
837.779,532.122627641098
837.897,543.7936271038562
838.015,546.2334577354455
838.133,541.3105178042644
838.251,541.2118202973256
838.369,542.0403955176596
838.487,542.0551179241406
838.606,544.7451650059464
838.724,541.5702770228172
838.842,541.1538305981296
838.96,530.7105443466022
839.078,530.8932321210489
839.196,533.2750540946298
839.315,542.3625037738384
839.433,557.3919447950383
839.551,569.0231174179697
839.669,559.9902207768318
839.787,553.6594886378584
839.905,544.5755097456382
840.023,537.5564659183532
840.142,533.1772489308946
840.26,524.0240059694102
840.378,520.5625378997006
840.496,519.1538836828049
840.614,516.2569177775971
840.732,515.1114670239047
840.85,518.8344145386105
840.968,513.0751109710654
841.087,505.8162403039531
841.205,495.93052981000096
841.323,499.9842132554426
841.441,505.9132213762089
841.559,511.6301082848539
841.677,520.9824930289969
841.795,530.3080379463001
841.913,541.2457040757247
842.031,559.2015520233313
842.149,590.8431142566517
842.267,624.2067544120501
842.385,640.9868447838984
842.504,656.6431256319372
842.622,669.0535190340886
842.74,667.0898864622139
842.858,667.0102365743221
842.976,660.0743096301533
843.094,668.7054822530838
843.212,677.16436050372
843.33,678.1323296634471
843.448,686.4284373513128
843.566,686.0933762080097
843.684,682.6067999131916
843.802,669.3496608478109
843.92,642.5444698343783
844.038,639.5539974356643
844.156,642.9410142144395
844.274,648.6804119455953
844.392,656.9037923607339
844.51,674.3436229923224
844.628,687.6986051390622
844.746,693.2483924806074
844.864,681.0890889130618
844.982,679.4778372935682
845.1,665.6319536394427
845.218,641.8224336216811
845.336,608.0033897943954
845.454,576.9670299497939
845.572,535.9254752999975
845.69,493.38521935150015
845.808,444.53587249391194
845.926,418.78089793069614
846.044,388.44064198219905
846.162,364.3376154709314
846.28,331.9177058427805
846.398,303.857103573937
846.516,277.27442338301563
846.634,250.46836656871767
846.752,226.83027512238505
846.87,212.30560358947213
846.988,191.93850781413474
847.106,171.85972372710887
847.224,143.86145912060243
847.342,122.36535901626044
847.46,110.88224592490559
847.578,101.79388327376694
847.696,93.51516444079012
847.814,87.43712917657848
847.932,80.83944435036871
848.05,78.838178316551
848.168,83.50528143415033
848.285,91.97421377245341
848.403,111.08236935343368
848.521,131.52172550239987
848.639,145.40524870008196
848.757,157.9663695267809
848.875,167.3188323448218
848.993,175.3985678901351
849.111,184.96228611943104
849.229,192.34851517123775
849.347,207.145133833434
849.465,221.62313777701542
849.582,221.56088198033714
849.7,225.63109371612632
849.818,223.242430993041
849.936,224.26329207947953
850.054,229.0218155035805
850.172,236.44181078915358
850.29,245.7873472002679
850.408,244.93201781051653
850.525,246.37279231686898
850.643,253.57373998339455
850.761,264.975553450786
850.879,280.2942500350604
850.997,290.3549379613261
851.115,295.4589159308819
851.233,300.2209025584463
851.35,298.32488052800215
851.468,300.0496377183372
851.586,308.7769923112695
851.704,325.7190655189206
851.822,354.34252400795697
851.94,393.3478006788117
852.057,445.22667042325975
852.175,519.8336786958463
852.293,600.1160116437577
852.411,680.0260502193748
852.529,756.8581667170698
852.647,822.685954210436
852.764,884.8557330457934
852.882,945.3908798465187
853.0,991.6420439632616
853.118,1031.995372582169
853.236,1066.5963202486955
853.353,1083.6448869628414
853.471,1080.6596874432207
853.589,1056.6918039409165
853.707,1020.9438338585255
853.824,993.0235694038402
853.942,947.6037378495878
854.06,903.5683218797512
854.178,867.6653734423821
854.296,824.9927280353163
854.413,782.3668358750036
854.531,731.6179999917472
854.649,678.6667831561097
854.767,631.729419134325
854.884,561.7145659350512
855.002,493.15295948902406
855.12,426.8281495797935
855.238,371.6769327441558
855.355,320.2863219691241
855.473,277.00436920275035
855.591,229.30639912035934
855.708,189.82834245788186
855.826,146.3210650161837
855.944,104.65694562116701
856.062,72.95605743856851
856.179,47.608470896516074
856.297,20.30517879418639
856.415,-0.8053541687064039
856.532,-17.713244047358117
856.65,-25.4586202221347
856.768,-29.79524929856383
856.886,-38.810300421178304
857.003,-42.08173285925014
857.121,-51.362106451389195
857.239,-53.71527691733749
857.356,-55.17801261565544
857.474,-47.583755293839474
857.592,-40.24249492775579
857.709,-26.877526427517775
857.827,-20.40986533221357
857.945,-11.967712336320641
858.062,-4.951767103515943
858.18,4.391949653405593
858.298,12.753247402144622
858.415,25.125687115135666
858.533,40.363733815233545
858.651,59.119687630968265
858.768,70.73050362554187
858.886,75.85053103351567
859.003,74.42668122892148
859.121,65.85268592435611
859.239,54.93264685841993
859.356,43.41819540828948
859.474,46.42135027565821
859.592,42.68101305188663
859.709,35.86393332170806
859.827,32.62601921565818
859.944,25.56434785554796
860.062,21.596840216514995
860.18,14.142921301260422
860.297,5.138342347760748
860.415,9.77531348176105
860.532,5.446416788882654
860.65,2.2732610457447224
860.768,8.009741687015389
860.885,17.66297903401331
861.003,29.610291292333343
861.12,35.82078039401047
861.238,40.50214835222748
861.356,53.20078696422499
861.473,72.04025531880839
861.591,83.84524692126377
861.708,92.39829047177126
861.826,100.91670198764652
861.943,92.58489705330526
862.061,74.44962891550068
862.178,59.82345168678682
862.296,45.665270891104434
862.414,47.18008525839365
862.531,43.61120962335975
862.649,45.30204938413892
862.766,44.458691131744814
862.884,39.51967941304778
863.001,39.82978878180207
863.119,39.3257380843601
863.236,41.11454543802779
863.354,49.12537864994718
863.471,53.718471431141296
863.589,64.11299548525803
863.706,62.976368300986685
863.824,71.27437315134735
863.941,82.31436934369925
864.059,93.29982008150547
864.176,105.18224051628133
864.294,118.20145748785379
864.411,129.5921030308549
864.529,127.23036762147515
864.646,113.3266408701041
864.764,110.4281089239278
864.881,101.61875446692895
864.999,97.42671602724599
865.116,107.79225334513882
865.233,131.4893923946333
865.351,152.09562235321857
865.468,172.1841033940549
865.586,197.96782253012913
865.703,224.34288365754526
865.821,242.42357249058915
865.938,252.9588067781786
866.056,268.07759084931797
866.173,267.9548164788989
866.29,255.2822585586962
866.408,252.1049387337315
866.525,248.79861457976224
866.643,244.8074419409444
866.76,247.85436454022175
866.878,250.0865685247804
866.995,248.41054740111394
867.112,241.81158255450367
867.23,231.93296402823972
867.347,232.4950381426683
867.465,231.28741528740005
867.582,236.40187035420973
867.699,239.04013494482905
867.817,242.61865927570824
867.934,250.42835243775642
868.051,262.6380455998046
868.169,271.4537993679133
868.286,278.9769124433811
868.404,283.4627960816194
868.521,302.386774957953
868.638,316.9401910637239
868.756,340.2650357409234
868.873,369.9007029289455
868.99,400.49221427281185
869.108,430.33307626602857
869.225,468.369609254916
869.342,507.89531973298074
869.46,564.1058786958943
869.577,616.3735805159506
869.694,662.5209360156607
869.812,691.8959971430766
869.929,712.1039587033929
870.046,727.2746908264796
870.164,743.4367649409082
870.281,751.1252459817438
870.398,761.6803936892463
870.516,760.2606496218568
870.633,755.2764033899653
870.75,732.5570922230087
870.867,716.4845343028053
870.985,697.2085131791389
871.102,667.6744833974637
871.219,647.2209730963084
871.337,624.9648653925553
871.454,600.4265066065514
871.571,571.9998361322354
871.688,531.3255466103005
871.806,504.5975774346857
871.923,466.52069051015326
872.04,420.72951787133525
872.157,387.21366990784185
872.275,362.14370939023576
872.392,336.37937657825717
872.509,310.56915632039096
872.626,286.86716117074974
872.744,270.25434351028593
872.861,243.02161242990869
872.978,212.568967929618
873.095,192.8764965895005
873.213,175.2801291454869
873.33,147.68029849801016
873.447,127.96445053451595
873.564,107.84946837188761
873.681,93.52929140406445
873.799,72.62433689284546
873.916,47.90989715073577
874.033,37.3512431247081
874.15,24.56619071629457
874.267,16.07168693822603
874.385,13.909581497467407
874.502,9.143558168501679
874.619,7.164420198516454
874.736,0.9300658159368602
874.853,-11.313899558838466
874.97,-16.687685293189897
875.088,-15.907443221705854
875.205,-9.636263726740612
875.322,-6.17621427465687
875.439,-8.037324907733854
875.556,-9.251692141938541
875.673,-6.235232576467485
875.791,-16.088150274545626
875.908,-22.162806219458417
876.025,-20.86856065481917
876.142,-13.436895612900178
876.259,-7.785039682912897
876.376,-5.4635664085811015
876.493,-5.102954578181169
876.61,1.7525848831435202
876.728,-2.096259792126955
876.845,0.5195475722748202
876.962,6.91337538146407
877.079,14.199181253923857
877.196,21.789866726480195
877.313,13.392304600773048
877.43,0.5309377931290582
877.547,-3.9892360882534623
877.664,-11.414308338445274
877.781,-17.691536906727034
877.898,-14.204371170005178
878.016,-17.363918959853955
878.133,-8.632974129362857
878.25,-9.47786618783875
878.367,-12.26163338605125
878.484,-7.714701634433152
878.601,-6.725674119633784
878.718,-8.331287657515624
878.835,-4.287735145609155
878.952,-9.685088346245045
879.069,-2.5377755077399042
879.186,-0.5445137864341101
879.303,-11.238569414606975
879.42,-18.049237696854526
879.537,-30.031458169227122
879.654,-34.56289735922569
879.771,-42.76310274866532
879.888,-42.54722743083606
880.005,-42.76500464700049
880.122,-40.30241328254315
880.239,-35.159453337464114
880.356,-27.336124811763362
