wavelength_nm,intensity
792.446,175.11861455032684
792.565,197.2537660654784
792.684,208.37030286201525
792.803,208.46822493993733
792.922,197.5475322992446
793.041,162.05835481006716
793.16,123.32069247240486
793.279,90.2046751563876
793.398,74.15272710443952
793.518,73.07307342478586
793.637,73.3769695286819
793.756,98.30597385768617
793.875,131.26008641179868
793.994,171.6167963685086
794.113,206.86614701785925
794.232,221.73021628192856
794.351,212.12155827327052
794.47,189.8012119529243
794.589,155.1475322992447
794.708,139.1458006975131
794.827,125.78649333820573
794.946,128.89212104383338
795.066,134.50251065422293
795.185,142.94926390097612
795.304,142.19341974513196
795.423,137.46701281872507
795.542,136.0877920395043
795.661,135.3838959356082
795.78,128.23930719101946
795.899,119.87567082738315
796.018,113.20380935552168
796.137,109.16571411742649
796.256,106.71896087067327
796.375,108.97783532954782
796.494,108.43324658495905
796.613,101.95445870617117
796.732,101.12328987500231
796.851,89.62787140587844
796.97,80.32593537937386
797.089,65.42804490808206
797.208,68.35127379029501
797.327,72.38154417234102
797.446,75.27968715464507
797.565,85.23209214237862
797.684,101.81867221342434
797.803,112.74186844738108
797.922,123.49450191077514
798.041,126.63155095858485
798.16,135.47769091548548
798.279,119.877077625633
798.398,110.98728684660293
798.517,101.26892463900137
798.636,93.6120342928717
798.755,98.56380195540014
798.874,102.54760424996331
798.993,111.56863598175602
799.112,124.88317420705528
799.231,133.02108905573132
799.35,138.19363593903935
799.469,135.21120446736904
799.588,134.62530979223556
799.707,137.82902550671253
799.826,135.44919143763966
799.945,128.86069935990866
800.064,122.18822459819492
800.183,123.52440784513928
800.302,113.5385131700058
800.421,120.83140637366026
800.54,129.82126927428465
800.659,140.3132966770736
800.778,153.51960979414832
800.897,159.0021133874136
801.016,162.41362130968326
801.135,166.9195015263254
801.254,166.90330382088965
801.373,171.43948706783505
801.492,165.68043221954252
801.611,164.9464855963582
801.729,178.89911905975404
801.848,197.88032395172144
801.967,210.3143426965029
802.086,218.97866447158748
802.205,215.72437152805745
802.324,195.83804395249297
802.443,155.9499847751968
802.562,123.67404681002196
802.681,101.87256771930603
802.8,84.890866880427
802.919,58.94941369686283
803.038,42.77142291592637
803.157,29.560214255079558
803.276,16.29004130744626
803.394,-3.7010151057134264
803.513,-9.442325224713418
803.632,-17.20193516481722
803.751,-21.880131039431486
803.87,-25.988565827514428
803.989,-29.025631588640675
804.108,-31.35683190083939
804.227,-32.351363222832084
804.346,-38.06207759651227
804.465,-30.754212255696704
804.583,-24.058026089981734
804.702,-15.033706324690186
804.821,-0.9497841030961034
804.94,1.5801563315537952
805.059,9.264008528881561
805.178,14.890846111714854
805.297,16.900039036146964
805.416,29.218768330726743
805.535,33.22106224243649
805.653,37.1390689455809
805.772,39.38449929046634
805.891,39.67080959213104
806.01,45.674593740721775
806.129,60.78197654150622
806.248,85.1658128763633
806.367,115.96707632977115
806.485,148.26500667604301
806.604,183.70752576690353
806.723,221.05394096166026
806.842,254.8072825633434
806.961,279.20737741177993
807.08,296.0472991000435
807.198,301.77812987921624
807.317,298.17476152418976
807.436,287.0094884072586
807.555,263.7472455933578
807.674,248.35946165391584
807.793,240.94397208676833
807.912,241.99060373174203
808.03,250.40260334208375
808.149,280.8946895325121
808.268,320.48417832034306
808.387,361.0377363722433
808.506,393.9778745107237
808.624,419.75221178340325
808.743,431.73823736777115
808.862,431.3948257227015
808.981,412.95704178325946
809.1,397.47748295204224
809.219,367.60225312515394
809.337,337.4369800082224
809.456,310.5738713934554
809.575,286.986953254879
809.694,275.1394290556965
809.812,271.409653774263
809.931,268.66602567897667
810.05,286.3215317828247
810.169,302.75192966156465
810.288,321.46284702082403
810.406,336.52701113333023
810.525,345.0777553324163
810.644,353.8475471505501
810.763,359.26322641457136
810.882,358.99925199893914
811.0,362.19848104651044
811.119,368.54316463953637
811.238,381.2038655485796
811.357,387.99789979095635
811.475,389.2109816523807
811.594,395.7236306133724
811.713,409.0752406133252
811.832,416.70996749639517
811.95,435.65118788595873
812.069,439.4841831672973
812.188,455.1318970633545
812.307,457.92419970400033
812.425,449.26715169529564
812.544,438.8499305264176
812.663,434.7608478856781
812.782,426.7990379722114
812.9,427.24328866480533
813.019,412.5403532102132
813.138,415.6330887512921
813.257,426.98816195470863
813.375,435.2107676256576
813.494,445.71389277712603
813.613,471.1087928203693
813.731,476.64568420560386
813.85,489.12976173802474
813.969,495.29955355615994
814.088,506.74986485481475
814.206,526.5135960668894
814.325,536.2444268460636
814.444,550.3328333828133
814.562,584.7216728199958
814.681,595.8317243783905
814.8,615.2924252874344
814.918,621.9643816077339
815.037,632.0874201791153
815.156,622.5948743349122
815.274,604.8893414777219
815.393,586.1768822136053
815.512,584.4921285771941
815.631,571.4402753736833
815.749,574.3667771485277
815.868,583.9608113909046
815.987,596.0050620834982
816.105,593.4640313908105
816.224,592.7169400920624
816.343,584.6737448972101
816.461,568.6374761092843
816.58,546.1691726893235
816.698,528.4982718667653
816.817,513.5537779706141
816.936,488.4032234684024
817.055,467.72626203978393
817.173,454.0726772345423
817.292,435.04073745094564
817.41,409.8529535115049
817.529,386.7257756326701
817.648,367.9786843339217
817.766,355.6082164117969
817.885,335.37108182300517
818.004,330.16078706105327
818.122,331.3608819094909
818.241,334.1376001345519
818.359,345.6242750695695
818.478,350.24774654138344
818.597,364.9172364567171
818.715,377.01124886615514
818.834,382.91229910962346
818.953,361.4627060314225
819.071,374.04826998938387
819.19,387.57998582077914
819.308,529.3813716757328
819.427,700.8786682742896
819.546,885.8571717462928
819.664,1019.8344683390899
819.783,1043.7836116509584
819.901,937.9473075024578
820.02,789.420319676698
820.138,594.5718713408625
820.257,492.11219106625794
820.376,404.44673115320813
820.494,360.76896730374665
820.613,338.59577415958245
820.731,315.73006814221924
820.85,294.559600220094
820.969,298.17614528498166
821.087,312.70611026328925
821.206,335.0698414753629
821.324,369.41539086925496
821.443,412.12977143197816
821.561,451.589606540156
821.68,477.56978796868015
821.798,474.42183086906584
821.917,448.8201941157718
822.035,417.1735357174563
822.154,374.5364011286646
822.273,345.66376870437506
822.391,321.35823584718503
822.51,300.8700190073111
822.628,289.29522208085706
822.747,292.9238883578663
822.865,292.8824247647459
822.984,296.80459753526213
823.102,301.6878092668175
823.221,316.16928939664126
823.339,317.7451418208373
823.458,312.64047476451367
823.576,311.00160857399055
823.695,316.7410973618222
823.813,314.8355645046321
823.932,310.25643857384875
824.05,312.6504728162257
824.169,316.6445070586027
824.287,317.3554244178628
824.406,319.7104976212788
824.524,319.10366606279007
824.643,310.85787346534016
824.761,311.2415180973275
824.88,310.4372839414362
824.998,306.3672489197441
825.117,312.4210234218616
825.235,314.90596675514803
825.354,320.63852913605365
825.472,322.05507420094204
825.591,310.8785456727568
825.709,313.3513677939221
825.828,309.7099042008017
825.946,302.68489082413146
826.064,299.63476922235293
826.183,289.67122770715446
826.301,281.41504549931545
826.42,272.9155732481865
826.538,265.6819018628586
826.657,271.4361092654096
826.775,277.4890179666622
826.894,281.4666019925902
827.012,288.4372596115918
827.13,294.3291293518056
827.249,279.9673194383396
827.367,263.37693809630207
827.486,253.75538792309553
827.604,237.67063428668547
827.723,220.9330667974616
827.841,209.33056424330266
827.959,220.04581060689264
828.078,236.1359487453745
828.196,244.8563899141593
828.315,270.1447964509094
828.433,304.4409951954517
828.552,323.6861116889118
828.67,330.55460480574857
828.788,322.97114987063736
828.907,310.5262230740543
829.025,278.3410365372116
829.143,232.6731085924344
829.262,190.48066145439233
829.38,158.29038381997705
829.499,123.60959118994796
829.617,94.88508824201077
829.735,72.17017484420711
829.854,64.20972703031288
829.972,62.639466181811564
830.091,70.04012159111217
830.209,88.81065710287757
830.327,111.23899506121728
830.446,137.71173407849187
830.564,172.17021925833836
830.682,211.57987377326617
830.801,249.97944144968076
830.919,275.27911059085443
831.037,293.88007843332684
831.156,288.78321077796386
831.274,272.9452175814753
831.392,243.1548434326059
831.511,222.30819222745924
831.629,211.3403289011004
831.747,199.0443270466028
831.866,195.63750268128265
831.984,201.94323242851664
832.102,212.64116996795866
832.221,223.61443218272544
832.339,219.60154721134518
832.457,226.93065358195634
832.576,222.03465172745928
832.694,211.56289229720463
832.812,203.53095970677683
832.93,194.53539075271277
833.049,191.44804690687374
833.167,182.06373336406492
833.285,178.72877047060672
833.404,175.3357989191398
833.522,173.2112256360711
833.64,176.77582984218006
833.759,182.85298816084327
833.877,187.34226769162785
833.995,196.6661792570443
834.113,215.07840251077224
834.232,237.930452604327
834.35,255.62665854203738
834.468,279.5557649126483
834.586,306.08920028758837
834.705,336.87804691793974
834.823,355.68767276907056
834.941,356.56569688859963
835.059,348.6523790167865
835.178,328.0299702358825
835.296,291.22401167142857
835.414,257.57909206801367
835.532,244.30127203169812
835.651,251.34639571832622
835.769,257.6806968941317
835.887,272.1760370309761
836.005,289.7847970812403
836.124,308.8905268284741
836.242,314.4404124198639
836.36,326.6612936822493
836.478,343.9384520009117
836.596,359.57838088234473
836.715,365.57069071615877
836.833,392.0270698140421
836.951,409.0410246695011
837.069,425.96580203578276
837.188,441.87845818994333
837.306,454.93570308869266
837.424,464.41459300908707
837.542,470.8380716740703
837.66,479.55245942996294
837.779,494.30147922048786
837.897,496.87993624045015
838.015,504.33631533833454
838.133,510.219534263059
838.251,510.27158435661454
838.369,504.7123790389146
838.487,500.3349919030328
838.606,497.9420203515664
838.724,493.4849795360308
838.842,490.240925733482
838.96,491.77436110842234
839.078,496.09394366951
839.196,512.0369028539743
839.315,512.3703382289149
839.433,518.611132911215
839.551,519.4103691519567
839.669,528.0624192455123
839.787,532.2980191226177
839.905,529.2227964889005
840.023,529.4237643313737
840.142,526.5225676716823
840.26,513.7062194968394
840.378,507.500260932386
840.496,497.38780886143905
840.614,497.9212442363794
840.732,495.69190904854895
840.85,491.8435262416707
840.968,490.8618101014591
841.087,485.83766971882324
841.205,484.527815050473
841.323,485.85865302281536
841.441,491.3695775752443
841.559,500.1705454177165
841.677,513.7966214852968
841.795,537.4910958212753
841.913,557.8054835771673
842.031,576.6912999044879
842.149,587.8212720759643
842.267,605.4473481435446
842.385,616.0742900119907
842.504,620.2648682440732
842.622,626.2467884674977
842.74,642.391479253693
842.858,650.5214514251696
842.976,665.7994755446985
843.094,677.5865905733181
843.212,685.2871255153575
843.33,680.2932881630245
843.448,670.9159010271417
843.566,671.8744446271893
843.684,672.1126419068908
843.802,676.8469430826962
843.92,677.6946641719217
844.038,675.0809133996752
844.156,668.4636994239655
844.274,664.0759226776929
844.392,662.7253753686498
844.51,676.7315380163167
844.628,677.7749301012129
844.746,681.149923917711
844.864,671.7171255264169
844.982,663.8263184771141
845.1,645.8740395663392
845.218,619.4213277551316
845.336,587.25606183137
845.454,549.831055647868
845.572,503.3359195942362
845.69,457.2208701206911
845.808,424.3170760584012
845.926,403.48254606537546
846.044,376.6636004879342
846.162,355.619546685385
846.28,325.10016820751093
846.398,292.6413957902429
846.516,265.15751514786655
846.634,240.21476004661554
846.752,219.7932170665766
846.87,194.44266975753345
846.988,177.78303153939964
847.106,153.20813238920437
847.224,123.7031474534572
847.342,107.48581160798922
847.46,96.31492085287711
847.578,88.35121649497466
847.696,72.66295933263547
847.814,65.66100280061744
847.932,68.67837744318142
848.05,61.10359456566665
848.168,65.1486711347473
848.285,72.90389870186848
848.403,83.82366710587041
848.521,99.71941185146306
848.639,105.96609299720458
848.757,127.41342725524501
848.875,139.71462060708154
848.993,154.3117493023634
849.111,174.1365836253508
849.229,187.32072530764555
849.347,196.8148236998971
849.465,213.4197446029712
849.582,226.52683000821008
849.7,239.2702790498128
849.818,244.03190990959746
849.936,251.88012085596222
850.054,264.05560452959946
850.172,265.64927002141854
850.29,265.44120391150597
850.408,268.9993715678273
850.525,277.08740935401875
850.643,280.6152739800371
850.761,279.7743074372245
850.879,282.8666742277451
850.997,295.29497175419624
851.115,301.5379878953663
851.233,310.73771399324625
851.35,316.82228857597477
851.468,323.77872463056474
851.586,332.668494018488
851.704,347.4846703328184
851.822,377.0099375562395
851.94,414.52568097013665
852.057,467.2396927823022
852.175,526.9796786204417
852.293,603.0443397832564
852.411,678.3592173962879
852.529,752.4048309400553
852.647,828.6565050898834
852.764,896.8813394128715
852.882,949.8827971124829
853.0,996.3292764571157
853.118,1023.7861454121382
853.236,1057.6906334147795
853.353,1075.4107058330055
853.471,1081.3177912382444
853.589,1072.1599415785483
853.707,1049.333693650454
853.824,1005.0832032981173
853.942,953.5149640280315
854.06,894.0904477016688
854.178,852.3654984748734
854.296,807.8821076896363
854.413,769.8047775104601
854.531,723.3776637815002
854.649,677.8596409616314
854.767,622.8732198733641
854.884,562.6573615556597
855.002,498.21033440678684
855.12,441.758978253585
855.238,380.38467837743946
855.355,322.4398157307313
855.473,263.596251785322
855.591,218.06524195246678
855.708,173.29440527978454
855.826,128.12830651785035
855.944,90.41679825561961
856.062,64.67592605821184
856.179,50.23954674624893
856.297,28.625172846992985
856.415,13.576479486196453
856.532,4.7682411173208035
856.65,-8.834785264794869
856.768,-18.591628281923768
856.886,-35.39608147758135
857.003,-37.07999782943013
857.121,-38.45639510420544
857.239,-49.60759322799719
857.356,-55.19059886588207
857.474,-59.93075666627554
857.592,-65.30512180983425
857.709,-63.955936126499424
857.827,-54.48317328359728
857.945,-34.92626713615742
858.062,-19.21598078981766
858.18,0.4339717919737853
858.298,15.412039605221297
858.415,32.73860408372899
858.533,39.376344507751554
858.651,44.20749106474602
858.768,49.63195883236743
858.886,53.53187728069885
859.003,55.044269075506506
859.121,48.277341998287355
859.239,46.63053803633012
859.356,45.381009629534866
859.474,49.461108847901954
859.592,48.31020087838104
859.709,36.875887136467185
859.827,33.275382738974876
859.944,22.938633660197084
860.062,6.212758203511472
860.18,1.332148708488801
860.297,-8.064851920095467
860.415,-5.74452702209516
860.532,-7.2097946192156295
860.65,-14.151269944266138
860.768,-10.030420332903276
860.885,3.8021994891221835
861.003,17.402424341371262
861.12,38.20301858480558
861.238,44.67093611227236
861.356,53.80968435976135
861.473,59.07936109886555
861.591,63.798212226333625
861.708,64.27765009897792
861.826,74.88927368292372
861.943,64.94969439283506
862.061,56.61633596797783
862.178,45.240941814072826
862.296,38.69650328247678
862.414,37.590792839420715
862.531,45.922964425599986
862.649,48.35454912716958
862.766,56.20685777314718
862.884,48.55102422545613
863.001,45.57744176001587
863.119,49.52853461925072
863.236,51.91599111484915
863.354,52.87557497556148
863.471,50.70799744712123
863.589,46.29620317320311
863.706,49.07073816079118
863.824,57.584641555070675
863.941,73.5887703147526
864.059,93.7737905540651
864.176,120.66454983712558
864.294,133.42613778400136
864.411,134.30114564429718
864.529,122.33199766043711
864.646,116.29012240384944
864.764,109.31318221219684
864.881,112.9925190768213
864.999,118.12466979425959
865.116,133.66634432122152
865.233,146.35001019017477
865.351,165.08995311540508
865.468,181.405653616393
865.586,210.1326095286363
865.703,230.3089160902303
865.821,254.85491962152133
865.938,268.72906168095096
866.056,267.9148920520689
866.173,260.40894753141197
866.29,249.68828439603647
866.408,239.37195026499
866.525,236.01925249757988
866.643,231.0449097085247
866.76,235.98052362942616
866.878,247.09968733387763
866.995,255.03963025910832
867.112,259.62286322762895
867.23,253.50652909658285
867.347,251.76768414302592
867.465,243.31282187345187
867.582,239.61293795885604
867.699,239.9234436546501
867.817,253.67637359286846
867.934,266.19553729732064
868.051,271.1856966727682
868.169,271.1758560482158
868.286,272.18939204703975
868.404,278.183880426816
868.521,295.101312529536
868.638,316.80662342013494
868.756,348.5786009774006
868.873,383.47092485501264
868.99,415.9926859620617
869.108,455.8157457704096
869.225,497.47343761338936
869.342,538.5865407117805
869.46,591.6217217322494
869.577,632.9131798089954
869.694,668.2020404831442
869.812,695.7584336248256
869.929,712.6602813119615
870.046,742.9179731549416
870.164,762.5600805823372
870.281,768.2065170140617
870.398,779.5724339652667
870.516,767.2560998342207
870.633,749.4973414607505
870.75,717.384470533168
870.867,686.8369675709537
870.985,674.5362178554926
871.102,644.698671603235
871.219,619.7537660436182
871.337,590.0815877567286
871.454,568.8319202923498
871.571,539.7450233907414
871.688,505.9092087402154
871.806,477.84828586458116
871.923,451.16918117076506
872.04,409.7350981219707
872.157,377.9763397485011
872.275,350.12061167806183
872.392,338.19735114009006
872.509,317.0844802125078
872.626,290.15083006414636
872.744,267.177353075958
872.861,241.80387608776977
872.978,205.3862432554256
873.095,180.80757146204243
873.213,161.7094191491787
873.33,145.19741402246188
873.447,123.47588508622135
873.564,100.77946437508905
873.681,85.09949388040715
873.799,67.26281342901555
873.916,46.80102475251571
874.033,45.32365166043165
874.15,39.793933317685344
874.267,25.696340046957303
874.385,8.838912358802547
874.502,-3.0481050964380993
874.619,-9.020150991413484
874.736,-19.223361643912522
874.853,-16.958452583649198
874.97,-15.049504872434275
875.088,-7.521347840855054
875.205,-1.3813990261931615
875.322,2.137677446897425
875.439,2.2401917830658693
875.556,3.2792472455118116
875.673,2.7438597342245186
875.791,3.421131394360767
875.908,-4.149339151715986
876.025,-1.719276486548058
876.142,1.0317587380109634
876.259,-4.190737446869803
876.376,-10.73858467761459
876.493,-20.189995420105014
876.61,-16.861246996387678
876.728,-12.973455368621819
876.845,-5.937533231413933
876.962,0.9500075154522301
877.079,11.78493358571393
877.196,15.860853516969865
877.313,15.322975176575731
877.43,6.087951225292011
877.547,0.0017791897729022565
877.664,0.1209968400871615
877.781,-7.124713983758709
877.898,-2.7914596870141857
878.016,1.979699028133357
878.133,8.761840793464405
878.25,11.501270374043756
878.367,5.053411018428412
878.484,0.06953342957009134
878.601,2.1474789501757527
878.718,-1.8761186056923642
878.835,-2.8432585048516907
878.952,-8.262496771622668
879.069,-6.36116138190431
879.186,-12.862951843678953
879.303,-13.266823967659406
879.42,-13.333554572708795
879.537,-10.68662257249595
879.654,-9.852438176944474
879.771,-21.76299637008168
879.888,-33.322826483994426
880.005,-40.05537167702684
880.122,-46.41574405231358
880.239,-52.40394360985469
880.356,-58.01997034965018
