wavelength_nm,intensity
792.446,0.19258139054721624
792.565,0.20624569751894126
792.684,0.21270555543276232
792.803,0.21196096428867942
792.922,0.20401192408669244
793.041,0.17843169490777364
793.16,0.150110198909285
793.279,0.13001531925735343
793.398,0.1240090304785732
793.518,0.11952191319353513
793.637,0.12514312930916566
793.756,0.14200677765605724
793.875,0.16372079282031826
793.994,0.189552339989629
794.113,0.20991965679080904
794.232,0.22627362943729779
794.351,0.23024825513408553
794.47,0.2121104175361869
794.589,0.19154669255764165
794.708,0.16860847015166733
794.827,0.14955617297528356
794.946,0.13947388653720455
795.066,0.13820884892170196
795.185,0.14956532461078803
795.304,0.15895983044210793
795.423,0.16066133067397753
795.542,0.1690730916465097
795.661,0.16541736524845466
795.78,0.15726536992985707
795.899,0.15717807740658363
796.018,0.1513351101229601
796.137,0.14665369657644256
796.256,0.14483885685870992
796.375,0.1392465035935166
796.494,0.1345186278975148
796.613,0.12511778631853795
796.732,0.11931001763300864
796.851,0.12391892206745235
796.97,0.11530649097308324
797.089,0.11118777297719681
797.208,0.11152335749971563
797.327,0.11576739179126891
797.446,0.11734210500437803
797.565,0.1252990254605762
797.684,0.13557721339067605
797.803,0.15115797820346133
797.922,0.16069088177901486
798.041,0.16568527811631284
798.16,0.16826293870846865
798.279,0.1669427065476819
798.398,0.15562044075247075
798.517,0.14287755953818104
798.636,0.1307386862671865
798.755,0.1293241218635076
798.874,0.13373281352851946
798.993,0.13399511033804418
799.112,0.14744984171324393
799.231,0.1641541076644925
799.35,0.1710379647474824
799.469,0.17296797113470624
799.588,0.16909020883640083
799.707,0.1603578558889548
799.826,0.15887430223301136
799.945,0.1484228497546487
800.064,0.14875765567624744
800.183,0.15895722069970342
800.302,0.15952222545283778
800.421,0.1585652428243824
800.54,0.15611443169281253
800.659,0.15351367453336168
800.778,0.16083681012056608
800.897,0.16720676767138182
801.016,0.17163024274759286
801.135,0.18603533627133376
801.254,0.1857421992029331
801.373,0.18554057848957708
801.492,0.18116370007029678
801.611,0.18132251300142424
801.729,0.1871307009266575
801.848,0.1986171266964338
801.967,0.2095981005975787
802.086,0.22116618711493358
802.205,0.21903216336621056
802.324,0.205946447806484
802.443,0.17913750282182309
802.562,0.15869880012023552
802.681,0.13960820372565272
802.8,0.12148585906733048
802.919,0.10631820278173648
803.038,0.09493848332264983
803.157,0.08518965765058795
803.276,0.06878746921749308
803.394,0.05764597262522734
803.513,0.0517288490773424
803.632,0.04087158711161063
803.751,0.03089474217116369
803.87,0.02219510932333834
803.989,0.027246542306419333
804.108,0.028508111846537308
804.227,0.03148184173445283
804.346,0.03565162431956352
804.465,0.037576007427260645
804.583,0.038349213691015474
804.702,0.04206081721829154
804.821,0.04447080537216749
804.94,0.0526056647214819
805.059,0.05591210388537754
805.178,0.05638976836723211
805.297,0.050929616258533775
805.416,0.05051112989938573
805.535,0.05964864918787881
805.653,0.0656552931792402
805.772,0.0758761252743608
805.891,0.08003281677080332
806.01,0.0865105458006703
806.129,0.09198375624822133
806.248,0.1004270987730074
806.367,0.13358606653423033
806.485,0.1711640038637903
806.604,0.20661943134916266
806.723,0.23884844046800266
806.842,0.2556521882559152
806.961,0.2707382444568346
807.08,0.2776399226289098
807.198,0.2771625666965344
807.317,0.2796573803872263
807.436,0.2784183267920942
807.555,0.2685922232059213
807.674,0.257363103499717
807.793,0.24106256978011256
807.912,0.23584044282465033
808.03,0.23946020371043028
808.149,0.25004576715903604
808.268,0.2735168333979362
808.387,0.3077910533638827
808.506,0.3351853553463532
808.624,0.3605416584991742
808.743,0.3741634530193785
808.862,0.37675682278473377
808.981,0.36524259443396667
809.1,0.3487203095463687
809.219,0.3376608470829775
809.337,0.32178903228815875
809.456,0.30061842053625176
809.575,0.2850091872832152
809.694,0.2699335647772858
809.812,0.25385196633782636
809.931,0.23848701135556316
810.05,0.24102758322377732
810.169,0.25456278919266984
810.288,0.2728786687547054
810.406,0.28950783149607073
810.525,0.3015710320926672
810.644,0.30852339624599795
810.763,0.3163895160058519
810.882,0.31725181871693847
811.0,0.32668498006394264
811.119,0.32905589468934326
811.238,0.33655454108509497
811.357,0.34227847416494145
811.475,0.3395336245433434
811.594,0.34300977514889963
811.713,0.3530234807903485
811.832,0.361834956328702
811.95,0.37020843697384836
812.069,0.37855949027231
812.188,0.38841317232215156
812.307,0.41466198436219637
812.425,0.434494418939609
812.544,0.44143111811722413
812.663,0.44416754356821264
812.782,0.43807068165181723
812.9,0.42383083615212064
813.019,0.40786754847660567
813.138,0.3984073264684209
813.257,0.4143071742572761
813.375,0.42650131363878263
813.494,0.4403392275512843
813.613,0.4560095804805659
813.731,0.4643149787446343
813.85,0.47073654803870557
813.969,0.4724133463096899
814.088,0.4750862649067377
814.206,0.47003309122212694
814.325,0.4738450364535006
814.444,0.48693814803033125
814.562,0.495926399097426
814.681,0.49719489363051883
814.8,0.5054538297451034
814.918,0.5131214294117069
815.037,0.5194155797806779
815.156,0.5168509469813213
815.274,0.514318696892211
815.393,0.5118026381582241
815.512,0.49743943527771906
815.631,0.47919382702743296
815.749,0.4765756923589731
815.868,0.4769029763790291
815.987,0.4811739113295502
816.105,0.48359058413247313
816.224,0.4896080735204241
816.343,0.4877734596455394
816.461,0.4740501672783857
816.58,0.45557576814048817
816.698,0.44437691922864464
816.817,0.42733299111729217
816.936,0.39822861535497145
817.055,0.3806229176180368
817.173,0.37156907127404887
817.292,0.35525868194697774
817.41,0.34721221948044334
817.529,0.3406398743020906
817.648,0.3341161031891075
817.766,0.32252162203468576
817.885,0.3103231329369688
818.004,0.3089629961643924
818.122,0.30412664584404103
818.241,0.3033979719212731
818.359,0.30487625009900626
818.478,0.3067198897249564
818.597,0.3119045802820001
818.715,0.31717879469007515
818.834,0.33021850182448365
818.953,0.31926795211595926
819.071,0.3308563739433633
819.19,0.3436232664061837
819.308,0.44355064919054055
819.427,0.5693131048562012
819.546,0.7042902128710009
819.664,0.8034535943440417
819.783,0.8224226586965553
819.901,0.7527022835539832
820.02,0.6462014465497123
820.138,0.5068911152608611
820.257,0.4333396995297918
820.376,0.36625271140921545
820.494,0.3332591346401851
820.613,0.31224141680597395
820.731,0.28984483788244875
820.85,0.2714123250762829
820.969,0.26826233959062085
821.087,0.2744019681139583
821.206,0.2858034350663853
821.324,0.30784895808247337
821.443,0.3397972546863605
821.561,0.3739384239515111
821.68,0.39640773808865243
821.798,0.3953538291194951
821.917,0.3806914381551902
822.035,0.3546922827167321
822.154,0.3186650466812597
822.273,0.2932628594664778
822.391,0.28002249186517514
822.51,0.2789932219146835
822.628,0.27136351084958305
822.747,0.27537960794990207
822.865,0.2863523559775424
822.984,0.2923733652253022
823.102,0.2910786978451807
823.221,0.2995629049875669
823.339,0.3035079009197357
823.458,0.3035845709213609
823.576,0.29426180728793316
823.695,0.2950431532234027
823.813,0.2967276951859674
823.932,0.29185192243575064
824.05,0.2898589148694422
824.169,0.28827843487279703
824.287,0.28330832987968857
824.406,0.2809929031548384
824.524,0.2784296782994058
824.643,0.27798611302120096
824.761,0.2763683225105762
824.88,0.2813235182080469
824.998,0.28197110947075943
825.117,0.28530716965590064
825.235,0.277171302750207
825.354,0.2757231694823955
825.472,0.27183225350685236
825.591,0.26822081440017653
825.709,0.2648430939848456
825.828,0.26654241935861034
825.946,0.26106123072117526
826.064,0.2645958109995675
826.183,0.2602057789030502
826.301,0.26105611409078494
826.42,0.2593292079260685
826.538,0.2522281798043423
826.657,0.24904757153833879
826.775,0.252294931256283
826.894,0.2466264860769875
827.012,0.24981963995386708
827.13,0.2504531517773425
827.249,0.2459779390734378
827.367,0.24000326609072384
827.486,0.22573580339703575
827.604,0.21990403672258368
827.723,0.22172162938594514
827.841,0.2103137008014228
827.959,0.2139074147246132
828.078,0.22195515925063314
828.196,0.23893701194490186
828.315,0.25831236930957047
828.433,0.27991720587752034
828.552,0.2996396214193969
828.67,0.31342825729456725
828.788,0.30533533267854857
828.907,0.28994644264958136
829.025,0.26407963393995737
829.143,0.23442545140122267
829.262,0.1973772872069144
829.38,0.16658628657565694
829.499,0.13958914783124757
829.617,0.11912064539186373
829.735,0.108870433796165
829.854,0.10349285375855502
829.972,0.10211137258801915
830.091,0.10988092457507988
830.209,0.11493575555425833
830.327,0.13182399580116871
830.446,0.15380051772245232
830.564,0.18063315041409478
830.682,0.21507893691127544
830.801,0.23883747640035036
830.919,0.25165763401096564
831.037,0.26094666826077906
831.156,0.25293136771556257
831.274,0.24031772231533063
831.392,0.2221835287900173
831.511,0.2101816350246611
831.629,0.19919064499656802
831.747,0.18727111595075208
831.866,0.1807503478806118
831.984,0.1788096213944779
832.102,0.18368263952740302
832.221,0.1873082193438726
832.339,0.18927101738637592
832.457,0.19506835070525233
832.576,0.19355986300371372
832.694,0.1924843180587327
832.812,0.18411421564472683
832.93,0.17546745224970123
833.049,0.1750782799675556
833.167,0.1643818014468985
833.285,0.1650585264574994
833.404,0.16676982482179814
833.522,0.1690977600160078
833.64,0.16911857609896744
833.759,0.16227632691683827
833.877,0.16632707444260753
833.995,0.1737841748070122
834.113,0.17864175794355514
834.232,0.20007928872635106
834.35,0.22019194427688435
834.468,0.2480342119688858
834.586,0.26109095654547243
834.705,0.27283479341314876
834.823,0.28682500481119155
834.941,0.28862805360512733
835.059,0.28394611268620285
835.178,0.2702934570570117
835.296,0.256218418250691
835.414,0.24087904580082975
835.532,0.22420142265143012
835.651,0.21959973453616013
835.769,0.2190247660428571
835.887,0.2267038688026245
836.005,0.237690231839315
836.124,0.25096379978016126
836.242,0.2638431434223535
836.36,0.272143853424463
836.478,0.28259942160189433
836.596,0.29348511664803567
836.715,0.3019582997808063
836.833,0.31206047403337256
836.951,0.3214030625390677
837.069,0.3365822825807294
837.188,0.34460562762985725
837.306,0.3574525885618029
837.424,0.36739144131921275
837.542,0.37434334104235567
837.66,0.37882500315125356
837.779,0.3831250404939857
837.897,0.3910125189544702
838.015,0.3954449030260362
838.133,0.3999096698078487
838.251,0.40981965971482137
838.369,0.4133896781330819
838.487,0.41012201688557925
838.606,0.4138525409111492
838.724,0.41684248643281885
838.842,0.42495523592110634
838.96,0.421428512991631
839.078,0.4192674956682073
839.196,0.4250768488972155
839.315,0.4247785413849323
839.433,0.42280337265944534
839.551,0.4299925109337427
839.669,0.43039395155157045
839.787,0.4406847902899216
839.905,0.43766915100477266
840.023,0.43352222877687896
840.142,0.4328247691622087
840.26,0.41817599320695414
840.378,0.40512593757713444
840.496,0.40486494057883105
840.614,0.40269336367597897
840.732,0.40559108887064166
840.85,0.4049471311250739
840.968,0.40649815795665534
841.087,0.4035747389985124
841.205,0.3984415520520208
841.323,0.39997286766866924
841.441,0.40496350150600735
841.559,0.4100393159507332
841.677,0.41911157922306524
841.795,0.4305773471657972
841.913,0.4407823013247979
842.031,0.4538580531443548
842.149,0.47578414046869666
842.267,0.4909978551364902
842.385,0.5011978814917578
842.504,0.5101209027081708
842.622,0.5262765318609632
842.74,0.527997215935358
842.858,0.5243874243143796
842.976,0.5247283233434846
843.094,0.5288446240041645
843.212,0.5320795517685677
843.33,0.5373947166803332
843.448,0.5409274245846127
843.566,0.5421602560894225
843.684,0.540846117036142
843.802,0.5362155660704339
843.92,0.5303213854331466
844.038,0.5369290428669276
844.156,0.5398239521737412
844.274,0.5478782719891906
844.392,0.5541916691429046
844.51,0.5619320174633542
844.628,0.5728402396122743
844.746,0.5673332435540217
844.864,0.559386280675885
844.982,0.5592343993316715
845.1,0.5441554965077047
845.218,0.5312603147094969
845.336,0.5049002611963656
845.454,0.47848388992628377
845.572,0.44284126212377195
845.69,0.3978196158731018
845.808,0.36136882825834926
845.926,0.33752195464913837
846.044,0.3170076843074785
846.162,0.30157045975491414
846.28,0.28073940203040737
846.398,0.262939647573766
846.516,0.24250492606379878
846.634,0.21865382862281652
846.752,0.2034890412195005
846.87,0.18724788068646642
846.988,0.1745948652431467
847.106,0.15513553929189383
847.224,0.14159635461240017
847.342,0.1276441667396567
847.46,0.11926477502173226
847.578,0.10570955325076464
847.696,0.0993427161073554
847.814,0.09650634546680006
847.932,0.09953339546174522
848.05,0.09277435719666002
848.168,0.10031592889029961
848.285,0.1047696157474163
848.403,0.1084241931089697
848.521,0.10877055568051308
848.639,0.11109004852699994
848.757,0.12706847047740016
848.875,0.13914345205133538
848.993,0.14874429070686696
849.111,0.16538992456621093
849.229,0.17595372297496975
849.347,0.18863366110114685
849.465,0.20251387142233324
849.582,0.21776401118134253
849.7,0.23395395350946468
849.818,0.2466444512150697
849.936,0.25937718723838754
850.054,0.2704964195250711
850.172,0.2769095992465711
850.29,0.2851854887792118
850.408,0.2901935404647948
850.525,0.29405059799270006
850.643,0.29472288636504973
850.761,0.2927146254995419
850.879,0.2923311319220586
850.997,0.31746838189271503
851.115,0.3548797350047711
851.233,0.3813305966563001
851.35,0.39758477642594425
851.468,0.39274971614749815
851.586,0.38508363262434236
851.704,0.35757645134151367
851.822,0.34367212027813765
851.94,0.36480746563848376
852.057,0.40717460536920147
852.175,0.4493263296795831
852.293,0.5054533053772531
852.411,0.5667418034994446
852.529,0.6295959352648622
852.647,0.6838869520859432
852.764,0.734667260733117
852.882,0.7793328689193807
853.0,0.8096698317934912
853.118,0.8349649474766002
853.236,0.8574174243776285
853.353,0.8671477199835191
853.471,0.8701938018113367
853.589,0.8600699761762595
853.707,0.8376181935446986
853.824,0.8126799819437693
853.942,0.7750498598420632
854.06,0.7448008837606934
854.178,0.7095093565163604
854.296,0.6761959904849167
854.413,0.652020180518706
854.531,0.6214009151853861
854.649,0.5833103954206089
854.767,0.5422526338364975
854.884,0.4986429738905625
855.002,0.4466616793739227
855.12,0.3935821885967463
855.238,0.34765223706444714
855.355,0.2997251170762879
855.473,0.2569686711481546
855.591,0.21459166610747576
855.708,0.1773423928371478
855.826,0.14550737576777784
855.944,0.11719455985294516
856.062,0.09990583588427435
856.179,0.08610418103342646
856.297,0.06616874938112212
856.415,0.04716933166158302
856.532,0.03682902750068093
856.65,0.02669541289975625
856.768,0.02066168285720134
856.886,0.02292423739296056
857.003,0.022607588568207812
857.121,0.020771702388000954
857.239,0.022004061001820265
857.356,0.014042565587910828
857.474,0.01403010829284506
857.592,0.014060425295076881
857.709,0.021069727453065443
857.827,0.027780467297624813
857.945,0.0346943941387403
858.062,0.03993567380331839
858.18,0.054599932029008175
858.298,0.06300989660931353
858.415,0.07212040165900277
858.533,0.0778136397185268
858.651,0.08566663458643727
858.768,0.0899732191688121
858.886,0.09208007497431972
859.003,0.0929313565905059
859.121,0.08967955365908689
859.239,0.08859761628335916
859.356,0.08227021753026534
859.474,0.07939015221400075
859.592,0.07614679210609383
859.709,0.07286424507449149
859.827,0.0633232126547585
859.944,0.05767134336416303
860.062,0.04625294112380582
860.18,0.037735380416287025
860.297,0.03491906356190784
860.415,0.04098834914428123
860.532,0.04313607568617544
860.65,0.053850629489194245
860.768,0.05850130125595128
860.885,0.067808568525317
861.003,0.07068388135391371
861.12,0.07679450528149062
861.238,0.08363034253502269
861.356,0.08825216841858739
861.473,0.08932449153552363
861.591,0.09572186009566278
861.708,0.0958544788531418
861.826,0.10121534459186271
861.943,0.09920823444653358
862.061,0.09722491774255987
862.178,0.09102843996515114
862.296,0.086982134656886
862.414,0.08201739727038782
862.531,0.08231639706472045
862.649,0.0839049780602158
862.766,0.09251170808317469
862.884,0.09235007707023203
863.001,0.08919624397759748
863.119,0.08841278985970369
863.236,0.08824583617978213
863.354,0.08605234274236584
863.471,0.08856261095361066
863.589,0.09116027706721187
863.706,0.09689518693092272
863.824,0.10126985791831494
863.941,0.11107285670378203
864.059,0.12578113211964528
864.176,0.13859642693000696
864.294,0.14672538039011782
864.411,0.15105640511587348
864.529,0.14652090298172105
864.646,0.13995866556930936
864.764,0.13449673633331993
864.881,0.13109110919798894
864.999,0.135500274811514
865.116,0.14757358317405223
865.233,0.16045293943294575
865.351,0.17656071110903176
865.468,0.1850310909706563
865.586,0.20376045423279232
865.703,0.22269044950406477
865.821,0.23869684921763992
865.938,0.25603727579898206
866.056,0.2661401666402119
866.173,0.260862678058236
866.29,0.2563630784941401
866.408,0.2508413116413911
866.525,0.24732938473981617
866.643,0.24282696928787287
866.76,0.23879832696627643
866.878,0.24495404701723184
866.995,0.24289089441321088
867.112,0.23475598363795477
867.23,0.23713278219752582
867.347,0.2421558113618127
867.465,0.23928520291751276
867.582,0.23623648956685667
867.699,0.2355165154661074
867.817,0.2471477294365838
867.934,0.2589922469115106
868.051,0.2697941819108898
868.169,0.2775169435489956
868.286,0.28018800238863373
868.404,0.2843550016472718
868.521,0.2893034097835993
868.638,0.301042331464244
868.756,0.3187474155218414
868.873,0.3380209491105126
868.99,0.36460734343921763
869.108,0.38646515809995885
869.225,0.4149191900435376
869.342,0.44694869558151695
869.46,0.4893526359217564
869.577,0.5291237211245561
869.694,0.5592060402159689
869.812,0.5835826665563255
869.929,0.6035784753778879
870.046,0.6230688323308188
870.164,0.6286416635973355
870.281,0.6305890392601581
870.398,0.6372565469274019
870.516,0.6282895412932008
870.633,0.6077288214187592
870.75,0.5903592064475303
870.867,0.5689487924150968
870.985,0.5573271085126373
871.102,0.5292641594404156
871.219,0.5124091479733226
871.337,0.49901908650261445
871.454,0.4814622149895246
871.571,0.45435455586957685
871.688,0.4293602205791998
871.806,0.40867700958339037
871.923,0.3892320852685319
872.04,0.36065946049590725
872.157,0.33701463945645893
872.275,0.3194535441115979
872.392,0.3055995651180093
872.509,0.28286357188135114
872.626,0.2605957199993445
872.744,0.2500356258154031
872.861,0.23794368864240564
872.978,0.2164262708717654
873.095,0.1992840388442239
873.213,0.18060010822015993
873.33,0.16193940867083811
873.447,0.13875991309819347
873.564,0.1155557785068829
873.681,0.10431001563206788
873.799,0.09663902237969138
873.916,0.085533120617571
874.033,0.07879740341796357
874.15,0.07025918564114425
874.267,0.06342779318206501
874.385,0.0579578602924338
874.502,0.053661926763542395
874.619,0.054617303736935977
874.736,0.05150540487875567
874.853,0.05097954798303436
874.97,0.045346959725178174
875.088,0.050947242451871474
875.205,0.04751778883289878
875.322,0.05101092768284412
875.439,0.04802031994349842
875.556,0.04811393903674415
875.673,0.042305404484338824
875.791,0.04259158943928135
875.908,0.041331748447916546
876.025,0.04785782946229741
876.142,0.051313299831748704
876.259,0.05958119647618091
876.376,0.05238383059333946
876.493,0.04687837531226893
876.61,0.05093492106397886
876.728,0.0506278712431215
876.845,0.054010175310535966
876.962,0.052092798868615134
877.079,0.05884497790530317
877.196,0.05893606156239732
877.313,0.05208466917894222
877.43,0.049395338588206716
877.547,0.05512313092871961
877.664,0.056549876172256264
877.781,0.06023260648872842
877.898,0.06507732321385434
878.016,0.06758391830907286
878.133,0.06841234939584151
878.25,0.062327276743123286
878.367,0.05156752694176803
878.484,0.04664170099927368
878.601,0.04388995224671112
878.718,0.045459996784600804
878.835,0.051555319990660806
878.952,0.050812715659918226
879.069,0.05514443741812439
879.186,0.04877146030254183
879.303,0.04474290489351344
879.42,0.04894147618229017
879.537,0.0503210210106124
879.654,0.05601487062886175
879.771,0.05271692876557085
879.888,0.04622426626493936
880.005,0.04154788352249252
880.122,0.035602070182024964
880.239,0.028386826243536747
880.356,0.019902151707027853
