wavelength_nm,intensity
792.446,0.260974962617492
792.565,0.27823610705882834
792.684,0.28821988818119393
792.803,0.29092630598458874
792.922,0.28635536046901244
793.041,0.25517127393336775
793.16,0.23622067342615757
793.279,0.22848679292997987
793.398,0.21404754116215718
793.518,0.2097769281689496
793.637,0.21686199647115478
793.756,0.22697289781071045
793.875,0.2434251310008586
793.994,0.25954757579075205
794.113,0.275155276668082
794.232,0.274789280045841
794.351,0.26533697690620006
794.47,0.2516434187911785
794.589,0.23546030076444294
794.708,0.21878886104118805
794.827,0.2110138793200529
794.946,0.20577053733618347
795.066,0.20798706768210823
795.185,0.21154721664390685
795.304,0.22805229426614315
795.423,0.23886876663413656
795.542,0.24818406569058546
795.661,0.2388032003943233
795.78,0.2337017554966168
795.899,0.2271500245182655
796.018,0.21085045302081692
796.137,0.19940376187014114
796.256,0.1914428460361027
796.375,0.194562624730499
796.494,0.1881351760276147
796.613,0.17637728988797463
796.732,0.1755758160013025
796.851,0.17491623920079336
796.97,0.16878628507855412
797.089,0.16238036558874275
797.208,0.16354000729290197
797.327,0.17383586414476648
797.446,0.17085700393593883
797.565,0.17802427468805898
797.684,0.19032724135868356
797.803,0.2108719822338898
797.922,0.22573496805901283
798.041,0.22164148177336043
798.16,0.22296944277972675
798.279,0.21032690170290527
798.398,0.19151624108066972
798.517,0.18117047559849964
798.636,0.17031094480436018
798.755,0.17123278656412216
798.874,0.17408345009510606
798.993,0.17172404406242428
799.112,0.18803535876700356
799.231,0.19210633723898876
799.35,0.19244689024577988
799.469,0.19706588505053232
799.588,0.19208872242829267
799.707,0.18697749152464388
799.826,0.1848852434541861
799.945,0.17493581121267798
800.064,0.17354326256709268
800.183,0.17436430846564926
800.302,0.1716144407958708
800.421,0.17287977136420657
800.54,0.1745991726082638
800.659,0.17725215881921386
800.778,0.18140240393933144
800.897,0.1894807518446771
801.016,0.19390500513117842
801.135,0.20971429773091915
801.254,0.2177075073845671
801.373,0.21980562705859022
801.492,0.21410919299959352
801.611,0.20876896955689556
801.729,0.20136683466216088
801.848,0.20908212174704838
801.967,0.20182873414263625
802.086,0.2017935045212441
802.205,0.196775240674047
802.324,0.18746777042235183
802.443,0.16039091374709147
802.562,0.14575889205101028
802.681,0.13160834154546422
802.8,0.12278293827003095
802.919,0.10580945955411523
803.038,0.09518581066434015
803.157,0.0819655121521379
803.276,0.06794231697271264
803.394,0.05725118826497219
803.513,0.05252489717499627
803.632,0.05074818934780145
803.751,0.04943770644809258
803.87,0.04823907787219096
803.989,0.04214163197759366
804.108,0.03728047640360705
804.227,0.03602323736697349
804.346,0.04205898711195198
804.465,0.04672292056490934
804.583,0.05392120535698144
804.702,0.06550614766892891
804.821,0.06534661864358011
804.94,0.059274903717476915
805.059,0.061120946058375106
805.178,0.06487708122866925
805.297,0.06484571305626903
805.416,0.06951518694937064
805.535,0.06917144544165975
805.653,0.06934891848497321
805.772,0.06908437752974587
805.891,0.06698214515471157
806.01,0.07473943242336722
806.129,0.08402797947476152
806.248,0.1003275884504508
806.367,0.1255662281626756
806.485,0.14665390289543412
806.604,0.17233715441340922
806.723,0.19938179937429443
806.842,0.2225803039753569
806.961,0.23860664482132815
807.08,0.2501832887653481
807.198,0.2650000792768542
807.317,0.26564771178454427
807.436,0.25443470509020044
807.555,0.24130951283473673
807.674,0.22433548444217744
807.793,0.22260218170411306
807.912,0.21634872282131326
808.03,0.23013308970591
808.149,0.251498675393985
808.268,0.27034632175311346
808.387,0.29938707190171265
808.506,0.3284199932455578
808.624,0.34720305196546697
808.743,0.36003817627366297
808.862,0.35745349101862034
808.981,0.3464547978544118
809.1,0.3239917987288315
809.219,0.30204941511938016
809.337,0.2894047157556816
809.456,0.2762247218669406
809.575,0.2589150334705608
809.694,0.25011525584158073
809.812,0.23568167459163458
809.931,0.2339004204244523
810.05,0.2360609694508175
810.169,0.2478920495493362
810.288,0.2542038222964132
810.406,0.2591220677973104
810.525,0.2646734678826726
810.644,0.2697062096530942
810.763,0.2725703725067082
810.882,0.2823072473335797
811.0,0.281603432420641
811.119,0.28833893922501763
811.238,0.2857865477895835
811.357,0.28464921281340194
811.475,0.28924158431642066
811.594,0.306141815493035
811.713,0.31932532161277427
811.832,0.3345306165601869
811.95,0.3344951858531047
812.069,0.34202923074237024
812.188,0.35238751694657544
812.307,0.3639798185001013
812.425,0.368030045273918
812.544,0.37365777620562907
812.663,0.3690209655044909
812.782,0.3756409974387486
812.9,0.3723135543326866
813.019,0.37443691653647004
813.138,0.39322878266172584
813.257,0.4276322640666885
813.375,0.44794781131715616
813.494,0.4610902162119382
813.613,0.47365622535672036
813.731,0.4845380628788375
813.85,0.48998768850239915
813.969,0.4841462204697671
814.088,0.47261223278051545
814.206,0.46981812699830716
814.325,0.4628620328888505
814.444,0.4574511491176788
814.562,0.4627608348562662
814.681,0.4723665772035111
814.8,0.4934493473198528
814.918,0.49693590015139466
815.037,0.4924546869447386
815.156,0.48607694578647026
815.274,0.4839981970386422
815.393,0.47376476953911884
815.512,0.46844098122083344
815.631,0.45750296129346657
815.749,0.45072692969334804
815.868,0.43933581769085384
815.987,0.43639002881654076
816.105,0.4388715588378117
816.224,0.44990018644906327
816.343,0.4480377084325595
816.461,0.44042008032140545
816.58,0.427885962824854
816.698,0.4137968489840754
816.817,0.40073624436782973
816.936,0.38613238661448773
817.055,0.37707621562981974
817.173,0.3633501626094996
817.292,0.34382100806541194
817.41,0.3240540535769272
817.529,0.31490295833461934
817.648,0.3032495813728724
817.766,0.28956756537929257
817.885,0.2874897952320592
818.004,0.2890416546888145
818.122,0.2885413886994754
818.241,0.2946907137479102
818.359,0.2974501663379421
818.478,0.30553222755997556
818.597,0.3059449959250503
818.715,0.3080743954727689
818.834,0.317738903821917
818.953,0.3332954187578222
819.071,0.3742738019608549
819.19,0.4560076666664101
819.308,0.5935920099106273
819.427,0.7355069785699234
819.546,0.8411167635540693
819.664,0.8850102481451398
819.783,0.8421042598141085
819.901,0.7367378554544901
820.02,0.6072730706957679
820.138,0.4874736536185922
820.257,0.41376283225485855
820.376,0.3512419111643391
820.494,0.3135229973575073
820.613,0.28806450181299725
820.731,0.26406901415685685
820.85,0.25066589933263195
820.969,0.25362400784329203
821.087,0.25938874285819596
821.206,0.27193126558871766
821.324,0.29302382171100283
821.443,0.3190279742157144
821.561,0.3474345911792537
821.68,0.3548512039972135
821.798,0.35621908654225487
821.917,0.34678223992643364
822.035,0.3254514816883749
822.154,0.2945402236328317
822.273,0.27559235784171626
822.391,0.258505790380821
822.51,0.2556529685629605
822.628,0.24816843013262246
822.747,0.25382454048156766
822.865,0.256837450625505
822.984,0.26058822561748984
823.102,0.26178289585735337
823.221,0.2617044067241273
823.339,0.2641115631002385
823.458,0.27556588196998033
823.576,0.27894968173913026
823.695,0.28477802579265965
823.813,0.28999963747776814
823.932,0.2993421362651676
824.05,0.29972163221003995
824.169,0.29391245799701937
824.287,0.2877666451795846
824.406,0.2781712652674987
824.524,0.2669807663868225
824.643,0.25709278489706267
824.761,0.2554671282243633
824.88,0.260078093138674
824.998,0.26422030836835003
825.117,0.27055263172790656
825.235,0.2738542290471414
825.354,0.2712587791855626
825.472,0.27096597652220045
825.591,0.2635871269560389
825.709,0.27478798827187545
825.828,0.27787429346037995
825.946,0.26709676403046745
826.064,0.2590622520661741
826.183,0.24400432363711216
826.301,0.23284611857604562
826.42,0.22428511949205804
826.538,0.22196954940042862
826.657,0.2391467245452113
826.775,0.24385554951894478
826.894,0.237852612388267
827.012,0.24132546481149142
827.13,0.23263039744609448
827.249,0.2308736082937684
827.367,0.2199199307568948
827.486,0.21726967926203933
827.604,0.21733406581557005
827.723,0.21683575702742008
827.841,0.2163883354701699
827.959,0.2215776533356687
828.078,0.22864686294267803
828.196,0.23779168441004336
828.315,0.25304688798776354
828.433,0.271976736796807
828.552,0.28693738159566484
828.67,0.29572892824851427
828.788,0.2950026055219095
828.907,0.284711440587328
829.025,0.2593782059188798
829.143,0.23294208838073754
829.262,0.21125883818018848
829.38,0.17326818749555067
829.499,0.14113314966092394
829.617,0.11887225536728843
829.735,0.10613934959828977
829.854,0.10675294954203705
829.972,0.1042741673588723
830.091,0.12046836589183693
830.209,0.12937181570499412
830.327,0.13486178539506122
830.446,0.14584549409254605
830.564,0.17224983579751926
830.682,0.1917621969131314
830.801,0.2234515623340263
830.919,0.24962854424096612
831.037,0.269694165436957
831.156,0.2686464788124957
831.274,0.26913128071859405
831.392,0.24697811507843406
831.511,0.23529303999472262
831.629,0.2035270807174684
831.747,0.18947672799750948
831.866,0.1799709964371417
831.984,0.1714409296692187
832.102,0.18079087435842134
832.221,0.177729793690993
832.339,0.17433789490294557
832.457,0.18311901600162797
832.576,0.17060615019400804
832.694,0.17276194236032372
832.812,0.16891576970352334
832.93,0.16322640615207118
833.049,0.16232556556499578
833.167,0.14469537608214095
833.285,0.13868066276677274
833.404,0.1362601991994352
833.522,0.13026243138632768
833.64,0.14327333931277766
833.759,0.14696256115633663
833.877,0.14897205399801278
833.995,0.15300878683578856
834.113,0.1668880833402212
834.232,0.1798008241226778
834.35,0.20490692830920557
834.468,0.22650083496305173
834.586,0.25242211344457066
834.705,0.263800408495279
834.823,0.2602560230846165
834.941,0.2493261389893212
835.059,0.24040532191397423
835.178,0.21881749874695006
835.296,0.19636948565760004
835.414,0.18845466999311858
835.532,0.18288751715418816
835.651,0.18415001786236973
835.769,0.184807743403319
835.887,0.19594628130844177
836.005,0.2142794907823231
836.124,0.22263880299984057
836.242,0.22743111605139987
836.36,0.24455575379141073
836.478,0.24817766053227436
836.596,0.2559204543754291
836.715,0.26394997819269267
836.833,0.2736695452361867
836.951,0.2881989342003076
837.069,0.2958927980137513
837.188,0.3114497176018107
837.306,0.32396612514360623
837.424,0.3436331672274201
837.542,0.3493091566155675
837.66,0.3620555352970067
837.779,0.36622447977004424
837.897,0.36855071932415184
838.015,0.3724573988379364
838.133,0.382080084422602
838.251,0.38615214743681103
838.369,0.39170972615305716
838.487,0.3852618327793237
838.606,0.39145158747944053
838.724,0.394500034272088
838.842,0.39282966899937166
838.96,0.3941430569384541
839.078,0.3957510036563987
839.196,0.40794055859972256
839.315,0.4087675820434741
839.433,0.40804058774359264
839.551,0.41017697878242004
839.669,0.407609236764797
839.787,0.3914272032802847
839.905,0.3899104783008615
840.023,0.3868074417581959
840.142,0.39954012003131517
840.26,0.39391914415970275
840.378,0.38420468200243796
840.496,0.37679971724754946
840.614,0.3650341082447843
840.732,0.3550329161134109
840.85,0.36769611374433997
840.968,0.369334397080705
841.087,0.3710901124883772
841.205,0.37562896798603157
841.323,0.382015421405587
841.441,0.38262813131920176
841.559,0.3768182855329032
841.677,0.37845167586629697
841.795,0.38987205074255726
841.913,0.4073891073208531
842.031,0.4184385925719012
842.149,0.4463356656531652
842.267,0.47150635747891223
842.385,0.4766832605640029
842.504,0.4787491923600454
842.622,0.48804111094386143
842.74,0.4859998560459321
842.858,0.4963144122507157
842.976,0.4904399788251983
843.094,0.4968362182506961
843.212,0.5044645158243264
843.33,0.506145857586838
843.448,0.520119401413438
843.566,0.5341771048911415
843.684,0.5301326545768297
843.802,0.5393355205065719
843.92,0.5274446506277461
844.038,0.5289733306975581
844.156,0.5306399934511563
844.274,0.5381831527730891
844.392,0.546777329133222
844.51,0.5539926572560888
844.628,0.5555526525449167
844.746,0.553090599391471
844.864,0.542910323351355
844.982,0.533664610878726
845.1,0.5217434043814799
845.218,0.5107773120641994
845.336,0.4810142595330023
845.454,0.45535643649458835
845.572,0.42968099864547826
845.69,0.38281787933075456
845.808,0.3510849038033779
845.926,0.32743125478194135
846.044,0.30422286903087836
846.162,0.2906223839139386
846.28,0.2657601631586319
846.398,0.2571622842793818
846.516,0.2390093491980973
846.634,0.20494143265289544
846.752,0.18922325585004823
846.87,0.17092269763198845
846.988,0.14520333200370172
847.106,0.13030068714451343
847.224,0.11437246207653723
847.342,0.11001348768873828
847.46,0.09889018391211751
847.578,0.09185115520777357
847.696,0.09161009976596443
847.814,0.08555732964686244
847.932,0.08229843938098064
848.05,0.08793546311610317
848.168,0.09850628354967517
848.285,0.11178921886836707
848.403,0.11772309452532759
848.521,0.11680841654416688
848.639,0.12070021675103068
848.757,0.12173963970091642
848.875,0.13061566140433228
848.993,0.1488786203624246
849.111,0.1711195179699761
849.229,0.1932636585514818
849.347,0.2057165307991814
849.465,0.22063645514492775
849.582,0.23805670400892484
849.7,0.24570954034194023
849.818,0.2575214292004213
849.936,0.26864829764294335
850.054,0.2860519102968388
850.172,0.29270755262433656
850.29,0.2898570687795111
850.408,0.30345783952423927
850.525,0.3153529094332295
850.643,0.317744788971679
850.761,0.32560508863067006
850.879,0.3375167947497617
850.997,0.3493140045993287
851.115,0.3420970049030607
851.233,0.33228964943387346
851.35,0.3425631781582288
851.468,0.3392028434038108
851.586,0.34218579770117374
851.704,0.34873966556687186
851.822,0.36264086669402784
851.94,0.38360169250793885
852.057,0.41260074360283205
852.175,0.4486496333785383
852.293,0.5144802750383615
852.411,0.5676928406362189
852.529,0.6326358915570783
852.647,0.6821982769384685
852.764,0.7301733721560222
852.882,0.7703304272262945
853.0,0.8058254290656683
853.118,0.8328858723833978
853.236,0.8561650030050332
853.353,0.8634410781092705
853.471,0.8682804377338822
853.589,0.8512872181012845
853.707,0.8266706998396565
853.824,0.7974537801845665
853.942,0.770125559676335
854.06,0.73991438181751
854.178,0.702613242653509
854.296,0.6762685157424759
854.413,0.6541268783836489
854.531,0.6166642701216007
854.649,0.5786458167220314
854.767,0.5336636414939414
854.884,0.4861449335256143
855.002,0.43345725721857936
855.12,0.377252490375892
855.238,0.3346297211804841
855.355,0.3041406207528997
855.473,0.27131070770392374
855.591,0.23629851532982082
855.708,0.19675638080504018
855.826,0.16541981226285482
855.944,0.13138025867115033
856.062,0.10326294316554338
856.179,0.09033622481150447
856.297,0.08138936720683448
856.415,0.06658778148351936
856.532,0.05391099943946056
856.65,0.03813594337598574
856.768,0.02941630177900707
856.886,0.015558927739624352
857.003,0.014989946146151515
857.121,0.01735255556282563
857.239,0.02023773637964308
857.356,0.022308377484708788
857.474,0.027045182921219872
857.592,0.02814419399993702
857.709,0.030800801143912794
857.827,0.03363445752120793
857.945,0.04222901162775121
858.062,0.04925784392680424
858.18,0.06052208564542544
858.298,0.07089370927884561
858.415,0.08235149836901148
858.533,0.08861056318625166
858.651,0.0978122298312997
858.768,0.10239464118786457
858.886,0.10774685760559302
859.003,0.10652395505605868
859.121,0.10197485408551302
859.239,0.09938443428311738
859.356,0.0883227584212005
859.474,0.06930197987922482
859.592,0.06715796417328715
859.709,0.06440411512363367
859.827,0.07182637065979762
859.944,0.07228092189391541
860.062,0.07195304306490641
860.18,0.06942612668591615
860.297,0.06500451298411447
860.415,0.05754283442830162
860.532,0.05657389317730884
860.65,0.059266602569502294
860.768,0.05733542600272306
860.885,0.06164507202382025
861.003,0.06109937503370867
861.12,0.06678819537201734
861.238,0.08021297838292181
861.356,0.08890226998147038
861.473,0.09860278745088161
861.591,0.1173792367119075
861.708,0.11793644731434316
861.826,0.12410718385405979
861.943,0.1252477999033605
862.061,0.12193981471837209
862.178,0.11302691820875785
862.296,0.10376422630869017
862.414,0.10459307303287821
862.531,0.10823784216927396
862.649,0.10127791930580887
862.766,0.10529225183686611
862.884,0.11333431036313404
863.001,0.10912506982591769
863.119,0.1100867548285982
863.236,0.11407427286862934
863.354,0.11582275274906843
863.471,0.11390833060531502
863.589,0.11299990987242714
863.706,0.11850034443113326
863.824,0.13018162034297853
863.941,0.13876171097171772
864.059,0.16670732875961963
864.176,0.1770802156769832
864.294,0.17217225431548874
864.411,0.16904730323667644
864.529,0.15994114532594766
864.646,0.15565263814059954
864.764,0.16036432062035932
864.881,0.1577560706552995
864.999,0.17273914497206844
865.116,0.1717915802154124
865.233,0.17646411867140338
865.351,0.18289715959640915
865.468,0.19379653363346783
865.586,0.21470699174947072
865.703,0.23832719491088877
865.821,0.25039893245983125
865.938,0.26645944603084404
866.056,0.27321640375253875
866.173,0.2724234578897706
866.29,0.2659370137697885
866.408,0.2642701775763755
866.525,0.26307209106759744
866.643,0.26659281662418305
866.76,0.2680555451311085
866.878,0.2796947412174029
866.995,0.2781649091071814
867.112,0.2799495972096075
867.23,0.27703993826152556
867.347,0.27599451344544657
867.465,0.26881717730593985
867.582,0.2635833419465684
867.699,0.252948609907657
867.817,0.2557275562138181
867.934,0.25561767356582066
868.051,0.27539491219370904
868.169,0.29161102325920457
868.286,0.3100495362741902
868.404,0.32510698423612067
868.521,0.3293636174395653
868.638,0.33385707198681314
868.756,0.34086161565884787
868.873,0.3517805617077916
868.99,0.3701378508734564
869.108,0.39153565208538543
869.225,0.4254634553057998
869.342,0.46189843324862445
869.46,0.5013592442287997
869.577,0.5461495140451367
869.694,0.574580517727777
869.812,0.5999485015504862
869.929,0.6163965409568142
870.046,0.6250314332188323
870.164,0.6296765708581857
870.281,0.6266817736584074
870.398,0.6327507751623614
870.516,0.6256086686442479
870.633,0.6059003518956625
870.75,0.59419796660845
870.867,0.5821540497138522
870.985,0.564267887271718
871.102,0.5446672165884976
871.219,0.5230711792936481
871.337,0.5025153944304621
871.454,0.48577517328416797
871.571,0.46025592620706157
871.688,0.43744544557477616
871.806,0.4137199733868885
871.923,0.38007344837472534
872.04,0.3496993637496581
872.157,0.32354598348749297
872.275,0.30159764997872185
872.392,0.2963540286134093
872.509,0.28081748619801494
872.626,0.268737361081431
872.744,0.2597280846295321
872.861,0.23815161934656748
872.978,0.22256908270324444
873.095,0.20949078498054888
873.213,0.19742044586990715
873.33,0.18857753151902695
873.447,0.17689471824369934
873.564,0.1655084209484226
873.681,0.1614224840860811
873.799,0.14474038689837426
873.916,0.12057736110066368
874.033,0.1041254506131541
874.15,0.10291158880547116
874.267,0.09104861126641986
874.385,0.08618181937557173
874.502,0.08090891796170872
874.619,0.08463867712029813
874.736,0.08207771640577949
874.853,0.0739833527352513
874.97,0.07605754144903965
875.088,0.08552133982977338
875.205,0.07369488608444894
875.322,0.07171227181957951
875.439,0.06424336156617248
875.556,0.06345237919539869
875.673,0.062036805927093666
875.791,0.06276731046553215
875.908,0.07575999742011633
876.025,0.07949714308182232
876.142,0.08068675712865442
876.259,0.08946485894112896
876.376,0.08634219245168887
876.493,0.07269997282744772
876.61,0.06863469669063049
876.728,0.06704348575714214
876.845,0.07619894294694367
876.962,0.07444531732050721
877.079,0.083918260502479
877.196,0.10142468674109349
877.313,0.10397788998541435
877.43,0.09697067507861945
877.547,0.09886340536614843
877.664,0.095626939615296
877.781,0.08571385271443094
877.898,0.07583425912198205
878.016,0.07042850455649699
878.133,0.07760433580181866
878.25,0.07349601915515357
878.367,0.08074290326432954
878.484,0.08586636347217884
878.601,0.09166253164700112
878.718,0.08435224918136762
878.835,0.07615484710621861
878.952,0.07153182546865292
879.069,0.06960990542730187
879.186,0.05599464354290393
879.303,0.062222657126566605
879.42,0.05950847893250104
879.537,0.06277747242322476
879.654,0.06330315371854889
879.771,0.06441072875351456
879.888,0.05843240425413172
880.005,0.05592895095186086
880.122,0.05210954549485708
880.239,0.046974187883120445
880.356,0.04052287811665095
