wavelength_nm,intensity
792.446,84.99814172672197
792.565,125.10056596914627
792.684,152.05753566611602
792.803,165.8690508176312
792.922,166.53511142369172
793.041,141.5749382635185
793.16,111.7238560124363
793.279,85.24766553624588
793.398,68.85892094750137
793.518,51.17234086092132
793.637,47.86238415096462
793.756,58.59918068776109
793.875,82.49441878299912
793.994,107.58965687823712
794.113,139.1177954063756
794.232,160.68316337174355
794.351,174.05286034144058
794.47,166.8926871812675
794.589,151.13857462715492
794.708,121.2485313371117
794.827,108.27277376135416
794.946,98.94550103408136
795.066,94.56714605572643
795.185,92.69182138040173
795.304,100.91000319858352
795.423,106.32558761416793
795.542,110.4190941076744
795.661,103.08316337174367
795.78,111.81995990854017
795.899,113.41909410767441
796.018,106.7160638046442
796.137,92.76541445399481
796.256,83.30740579598614
796.375,80.8519945405749
796.494,71.34896423754462
796.613,62.70827159685196
796.732,57.48229757087792
796.851,65.49961358819391
796.97,68.50567419425454
797.089,63.09615038473066
797.208,59.14983003841034
797.327,65.5273192158996
797.446,59.41130189988229
797.565,63.57926726784764
797.684,67.0095702981507
797.803,82.08576077434113
797.922,91.41995990854028
798.041,94.03814172672202
798.16,92.9974490860294
798.279,90.71519800377833
798.398,76.40437549295577
798.517,76.8563235449038
798.636,74.17320666178696
798.755,78.96714605572635
798.874,80.2260205146008
798.993,89.55069583927605
799.112,86.68835817693841
799.231,87.5238560124362
799.35,93.8459339345141
799.469,92.27363956221971
799.588,96.37580406438421
799.707,95.4372759258561
799.826,88.10827159685184
799.945,79.03208112066136
800.064,67.21649670507699
800.183,72.6597867483671
800.302,82.26931055789089
800.421,74.97753566611601
800.54,80.45545774403806
800.659,85.23294692152719
800.778,91.51260060118085
800.897,98.30913739771765
801.016,110.40177809035836
801.135,124.83727592585618
801.254,134.7844620730423
801.373,133.72991661849693
801.492,125.98879107737139
801.611,130.5403062288865
801.729,137.33511142369176
801.848,150.45545774403809
801.967,162.37320666178698
802.086,176.86238415096437
802.205,182.70740579598595
802.324,173.94983003841017
802.443,152.52212441070452
802.562,125.85805514663537
802.681,102.07537116395147
802.8,78.7432237847458
802.919,57.746438303104235
803.038,44.28951338698252
803.157,27.952092532238822
803.276,14.163203730360111
803.394,8.848194853877448
803.513,-1.4909870930618871
803.632,-11.7895028001582
803.751,-14.952857060998312
803.87,-19.474774644996806
803.989,-16.46515891278554
804.108,-21.856207598593663
804.227,-21.372477256382886
804.346,-22.705394071357112
804.465,-29.94361754137401
804.583,-33.61095897646529
804.702,-25.471779478599395
804.821,-24.320924741843257
804.94,-17.193701987103015
805.059,-14.23238658238781
805.178,-7.125978370054244
805.297,-8.8150341030746
805.416,-5.320193609453119
805.535,2.5991239307750353
805.653,6.049184280931263
805.772,6.219320301227649
805.891,10.582602547977155
806.01,13.03271435349066
806.129,17.970335708079155
806.248,35.29358075888845
806.367,55.21361067646666
806.485,72.2198467906976
806.604,104.05739434357807
806.723,138.77089435802168
806.842,171.95458762149832
806.961,190.4473717940657
807.08,207.08041570689284
807.198,227.91519122145172
807.317,227.5785381645822
807.436,220.9492444150721
807.555,215.98834893396025
807.674,207.64217206756717
807.793,188.48906879424766
807.912,162.2909438759063
808.03,157.98372804847403
808.149,167.892962437492
808.268,190.56583319014632
808.387,223.31056541466214
808.506,255.65356603744638
808.624,292.8441857078499
808.743,313.1196538631019
808.862,321.69728652051856
808.981,326.43076333377945
809.1,320.59107997388014
809.219,315.84923211181626
809.337,300.0874708298389
809.456,281.14648876864055
809.575,263.3171950191304
809.694,239.24807442979338
809.812,221.87246033396283
809.931,202.27866441995042
810.05,193.4753446964143
810.169,203.1447522456054
810.288,216.5492247298614
810.406,234.69395695437717
810.525,246.1365246767283
810.644,253.82065084063805
810.763,270.02512332489397
810.882,275.2945308740849
811.0,279.7795228388602
811.119,289.183995323116
811.238,297.41530763421156
811.357,295.2691307678181
811.475,285.1142958927668
811.594,279.2192012774559
811.713,281.07995081798924
811.832,292.43593845376085
811.95,302.09149318909954
812.069,309.7851431625335
812.188,327.7930788502531
812.307,331.37677211373045
812.425,326.4444480611905
812.544,314.91298980951643
812.663,304.4516614279722
812.782,305.1877356438306
812.9,297.8874462233253
813.019,285.4529576686208
813.138,288.5950924905396
813.257,294.8064913817225
813.375,308.9520894071046
813.494,312.9193324541318
813.613,326.01384822843187
813.731,334.2408315351995
813.85,342.9578581320102
813.969,346.712979966916
814.088,359.08455201827184
814.206,379.13577774928126
814.325,397.2285619218493
814.444,406.208791981863
814.562,418.6747363275912
814.681,423.32509625773497
814.8,434.4100882225106
814.918,437.50979880200487
815.037,447.1705483425379
815.156,457.3906052423784
815.274,457.98988292143963
815.393,454.13028614162636
815.512,453.46982356094725
815.631,448.549620720528
815.749,442.9532274039184
815.868,437.08150941198414
815.987,444.2400944503529
816.105,446.9380734281156
816.224,450.2957926656187
816.343,444.178187227797
816.461,447.02594975534345
816.58,431.9221971313749
816.698,414.7015613905231
816.817,401.9242156929614
816.936,385.6022812508111
817.055,368.0197407480547
817.173,353.2285422366402
817.292,334.5317160195978
817.41,321.5630283306939
817.529,310.02377787122714
817.648,289.9962157234487
817.766,284.33228993930675
817.885,269.72983601663697
818.004,264.83647300305825
818.122,256.9915948379646
818.241,257.82550455165887
818.359,254.46287746881626
818.478,263.5634538491771
818.597,263.9332942988019
818.715,272.52477977007175
818.834,280.9661864203242
818.953,289.3522376979831
819.071,297.9291618997342
819.19,306.9603885001627
819.308,307.55906795230277
819.427,304.0481939825303
819.546,306.5819620954848
819.664,307.1833647129195
819.783,349.8308840577626
819.901,397.80868869427525
820.02,438.2461335118432
820.138,456.82932100755363
820.257,452.0535457531323
820.376,405.6217474861496
820.494,351.7935997679788
820.613,290.98075510259457
820.731,262.11942672105044
820.85,236.055500936909
820.969,216.88941065060305
821.087,215.10860174957844
821.206,229.8940266147877
821.324,241.99806619861164
821.443,281.1826252629551
821.561,314.3230284831427
821.68,350.004557244456
821.798,361.6921466118298
821.917,354.79012558959334
822.035,335.0751175543698
822.154,308.9921441511809
822.273,274.52129196011333
822.391,258.4218683404742
822.51,239.5250421234324
822.628,229.60051027868496
822.747,229.22922518718423
822.865,229.17828641602978
822.984,238.15505327258091
823.102,243.66428766159947
823.221,244.32936620646203
823.339,244.7814577383374
823.458,242.87077870744218
823.576,231.8856408020881
823.695,241.33600073223178
823.813,243.69112256713748
823.932,257.4445128003116
824.05,253.1606735962563
824.169,259.6906872060536
824.287,267.54364453879464
824.406,268.85634213127594
824.524,264.6452301999476
824.643,265.1284905629914
824.761,260.8567725710569
824.88,256.6101628042306
824.998,251.51073918459042
825.117,254.0546056082402
825.235,257.66946770288575
825.354,249.82372373692525
825.472,246.08533907832413
825.591,246.47422714699576
825.709,250.66051781307
825.828,251.31434094667657
825.946,253.20279611491503
826.064,245.8756668675689
826.183,239.69226056394564
826.301,225.3201096715777
826.42,218.58605401730506
826.538,215.22256113359512
826.657,216.7231375139546
826.775,209.12934159994185
826.894,206.67926862965203
827.012,201.47594890611566
827.13,199.45704476699484
827.249,186.76021854995196
827.367,175.83308930260606
827.486,170.03409858339853
827.604,167.8039390330222
827.723,160.50884441771058
827.841,161.2007627894119
827.959,159.49874176717404
828.078,163.4417423899577
828.196,161.17781660581517
828.315,169.32601203379386
828.433,189.23091741848245
828.552,212.97997864732696
828.67,228.2935420406734
828.788,234.68156430847876
828.907,235.03841774511545
829.025,222.32773871421966
829.143,192.01842975222135
829.262,165.37804868079937
829.38,133.76694889742907
829.499,102.90341893167252
829.617,62.64074231748061
829.735,39.35287957389505
829.854,28.526413235327524
829.972,17.85131717292978
830.091,16.021318855331728
830.209,26.910504110855996
830.327,43.681529162689955
830.446,62.99938674956918
830.564,82.42577900697032
830.682,116.89108862006871
830.801,150.89689509549962
830.919,178.57185988738757
831.037,201.57565951402546
831.156,209.33000993739114
831.274,210.14236901876552
831.392,191.67074541615708
831.511,169.58526899969593
831.629,145.05303933648156
831.747,125.74505209750969
831.866,106.86130728278037
831.984,98.9766966671853
832.102,102.82974838925256
832.221,109.14513777365735
832.339,113.16355746109237
832.457,127.29453126108154
832.576,126.70774781090518
832.694,122.26324985795318
832.812,109.8917953151806
832.93,97.54914547134408
833.049,94.26823353807194
833.167,87.98735359149418
833.285,80.32012230211495
833.404,86.15707408303327
833.522,87.91250807997193
833.64,90.41208393215717
833.759,94.4249701523028
833.877,108.44112114139436
833.995,128.71872058018397
834.113,147.2846228812545
834.232,156.79888243987676
834.35,174.57980866516573
834.468,186.6403885701083
834.586,204.69490786899038
834.705,225.91912413756944
834.823,242.7736434364515
834.941,250.67491598208684
835.059,250.4376603891942
835.178,239.6255130214098
835.296,223.02981587007562
835.414,201.79775508237782
835.532,200.2271661561519
835.651,199.61328718663577
835.769,195.2859883036998
835.887,202.915399377474
836.005,215.12836023479804
836.124,229.53006568086673
836.242,242.48328627845046
836.36,250.72308696261433
836.478,272.13085301474337
836.596,279.2788788071319
836.715,286.8961686687844
836.833,293.11778753476597
836.951,315.09784795918915
837.069,331.8562633619671
837.188,342.4908692409355
837.306,351.12547511990385
837.424,367.8804273192185
837.542,368.56438384753744
837.66,379.4682537957696
837.779,384.13749170936984
837.897,398.63356944980984
838.015,400.6906861512887
838.133,399.4750755800402
838.251,404.77634812567493
838.369,402.80143019511917
838.487,399.2637417017928
838.606,404.98839087080415
838.724,403.7416114683869
838.842,406.65240782354545
838.96,405.4428578583578
839.078,411.2540871139495
839.196,415.92072762495246
839.315,413.94754129612875
839.433,415.5769523699023
839.551,417.9197833570959
839.669,415.02019010186535
839.787,413.0366141626523
839.905,401.75433692473814
840.023,401.51881293357724
840.142,396.49714175626934
840.26,387.68499438848517
840.378,388.0035829514368
840.496,388.8243360165527
840.614,388.3048293414089
840.732,387.2961451770875
840.85,385.48313200843705
840.968,385.6571318267995
841.087,389.8666294806598
841.205,381.1609756193685
841.323,380.7661442688996
841.441,379.54707049418823
841.559,383.86046425194445
841.677,394.2188796547221
841.795,405.27945955966425
841.913,413.153892278459
842.031,434.997156166085
842.149,437.8222382355292
842.267,455.47848913614223
842.385,469.02564912766445
842.504,480.4541944005721
842.622,490.3113111020509
842.74,498.9753542104562
842.858,507.3727306521946
842.976,513.7501936740197
843.094,514.3120722802603
843.212,521.4886695012199
843.33,518.8003316572444
843.448,516.3933790946546
843.566,511.8643486099866
843.684,507.41670340670385
843.802,511.6712227055856
843.92,511.6556121343376
844.038,513.7092656323538
844.156,512.7689797364308
844.274,516.0832392950533
844.392,517.1507456069228
844.51,522.1420614426017
844.628,522.9480958929992
844.746,520.369714758981
844.864,521.4121128457421
844.982,521.0631689411609
845.1,518.6821904045452
845.218,511.5566231233406
845.336,491.2942593053396
845.454,473.713280768724
845.572,444.06217236197864
845.69,395.93400767817707
845.808,365.83528022381284
845.926,329.2768125097083
846.044,294.3226737999326
846.162,271.0940762156979
846.28,248.01612798211244
846.398,234.67930528965263
846.516,222.5814436361539
846.634,201.9883438874171
846.752,186.1337722772085
846.87,156.2696768574761
846.988,141.2254948576573
847.106,122.85062209098646
847.224,107.31814345748408
847.342,101.9701202184512
847.46,101.44053371941271
847.578,90.66789769653036
847.696,80.08855139262864
847.814,75.62546335508458
847.932,79.01278148657414
848.05,67.18243956895869
848.168,67.29738783535421
848.285,71.00457242385244
848.403,76.97774735649398
848.521,74.76509358688769
848.639,83.29478749669295
848.757,96.48603678392264
848.875,106.85032097038348
848.993,118.08646662870567
849.111,130.1459889104045
849.229,136.63321681980878
849.347,145.8563754651437
849.465,152.38256441350882
849.582,160.06892652204692
849.7,168.17866525396153
849.818,178.13862043609248
849.936,185.93493925458694
850.054,185.2490069908303
850.172,191.3111266751254
850.29,192.75506454123857
850.408,185.73666474501414
850.525,185.0299532604779
850.643,190.1552764079762
850.761,196.4425043173793
850.879,207.5072214042715
850.997,217.39271771194296
851.115,234.32929627069655
851.233,232.86933803291325
851.35,225.5860031717533
851.468,229.8706336785587
851.586,233.73535076545068
851.704,245.02431027658514
851.822,268.7591572336069
851.94,297.07582237244674
852.057,336.3007126195115
852.175,370.5792825202558
852.293,417.7383719015197
852.411,474.300924486247
852.529,541.3258147333122
852.647,608.9455101751827
852.764,661.191179643027
852.882,712.5918274658495
853.0,750.8357653319622
853.118,772.6537291721008
853.236,803.4768878174345
853.353,824.3424707051927
853.471,855.0998284847258
853.589,869.7454979525706
853.707,860.2812107104589
853.824,834.1762308276548
853.942,795.7292596028592
854.06,756.4944095901851
854.178,716.1037154216667
854.296,670.2636706037978
854.413,644.5240586863615
854.531,616.7524121368906
854.649,576.8379084445628
854.767,523.2255692543995
854.884,484.8643123153185
855.002,442.4762155493978
855.12,384.4404997358581
855.238,330.59006530759973
855.355,289.7578126975232
855.473,243.46235662424309
855.591,201.86906505312737
855.708,157.5337821400202
855.826,127.77252520093892
855.944,98.30589255682219
856.062,60.47775603968528
856.179,35.80777461477581
856.297,15.934618793876785
856.415,0.25309202235114636
856.532,-4.677114381069143
856.65,-16.08256087496464
856.768,-17.464316190074513
856.886,-23.738980905533417
857.003,-35.0075010650031
857.121,-38.11422221094266
857.239,-43.37621779943116
857.356,-39.562004053824246
857.474,-41.45595033509047
857.592,-42.480589714484616
857.709,-35.69755041251746
857.827,-28.230479300675867
857.945,-22.37697415786279
858.062,-14.876228447848735
858.18,-5.620262926156775
858.298,6.15097733588735
858.415,6.508398684031804
858.533,15.883406769932865
858.651,28.98876231826747
858.768,36.131319710828926
858.886,35.971704131267494
859.003,30.66588497238981
859.121,35.34254469336577
859.239,35.78505062888656
859.356,25.263777313445754
859.474,28.26261380190273
859.592,31.747898332150513
859.709,26.234185002580688
859.827,24.5023251368246
859.944,11.980662377526237
860.062,11.167383617867602
860.18,2.8194226112995526
860.297,-5.3917362568188345
860.415,-6.504237240031284
860.532,-4.231733023994011
860.65,4.674907347207217
860.768,18.317570019741193
860.885,17.271971330191263
861.003,25.19913709351826
861.12,30.191507309804678
861.238,32.73013960214483
861.356,42.15764570167626
861.473,54.02619047183347
861.591,71.09363835115136
861.708,77.70188461597537
861.826,78.7249073285141
861.943,83.36957506269788
862.061,76.4029873856262
862.178,67.66670273885757
862.296,62.30704146871225
862.414,66.05560530679199
862.531,67.81455875526134
862.649,64.09645592667422
862.766,60.78008469981862
862.884,56.41522862447809
863.001,44.893662592427404
863.119,44.15304894132903
863.236,34.265249143044414
863.354,46.278748046058496
863.471,48.88705214387785
863.589,52.08583243217342
863.706,53.66643090228724
863.824,60.68599041136225
863.941,61.79386160874904
864.059,73.25671116111421
864.176,83.97756937148807
864.294,102.39972628316062
864.411,109.0972078701578
864.529,110.91243837490384
864.646,106.94671649869744
864.764,102.64679548829196
864.881,94.19103032204238
864.999,85.50929112981876
865.116,87.34789825794161
865.233,105.89559629515534
865.351,124.82857571765054
865.468,137.7260573046479
865.586,160.7257033938098
865.703,187.4231849808071
865.821,209.53451938165716
865.938,219.0259403625938
866.056,224.25935268552175
866.173,231.06073037641494
866.29,224.5945755997756
866.408,213.82106151577693
866.525,207.24581583004675
866.643,205.16580823955474
866.76,204.99229415555627
866.878,209.85947271225055
866.995,213.18465992695366
867.112,219.9055181373278
867.23,219.39520751653322
867.347,224.9498319606737
867.465,217.7096512100091
867.582,219.8357042255781
867.699,220.36954944893915
867.817,222.27309164199707
867.934,222.36104941947045
868.051,227.49402884196536
868.169,230.42354506099701
868.286,242.3383426653099
868.404,253.7475125639951
868.521,271.14109804709574
868.638,282.0472376427505
868.756,297.5975330825612
868.873,308.6820276565709
868.99,323.89119755525587
869.108,347.5575103110838
869.225,376.4004464435349
869.342,405.5325600651636
869.46,441.0239810460997
869.577,477.6115059231397
869.694,518.8960004971494
869.812,549.7484604391245
869.929,580.3498381300174
870.046,613.1191811888757
870.164,626.13268009189
870.281,625.1150101637356
870.398,635.463574001815
870.516,632.6640858918423
870.633,617.3832125004842
870.75,594.968139974927
870.867,578.4405133368155
870.985,569.5016312874487
871.102,550.4242210995537
871.219,523.5814429462911
871.337,513.8079288622923
871.454,501.1911247350034
871.571,479.6929353263291
871.688,455.2267805496894
871.806,429.5104093228333
871.923,401.4433887453282
872.04,372.9962815877366
872.157,328.6080488890194
872.275,304.39730536779143
872.392,287.45582591582763
872.509,267.1879395374568
872.626,252.06204450107742
872.744,228.99156072010928
872.861,209.80073061879494
872.978,194.95708666466675
873.095,170.79569379278962
873.213,153.48278576939728
873.33,131.25645783258508
873.447,107.06649353213653
873.564,87.10942966458845
873.681,71.44500648968116
873.799,59.74768288187355
873.916,54.1698397935465
874.033,42.89812841539414
874.15,36.26157886970816
874.267,21.126966676068108
874.385,11.716415624347881
874.502,2.485467833837906
874.619,1.3003715233392654
874.736,-4.224449667880459
874.853,-4.585654986173926
874.97,-12.666998741035965
875.088,-9.801080348295077
875.205,-15.358460891702087
875.322,-10.154627202165539
875.439,-8.53449195640977
875.556,-1.920217485214942
875.673,5.322820418655528
875.791,4.348490477183574
875.908,-0.5007662157274074
876.025,-1.1997326112616822
876.142,-7.821261457029708
876.259,-5.9964084766851995
876.376,-10.529469153070362
876.493,-8.747768592278199
876.61,-1.2897963647325774
876.728,2.040656059603044
876.845,7.121917745254617
876.962,8.275348346350608
877.079,8.20098946232277
877.196,12.084873713637416
877.313,4.9309023002695405
877.43,5.995105738716954
877.547,9.330384037259499
877.664,12.872200778641517
877.781,12.913911743541414
877.898,13.212378139668392
878.016,8.627118379146157
878.133,10.484291948375368
878.25,4.0490747222020635
878.367,3.2925232045036754
878.484,-1.4664055069778872
878.601,-8.503095613466375
878.718,-12.528308674021513
878.835,-6.670866382708779
878.952,-9.299059893643818
879.069,-5.350135524044827
879.186,-10.922544123598495
879.303,-8.052181519800897
879.42,-4.174806868627714
879.537,-5.982079725021235
879.654,-0.4784114158652757
879.771,2.7532497400263543
879.888,-9.392771940932391
880.005,-15.952356915090885
880.122,-24.919949527766892
880.239,-36.295549778960435
880.356,-50.07915766867151
