wavelength_nm,intensity
792.446,0.12959355032902112
792.565,0.16185091843045088
792.684,0.1832842162399012
792.803,0.19389344375737208
792.922,0.19367860098286335
793.041,0.1744442539003152
793.16,0.15287463746948884
793.279,0.1330820461725749
793.398,0.11241437517689173
793.518,0.10089690176306672
793.637,0.10001366477177823
793.756,0.10327850279486096
793.875,0.11611132118367576
793.994,0.13456816081781037
794.113,0.1669401253001247
794.232,0.1918993519886275
794.351,0.21278848328023808
794.47,0.2046309065873723
794.589,0.18449387419740793
794.708,0.16164924686667284
794.827,0.13688990317428135
794.946,0.11565782477648648
795.066,0.11176081019835189
795.185,0.11471984899308768
795.304,0.13036331639698454
795.423,0.12857863402644398
795.542,0.13079949490945342
795.661,0.1399415041869751
795.78,0.13918800092674954
795.899,0.13784856282695512
796.018,0.1428501314231731
796.137,0.13705663912367802
796.256,0.13038200852666593
796.375,0.12014262339392492
796.494,0.11025662574569187
796.613,0.10677078336366147
796.732,0.10417709058557331
796.851,0.11210921753517408
796.97,0.11367205264482924
797.089,0.10595044400583158
797.208,0.10653326589271689
797.327,0.11223800057309129
797.446,0.11720681213367887
797.565,0.12958913757640844
797.684,0.13739277539873745
797.803,0.15413714758514563
797.922,0.1591657395797526
798.041,0.16052313531965978
798.16,0.16147997673421194
798.279,0.15504642532764812
798.398,0.14005971492822505
798.517,0.1327944339824426
798.636,0.12089629536447581
798.755,0.12022278136384347
798.874,0.11833436292184515
798.993,0.12637125031452168
799.112,0.13724098369002913
799.231,0.15002907435101787
799.35,0.1481530697827396
799.469,0.1549601560855864
799.588,0.15154979672555535
799.707,0.15054110813449167
799.826,0.14459418057773932
799.945,0.14413087483876025
800.064,0.1402173397972915
800.183,0.1438075776235786
800.302,0.1379599610565838
800.421,0.14005308571227743
800.54,0.14499643577400945
800.659,0.15445181513705425
800.778,0.1552075517973473
800.897,0.16798488376777815
801.016,0.17364989368841383
801.135,0.17930248973532975
801.254,0.17966429280291804
801.373,0.18383301714454153
801.492,0.18494792855112363
801.611,0.19219529357522747
801.729,0.2000136967904366
801.848,0.218416996330626
801.967,0.2300299069461505
802.086,0.2401523251237322
802.205,0.24245069249159035
802.324,0.23793963632841342
802.443,0.21926517784266303
802.562,0.2015515531828157
802.681,0.1758227040579617
802.8,0.15221828252233555
802.919,0.1298915036855135
803.038,0.11128450627708303
803.157,0.09149895579483926
803.276,0.07719314577623532
803.394,0.07107295797183816
803.513,0.06086040264389573
803.632,0.04651630212790541
803.751,0.033808874178102286
803.87,0.02934461190682367
803.989,0.025724918122284036
804.108,0.020025832684518276
804.227,0.020164588024110905
804.346,0.022166447075801253
804.465,0.027419342975064973
804.583,0.025690731806350856
804.702,0.029292717145087844
804.821,0.04043914785806639
804.94,0.051022472693393314
805.059,0.05437476842794877
805.178,0.05865014717976204
805.297,0.061229317911974154
805.416,0.07022276481124251
805.535,0.06972967764098884
805.653,0.07801505682973653
805.772,0.08028089820583273
805.891,0.08125875367261667
806.01,0.07796087336404639
806.129,0.08412835275117492
806.248,0.09178025219327018
806.367,0.10977235993394133
806.485,0.13179898066585555
806.604,0.16336622342934032
806.723,0.18911861310687603
806.842,0.21613955081048591
806.961,0.246378992173818
807.08,0.2651240140643079
807.198,0.2744311815615159
807.317,0.2759606433775539
807.436,0.2770663783039601
807.555,0.2640873321080175
807.674,0.25232153517027844
807.793,0.24286471874439983
807.912,0.23420487301132495
808.03,0.22934863818596005
808.149,0.2321757636014956
808.268,0.24132237833192952
808.387,0.26564453988888126
808.506,0.28565577689877886
808.624,0.3186775811584822
808.743,0.3426033263479855
808.862,0.35547906874381136
808.981,0.37004806351500136
809.1,0.3714012483242203
809.219,0.3621637436673898
809.337,0.3496051139947544
809.456,0.32728752439528797
809.575,0.3080866446910425
809.694,0.29076936342586324
809.812,0.28144744442773884
809.931,0.2728488404716812
810.05,0.26936971803761955
810.169,0.27059710892647937
810.288,0.2855443130503294
810.406,0.29859881522771886
810.525,0.31358988170537827
810.644,0.32500906291809506
810.763,0.34582389135344677
810.882,0.3484946019601145
811.0,0.34971619970790513
811.119,0.3429887803171944
811.238,0.3460434934175913
811.357,0.34387693123149105
811.475,0.338384278480098
811.594,0.33792338254308196
811.713,0.34800269298565545
811.832,0.3523004486411834
811.95,0.3582972498131448
812.069,0.35385646596159936
812.188,0.36076527305616646
812.307,0.3551592402581336
812.425,0.34508586810417863
812.544,0.3413965374084644
812.663,0.33772541372753895
812.782,0.3326366256678261
812.9,0.33290152754762037
813.019,0.32586789927182436
813.138,0.32862136903662376
813.257,0.3276299868959863
813.375,0.327129366563067
813.494,0.33491873110014997
813.613,0.3540096862716292
813.731,0.36145725548563024
813.85,0.3775771568801995
813.969,0.38116814932528664
814.088,0.39195505056988145
814.206,0.3971019151878352
814.325,0.3990981386557343
814.444,0.41254905720057267
814.562,0.43008331260760435
814.681,0.4373637083221805
814.8,0.45673025149023705
814.918,0.4669113556973118
815.037,0.4738474733140622
815.156,0.47471817223137713
815.274,0.4683499275869562
815.393,0.4616870603395883
815.512,0.45629040821162803
815.631,0.4409932779964325
815.749,0.44219584113785415
815.868,0.44874630107771385
815.987,0.45086004255016
816.105,0.4587329938369562
816.224,0.46210136414667125
816.343,0.4620170223791529
816.461,0.46149240189037666
816.58,0.44265566248191024
816.698,0.43289594753727373
816.817,0.4194294498999409
816.936,0.3988258024653736
817.055,0.38427184949019694
817.173,0.36661691085984405
817.292,0.34619533357316545
817.41,0.33460912400857346
817.529,0.3194775121096409
817.648,0.3146626568633437
817.766,0.3122701621755467
817.885,0.30949780295192747
818.004,0.31159747536749216
818.122,0.3027679733602507
818.241,0.3027101145233352
818.359,0.3062086195387847
818.478,0.3093024248663488
818.597,0.3227477858774056
818.715,0.3310799536248389
818.834,0.34515411821694925
818.953,0.3401620376025283
819.071,0.3446289952634656
819.19,0.3791369244151264
819.308,0.46372665695426085
819.427,0.6056504161870933
819.546,0.7505696519099176
819.664,0.8626248515912636
819.783,0.9099973852367366
819.901,0.8631837000968865
820.02,0.7616376083395788
820.138,0.6320011829233096
820.257,0.5280262569723965
820.376,0.46071096075651236
820.494,0.40809829748358917
820.613,0.36848026896572217
820.731,0.3344448101664619
820.85,0.306257113480752
820.969,0.2909144657285854
821.087,0.28481105039018584
821.206,0.29159489115597637
821.324,0.3011106117316778
821.443,0.3298454916001875
821.561,0.35975803428890407
821.68,0.3905958243655274
821.798,0.40406826029148146
821.917,0.4077444946694453
822.035,0.3916594972688417
822.154,0.37001804999130944
822.273,0.3398168229882672
822.391,0.3187522070429094
822.51,0.3084115228081924
822.628,0.29473067895130006
822.747,0.28565372706124637
822.865,0.28298150641896586
822.984,0.2820786765775304
823.102,0.27838355274074816
823.221,0.2798774281187921
823.339,0.28315310817140094
823.458,0.2931951769928167
823.576,0.2969682395857943
823.695,0.3100831559486218
823.813,0.32063667636728876
823.932,0.3214453059160072
824.05,0.3131156692238787
824.169,0.32032903002037066
824.287,0.32066013922667225
824.406,0.3125398832046159
824.524,0.3108293239798209
824.643,0.3179756498582267
824.761,0.31725240738993676
824.88,0.3127056918159855
824.998,0.3125294873829428
825.117,0.3244857755319338
825.235,0.3249070922205984
825.354,0.3191347135147242
825.472,0.31812843472562585
825.591,0.3173977439331043
825.709,0.3128361317106896
825.828,0.31115122782491517
825.946,0.3067336165376485
826.064,0.3010315831161857
826.183,0.2917096641180642
826.301,0.28274029913358156
826.42,0.2721935445951182
826.538,0.2640724609814803
826.657,0.26891890985541994
826.775,0.2675186974736168
826.894,0.26644703894959465
827.012,0.25864457809476227
827.13,0.2576581615036154
827.249,0.24982011421078648
827.367,0.2464858203034574
827.486,0.2430811811117169
827.604,0.23869915626244698
827.723,0.22736536213015635
827.841,0.22047656238109248
827.959,0.21132512724872163
828.078,0.20862145812635252
828.196,0.21534653988987074
828.315,0.2352344657541559
828.433,0.25909731398348235
828.552,0.27766854164189997
828.67,0.2929161615097685
828.788,0.3026826423346078
828.907,0.3079205420265078
829.025,0.2923676860126885
829.143,0.26925774131402425
829.262,0.23489677918854485
829.38,0.20223947870434544
829.499,0.17073562438501239
829.617,0.1404649366340422
829.735,0.11955391226100659
829.854,0.10687246010920584
829.972,0.0952863212766742
830.091,0.09051997988930842
830.209,0.09315541716034334
830.327,0.11204015347701965
830.446,0.14173790041209638
830.564,0.1722058734573489
830.682,0.20820238004031688
830.801,0.24084807456111212
830.919,0.2738932004133627
831.037,0.2969575717949907
831.156,0.30976146275151284
831.274,0.3129892915206738
831.392,0.29487932654886795
831.511,0.2704713896432779
831.629,0.25067810339508334
831.747,0.2287396997681283
831.866,0.21233953900331304
831.984,0.20080975469451878
832.102,0.19992859126246576
832.221,0.19845901021609985
832.339,0.19284567812210487
832.457,0.1947518431359106
832.576,0.1967200775183147
832.694,0.19354317503970214
832.812,0.1867687319571265
832.93,0.18323679269013127
833.049,0.1759196895372407
833.167,0.16828021739067567
833.285,0.15771734999447273
833.404,0.1529966715243959
833.522,0.1575357685393337
833.64,0.16510489171638384
833.759,0.17745465653279807
833.877,0.18546185186053255
833.995,0.19269511024410663
834.113,0.20536506370304303
834.232,0.21604760080866361
834.35,0.23020933292211979
834.468,0.25134021374180426
834.586,0.2748156615113456
834.705,0.2945669471649831
834.823,0.3072853595606313
834.941,0.3123766879429083
835.059,0.315790488189866
835.178,0.3122450708295714
835.296,0.30388307046604124
835.414,0.29026503596959885
835.532,0.28650941034765154
835.651,0.2769490573743819
835.769,0.27464502738605584
835.887,0.27269189622820617
836.005,0.2851893416716452
836.124,0.3053999406529121
836.242,0.32675261601638955
836.36,0.3402845509364687
836.478,0.3615139151543306
836.596,0.3769898626989113
836.715,0.384174170190327
836.833,0.3922249660673763
836.951,0.4097467200009599
837.069,0.4268621264681193
837.188,0.4434437363653324
837.306,0.44957783014006314
837.424,0.4662446819701517
837.542,0.47564362453315834
837.66,0.4824207569665686
837.779,0.4867722184751536
837.897,0.4879184177893175
838.015,0.48730929535951845
838.133,0.4894477769796751
838.251,0.5004456264777766
838.369,0.5044834307770443
838.487,0.4975175774111878
838.606,0.5071606594906817
838.724,0.4982963110372958
838.842,0.4941111653846478
838.96,0.491868377173339
839.078,0.49390754780373824
839.196,0.5017406870949027
839.315,0.5005150089370263
839.433,0.49677759032986785
839.551,0.49741730359626846
839.669,0.4866031493773112
839.787,0.4818966210284362
839.905,0.47071087818946983
840.023,0.4657883484378726
840.142,0.45936539514935676
840.26,0.4563901883885866
840.378,0.45079399908980117
840.496,0.4478336889774943
840.614,0.44357902563201534
840.732,0.4358890296325101
840.85,0.42465445889024556
840.968,0.42450713256281764
841.087,0.42482656788724976
841.205,0.4243018597987437
841.323,0.42385660050204355
841.441,0.42922599965564134
841.559,0.44092068126520656
841.677,0.45582228025235594
841.795,0.4578697267985676
841.913,0.4768414211826094
842.031,0.49513614565313807
842.149,0.5072313815880586
842.267,0.5129740245448282
842.385,0.5324000667070101
842.504,0.5450282716202955
842.622,0.5533703797339662
842.74,0.5462803876309124
842.858,0.5475573464149226
842.976,0.5511184579633539
843.094,0.5499689182309573
843.212,0.5548425900273493
843.33,0.5695265324286134
843.448,0.5694776894993617
843.566,0.5683819432197503
843.684,0.5589018666298673
843.802,0.5526535351650079
843.92,0.5476474186636977
844.038,0.5488043766684182
844.156,0.5506184423887003
844.274,0.5497544217518567
844.392,0.5530109795983658
844.51,0.5619911608212285
844.628,0.56171059224921
844.746,0.5616634045031218
844.864,0.5620027020255064
844.982,0.5660098854362658
845.1,0.5570089843719637
845.218,0.5372121511294465
845.336,0.5222410043975596
845.454,0.5012267839389327
845.572,0.47300093044075303
845.69,0.4422500950279904
845.808,0.4215768423008637
845.926,0.40172787078872374
846.044,0.3829423544585697
846.162,0.3634393162274182
846.28,0.3505114931097904
846.398,0.33026941559652756
846.516,0.31187038453484656
846.634,0.2859990290854998
846.752,0.26256244806837303
846.87,0.23960173221050096
846.988,0.22090476817954813
847.106,0.20200173384484854
847.224,0.18932963652584694
847.342,0.17270578940608072
847.46,0.16057079902335084
847.578,0.14651954381844512
847.696,0.13958914678677367
847.814,0.13691341357451517
847.932,0.1372556100162301
848.05,0.13471793852530953
848.168,0.13665227509672778
848.285,0.1409866427538387
848.403,0.14813094403712973
848.521,0.1528044941387658
848.639,0.1619652457942756
848.757,0.17551802597180816
848.875,0.18211076095050702
848.993,0.18811756108963712
849.111,0.19756548702386242
849.229,0.20209503619035057
849.347,0.20608251287107945
849.465,0.214642433038557
849.582,0.22404980698529808
849.7,0.23287290127563304
849.818,0.23392904857535496
849.936,0.2347774703881676
850.054,0.23837018588461079
850.172,0.23800949639712657
850.29,0.24106427736571684
850.408,0.24546968779500816
850.525,0.2480403276885307
850.643,0.24988516976524267
850.761,0.24789329727099213
850.879,0.25136187403023813
850.997,0.26627024921795994
851.115,0.276247833764225
851.233,0.28717301067109247
851.35,0.2998816474356871
851.468,0.30207490556813166
851.586,0.31376974264561897
851.704,0.3144187148873351
851.822,0.32753287152677213
851.94,0.35188572184042577
852.057,0.38194978165671334
852.175,0.426168967879761
852.293,0.48426686492141047
852.411,0.5443385678844888
852.529,0.615741654778891
852.647,0.6782754426963725
852.764,0.7358809227471411
852.882,0.7871975343715198
853.0,0.8244599857620587
853.118,0.8453609515900596
853.236,0.8602635336367113
853.353,0.8770476451434758
853.471,0.8861177755208309
853.589,0.8832167936745086
853.707,0.8650848163657201
853.824,0.844908687851091
853.942,0.8162389869374571
854.06,0.780815311128736
854.178,0.7469044727306533
854.296,0.726064615767812
854.413,0.7067268375250519
854.531,0.6740627658442155
854.649,0.6344072004844552
854.767,0.6016595420539061
854.884,0.5667684214277593
855.002,0.5168093408806652
855.12,0.45466728466507755
855.238,0.4025804661624305
855.355,0.3505101994914096
855.473,0.3035081036643432
855.591,0.25555676029351176
855.708,0.22087584792901788
855.826,0.18876016366211995
855.944,0.15055204775810527
856.062,0.11530269444649924
856.179,0.09466838975580791
856.297,0.07509340747588786
856.415,0.07167392149087629
856.532,0.0634192931417981
856.65,0.057021664129411356
856.768,0.05220770419239288
856.886,0.04521725264212294
857.003,0.03564878586867004
857.121,0.030657104848672508
857.239,0.02724585425067308
857.356,0.02538942712428894
857.474,0.01722662379107989
857.592,0.01357742374340898
857.709,0.01949925175021619
857.827,0.02354705675769728
857.945,0.02749628615508306
858.062,0.04116657128038329
858.18,0.05891911969757331
858.298,0.07024929158756033
858.415,0.07690588273502755
858.533,0.09162475858690661
858.651,0.11067560537629914
858.768,0.11232095932846162
858.886,0.1239172602863188
859.003,0.13030300162551198
859.121,0.13058359986936657
859.239,0.1216222982506337
859.356,0.10459153489900747
859.474,0.09450658847249782
859.592,0.09017887219673518
859.709,0.08186873321060419
859.827,0.08419070096533035
859.944,0.07672840453045135
860.062,0.07461957631420238
860.18,0.07205551978181655
860.297,0.06098739103532225
860.415,0.058681999749515525
860.532,0.05867411587723512
860.65,0.06330040756232728
860.768,0.06570815790232712
860.885,0.06696270682707962
861.003,0.07822193197299271
861.12,0.09268081008654774
861.238,0.09881304297508428
861.356,0.11134458400262574
861.473,0.12423226447069252
861.591,0.14271544206453568
861.708,0.15329677524001217
861.826,0.15745351496976404
861.943,0.15717767419000897
862.061,0.15327284432620097
862.178,0.1383544256982932
862.296,0.1196396330264545
862.414,0.11114904772377902
862.531,0.11192835375354193
862.649,0.10586047434024157
862.766,0.11029981883697951
862.884,0.11821783805068387
863.001,0.12153117573613148
863.119,0.12306781527013738
863.236,0.11567370258975307
863.354,0.11821068888511255
863.471,0.11395314829790074
863.589,0.10694965884389585
863.706,0.11320997966357813
863.824,0.11628986603627875
863.941,0.11570683207009277
864.059,0.1199354155576547
864.176,0.13066390332484104
864.294,0.1446390328655142
864.411,0.1502670737170747
864.529,0.15242254029345015
864.646,0.15222350882099303
864.764,0.14574554002112194
864.881,0.14066702858524935
864.999,0.13016365433387686
865.116,0.13858564436394671
865.233,0.15015579276932728
865.351,0.1639488521621119
865.468,0.17747956502362067
865.586,0.19687210905556218
865.703,0.22339932010999408
865.821,0.24626443841712042
865.938,0.2592613547086828
866.056,0.27200916593427016
866.173,0.2747191188701247
866.29,0.27388201428847614
866.408,0.26672790316667333
866.525,0.26028883117112395
866.643,0.26589121668366383
866.76,0.26898765488799103
866.878,0.27449321218551737
866.995,0.2798969757185424
867.112,0.28534046364747023
867.23,0.28659054503389025
867.347,0.27682869283937284
867.465,0.26111314680889697
867.582,0.25324647933558386
867.699,0.24891859346396078
867.817,0.24757417524296735
867.934,0.2577614181159751
868.051,0.2737384916918414
868.169,0.2841897362792878
868.286,0.28925501485555594
868.404,0.2893199850975371
868.521,0.29884680988865836
868.638,0.31114523888559337
868.756,0.32503843685971645
868.873,0.3425175891556642
868.99,0.3667275437824223
869.108,0.38772644307368975
869.225,0.40399069092827133
869.342,0.4233410277895653
869.46,0.4601709264397499
869.577,0.49094368230631213
869.694,0.52845055087001
869.812,0.559715723727453
869.929,0.5926592523117966
870.046,0.6184888036631823
870.164,0.6356998162867848
870.281,0.6487323190163433
870.398,0.6617755804364588
870.516,0.6668276175474256
870.633,0.6615248287930168
870.75,0.64389754620971
870.867,0.625949158092854
870.985,0.6160019253841221
871.102,0.6070494577561274
871.219,0.5956489742306118
871.337,0.58244682383258
871.454,0.5753671959530942
871.571,0.5462711492359655
871.688,0.5117667915349631
871.806,0.47758519455067217
871.923,0.4523225520381804
872.04,0.4193277213814908
872.157,0.3867359278249002
872.275,0.3569670491521647
872.392,0.338229966258318
872.509,0.3135424998948383
872.626,0.2939736874617731
872.744,0.28255251414672433
872.861,0.2741752226677411
872.978,0.25812119168050773
873.095,0.24472290207770456
873.213,0.2250522958801378
873.33,0.20841646801124214
873.447,0.1845251447489844
873.564,0.15981285063806516
873.681,0.14217977491368877
873.799,0.12376379755339123
873.916,0.10479691696921817
874.033,0.09236590416216034
874.15,0.0801169248791665
874.267,0.07052511572291636
874.385,0.06197072876037742
874.502,0.060239141095234996
874.619,0.0668559515292994
874.736,0.07043715776153558
874.853,0.06912960630100864
874.97,0.06385675860491133
875.088,0.06540992523685796
875.205,0.05612586201548484
875.322,0.05084773975743871
875.439,0.04879397247606969
875.556,0.05305419926036516
875.673,0.05375153332614112
875.791,0.048737099783789095
875.908,0.04730819204966162
876.025,0.05652411520334304
876.142,0.05468038384953093
876.259,0.060078396188668795
876.376,0.06216600485991671
876.493,0.06555228578987791
876.61,0.06549550747194255
876.728,0.058768060953329024
876.845,0.061176348287601434
876.962,0.06484316451890701
877.079,0.06315263749159812
877.196,0.06677962984275215
877.313,0.0637245567742443
877.43,0.06014964446081963
877.547,0.06288349664207724
877.664,0.051699336251762665
877.781,0.051810436107506005
877.898,0.058560718017058616
878.016,0.06032186403492387
878.133,0.06599013696577752
878.25,0.068528310624314
878.367,0.07333899249899775
878.484,0.0778697182518529
878.601,0.06861562437205468
878.718,0.06627638182790466
878.835,0.06225869001062021
878.952,0.06189103878811279
879.069,0.0569013114171015
879.186,0.05032477521368027
879.303,0.05131670437389112
879.42,0.05235592539238797
879.537,0.051306760882745536
879.654,0.048127179989378176
879.771,0.043246549623644964
879.888,0.04100546589808225
880.005,0.03690701354868328
880.122,0.030903043433097667
880.239,0.022993555551325436
880.356,0.013178549903366588
