wavelength_nm,intensity
792.446,0.22061856936054927
792.565,0.26749496873591955
792.684,0.2993685073657546
792.803,0.31623918525005434
792.922,0.31810700238881856
793.041,0.2945082753641415
793.16,0.26402721571083626
793.279,0.2261028841145708
793.398,0.20345584048674092
793.518,0.19037195615675317
793.637,0.1940095015847024
793.756,0.2050893118832343
793.875,0.21786402499329396
793.994,0.2388242223886169
794.113,0.2676718106454288
794.232,0.27635579575761204
794.351,0.28669440078621844
794.47,0.2780013520226366
794.589,0.26784905538388915
794.708,0.25825467684234105
794.827,0.24024016615154511
794.946,0.22808580962609687
795.066,0.22171204854816484
795.185,0.21285988234891973
795.304,0.21714598238805366
795.423,0.2215781079219419
795.542,0.22498201255828423
795.661,0.2285067658799405
795.78,0.2273999933369405
795.899,0.22844835568203875
796.018,0.21660921281078444
796.137,0.20682550466224442
796.256,0.20489595398673202
796.375,0.21226873086325915
796.494,0.20724646091608795
796.613,0.20055950032871733
796.732,0.19732579092419217
796.851,0.1974607386227928
796.97,0.18837090334243028
797.089,0.18377764622812331
797.208,0.18551585315188862
797.327,0.19706798039552242
797.446,0.20260285018290025
797.565,0.20769460812412693
797.684,0.21392939321394794
797.803,0.21721244916497626
797.922,0.22953498677748635
798.041,0.22466780597646796
798.16,0.22455299972541984
798.279,0.21944009326426317
798.398,0.20594834462134087
798.517,0.20324939064932984
798.636,0.19421494434973618
798.755,0.18776263162634999
798.874,0.20119999836088098
798.993,0.2037458773314943
799.112,0.2148871190450608
799.231,0.21770692170238576
799.35,0.2197432220499254
799.469,0.2193293153027252
799.588,0.2130774099824848
799.707,0.2112395028933355
799.826,0.2117873502667586
799.945,0.2018082700769611
800.064,0.2007246601986463
800.183,0.20234906794374102
800.302,0.1991697404476071
800.421,0.18879890910291697
800.54,0.19162072590499718
800.659,0.19780717152069258
800.778,0.2026048643276554
800.897,0.2021587312643715
801.016,0.22032128159467712
801.135,0.2328190498008924
801.254,0.23383417875752943
801.373,0.22989853990580594
801.492,0.23001435322923175
801.611,0.22398400383206674
801.729,0.2155759565513502
801.848,0.21667769373246215
801.967,0.22225284641494467
802.086,0.23496008567570403
802.205,0.2384193792928152
802.324,0.22641306240687664
802.443,0.20527058491120517
802.562,0.1824493177620477
802.681,0.1626492677457385
802.8,0.14100895587370044
802.919,0.11911971012515649
803.038,0.12101875826371805
803.157,0.11228215494831384
803.276,0.09901062341764004
803.394,0.08021695241547522
803.513,0.07301888001620244
803.632,0.06469668439252005
803.751,0.05187261786931334
803.87,0.04157537667843157
803.989,0.04122562531519724
804.108,0.0465702077135762
804.227,0.048025740104279846
804.346,0.041233039240315045
804.465,0.04362027462547823
804.583,0.04541007442886867
804.702,0.05176840012226794
804.821,0.05904353918099172
804.94,0.06596142997070845
805.059,0.06984668953063636
805.178,0.07187487503920958
805.297,0.06938645339572833
805.416,0.07525361006385772
805.535,0.08021305978544041
805.653,0.08435022017883789
805.772,0.09067517114917246
805.891,0.08295185236857966
806.01,0.07288631402437612
806.129,0.07922982564707688
806.248,0.08542124825223682
806.367,0.10212974484900059
806.485,0.12452443746059724
806.604,0.1608107104298585
806.723,0.20261043513416965
806.842,0.23699395489995168
806.961,0.2648617163825577
807.08,0.2889479210872157
807.198,0.2991375340531497
807.317,0.2968555626946865
807.436,0.2881414200603897
807.555,0.2804836963502121
807.674,0.2724966599725539
807.793,0.26237261600959466
807.912,0.2505335277875551
808.03,0.25175012586893025
808.149,0.2572367108313973
808.268,0.28009529430774155
808.387,0.31414849433366576
808.506,0.3479237423833682
808.624,0.37716615766142075
808.743,0.39956048077168427
808.862,0.4072283845040682
808.981,0.40332200540051066
809.1,0.3839469945767704
809.219,0.36694565334707085
809.337,0.34515366881705156
809.456,0.32279570961081205
809.575,0.3041518333332205
809.694,0.28738312582275005
809.812,0.27428116883917975
809.931,0.2659799258797053
810.05,0.2592557582635775
810.169,0.26225890274284325
810.288,0.26508983784553675
810.406,0.27445868682371377
810.525,0.2857701784183122
810.644,0.2865174807717184
810.763,0.2965822167628284
810.882,0.3142976816066877
811.0,0.3209877180604061
811.119,0.32577237357567473
811.238,0.3331391626671508
811.357,0.33602246553348003
811.475,0.3414637322389541
811.594,0.34089378392243774
811.713,0.34709841149014453
811.832,0.36443924540953
811.95,0.38200264232436865
812.069,0.39489926584133456
812.188,0.42232391547778986
812.307,0.43808163161956337
812.425,0.4655979248423818
812.544,0.47299996146707474
812.663,0.4798924194686939
812.782,0.48825520314163245
812.9,0.5025023107169817
813.019,0.5166829515154083
813.138,0.5442626902980165
813.257,0.5675533078243582
813.375,0.5919053796367071
813.494,0.5998864828785297
813.613,0.6136189764689175
813.731,0.6083600991622217
813.85,0.5990930737926138
813.969,0.5926216813432681
814.088,0.5941796769606549
814.206,0.5928544243609271
814.325,0.5899228913189019
814.444,0.5873398053195318
814.562,0.5942614684201017
814.681,0.5852341262763664
814.8,0.5817356114857433
814.918,0.5702046874112545
815.037,0.5684393441825089
815.156,0.5613959346226776
815.274,0.5528076760355833
815.393,0.5442868912977892
815.512,0.5424027135284848
815.631,0.5376322663249328
815.749,0.5255998202063914
815.868,0.5134686809948438
815.987,0.5103981719647078
816.105,0.49585610148114767
816.224,0.48834943862761326
816.343,0.48778553274536396
816.461,0.48581978211347315
816.58,0.4784661942613365
816.698,0.4595937125540276
816.817,0.45200749098266174
816.936,0.43743218711064047
817.055,0.41862717925263165
817.173,0.4033841863942507
817.292,0.3973820896728746
817.41,0.3888884958892762
817.529,0.3769426579952102
817.648,0.35963315261796114
817.766,0.3573008276406181
817.885,0.3548446327608284
818.004,0.3517388761974763
818.122,0.33197916372548764
818.241,0.3232831483939892
818.359,0.31636159459185037
818.478,0.3085266261432139
818.597,0.3105126275210893
818.715,0.3174603252288286
818.834,0.3254601402553253
818.953,0.3491574421696382
819.071,0.36407155926681345
819.19,0.37415754289929437
819.308,0.4005238470752668
819.427,0.4242139653208692
819.546,0.522232296224829
819.664,0.6018796130796457
819.783,0.6661658570169027
819.901,0.708682143466653
820.02,0.6899580696910679
820.138,0.6109693725898874
820.257,0.5075609827093976
820.376,0.391815274280487
820.494,0.3401140764118633
820.613,0.29294316478548954
820.731,0.27249461480721066
820.85,0.259917342532379
820.969,0.25557590816169135
821.087,0.25431913648364163
821.206,0.25168368272063546
821.324,0.26048857116734775
821.443,0.2795404210563034
821.561,0.31638321156822463
821.68,0.34795498525570334
821.798,0.3631789530373408
821.917,0.37042086515399353
822.035,0.35449507722358886
822.154,0.3237230283023683
822.273,0.2957889093412698
822.391,0.27351050885286304
822.51,0.26354860354270077
822.628,0.24084018314905223
822.747,0.23850987231646464
822.865,0.24481923541144507
822.984,0.2513189351857949
823.102,0.26094660176502005
823.221,0.2741181560410758
823.339,0.28396435732624326
823.458,0.289303909721579
823.576,0.2839594312627861
823.695,0.2953323542724197
823.813,0.30488650456807886
823.932,0.3078533944417516
824.05,0.3025048876934487
824.169,0.30176273000036136
824.287,0.29548771666465123
824.406,0.28273420672373717
824.524,0.27453669221915794
824.643,0.2769899751802461
824.761,0.2842973470014437
824.88,0.2813748776108177
824.998,0.27955414540130374
825.117,0.28931071724486385
825.235,0.28708514193954804
825.354,0.28921213345028884
825.472,0.2916634022666218
825.591,0.2898920166036107
825.709,0.29109552274407746
825.828,0.279900960843713
825.946,0.26710112557342863
826.064,0.25281283732902793
826.183,0.23189499162278077
826.301,0.23681459483665118
826.42,0.23577635786454498
826.538,0.2317310027728774
826.657,0.24145132001084368
826.775,0.24606477322191894
826.894,0.24739517048196608
827.012,0.24463987510602503
827.13,0.2432501698741315
827.249,0.24441842848138276
827.367,0.23305266427682436
827.486,0.22041093936982642
827.604,0.2120643781533607
827.723,0.21286706948753686
827.841,0.21120444764130913
827.959,0.2182922776841874
828.078,0.23004083869067307
828.196,0.24584790137895157
828.315,0.25735677915956473
828.433,0.27715486968033565
828.552,0.3008181039863971
828.67,0.32303518235820194
828.788,0.3238499585609106
828.907,0.3248842765419394
829.025,0.30621421638253266
829.143,0.28656125358257256
829.262,0.24193502930328614
829.38,0.202505879299942
829.499,0.16564566016161159
829.617,0.1386848530590033
829.735,0.12326933575638241
829.854,0.1144075487662731
829.972,0.11670423848509806
830.091,0.12617087668928037
830.209,0.11878649494167638
830.327,0.11355057826957286
830.446,0.12096827067251298
830.564,0.1460670651906829
830.682,0.18789461613887476
830.801,0.21718803774270795
830.919,0.2632119964974427
831.037,0.2955589449360585
831.156,0.3044167192272068
831.274,0.29723888004957466
831.392,0.2728592375898826
831.511,0.24594781517286374
831.629,0.22219759294918162
831.747,0.18977647755422533
831.866,0.1732429359885398
831.984,0.16476395929902726
832.102,0.16758030639685634
832.221,0.16410992136139865
832.339,0.15810244052661232
832.457,0.16628800031196944
832.576,0.1669344246721725
832.694,0.16574332443509698
832.812,0.15991232589810422
832.93,0.1572844229518042
833.049,0.15303463913024382
833.167,0.13797205567802745
833.285,0.12920862246777637
833.404,0.13624392909052585
833.522,0.13429570183046824
833.64,0.13429958656111557
833.759,0.13689454362664272
833.877,0.1399898732476177
833.995,0.1384618411473199
834.113,0.14066291550077548
834.232,0.1389536461686136
834.35,0.15442591774282688
834.468,0.17158930397964478
834.586,0.19829723379980008
834.705,0.22557674639055386
834.823,0.24619009135132083
834.941,0.26042866816177823
835.059,0.26437496527299975
835.178,0.24135891361830658
835.296,0.2174425392580247
835.414,0.19484643678479735
835.532,0.18455977998317105
835.651,0.17818761351333817
835.769,0.1737993796274088
835.887,0.18253632003894946
836.005,0.19763695080464608
836.124,0.20524496308087942
836.242,0.21645325910709023
836.36,0.2283745623766533
836.478,0.2448579035168171
836.596,0.25738647143008264
836.715,0.2549529650291064
836.833,0.2590281674046627
836.951,0.27406535261056986
837.069,0.2929757381807882
837.188,0.3056946427734228
837.306,0.31726749900033036
837.424,0.33670961878592964
837.542,0.3471475044432638
837.66,0.3500776655254705
837.779,0.3560089022929731
837.897,0.37806437489848665
838.015,0.39253961371768425
838.133,0.4018787834110399
838.251,0.4124133480166259
838.369,0.42731256430679976
838.487,0.4223563415998955
838.606,0.4239370256960969
838.724,0.4305117817128965
838.842,0.436226497919212
838.96,0.43429451356228876
839.078,0.4404865820755943
839.196,0.4470845007570794
839.315,0.45677715285497855
839.433,0.44586711825160835
839.551,0.4447649615338408
839.669,0.44471922374019257
839.787,0.4360328049465984
839.905,0.4297744376554364
840.023,0.43029064624849755
840.142,0.4336246433541282
840.26,0.4286684206472235
840.378,0.4179879985459491
840.496,0.41724033130510196
840.614,0.41627614350306763
840.732,0.4145183826674719
840.85,0.4086890282091744
840.968,0.4157109243616354
841.087,0.42055150174417977
841.205,0.410249738856889
841.323,0.4157428991401284
841.441,0.4197405569426079
841.559,0.4263777514468192
841.677,0.4298013779940577
841.795,0.43539222429792607
841.913,0.4513428241503308
842.031,0.4724375497075983
842.149,0.4927276244351506
842.267,0.5173591881826055
842.385,0.5250860349993973
842.504,0.5253162350372149
842.622,0.5260529924809733
842.74,0.5290768112942978
842.858,0.5262233557118547
842.976,0.5321173308013847
843.094,0.5466529939632381
843.212,0.5538803328807316
843.33,0.5673152659338503
843.448,0.5802718396076013
843.566,0.5876331191513174
843.684,0.5925824603506431
843.802,0.6004080002604403
843.92,0.5949935596217192
844.038,0.5933073009249329
844.156,0.5871516550162867
844.274,0.591465533545337
844.392,0.5972537660352174
844.51,0.5999251095163762
844.628,0.6119058300562182
844.746,0.6267214593390495
844.864,0.6269597159558886
844.982,0.6263701590783273
845.1,0.6180916045976674
845.218,0.5976012904660354
845.336,0.565726023105454
845.454,0.5383412914766625
845.572,0.5037489428412731
845.69,0.46532971917094257
845.808,0.429410049141855
845.926,0.3960312227214927
846.044,0.36934338517801135
846.162,0.347793630905127
846.28,0.3167401346046802
846.398,0.29952481984505575
846.516,0.2860447365340095
846.634,0.267288601036633
846.752,0.243277561872856
846.87,0.2173141323464422
846.988,0.19326663272466735
847.106,0.17525290595453147
847.224,0.14930379264879784
847.342,0.1352501149394522
847.46,0.13367292194617988
847.578,0.12609999205238442
847.696,0.12557820627811292
847.814,0.1316270124411356
847.932,0.14258857732614344
848.05,0.14407826761962572
848.168,0.1474566130636238
848.285,0.15259419553083875
848.403,0.1539242592117887
848.521,0.14844927523072782
848.639,0.15096101487671165
848.757,0.16078176454664705
848.875,0.18035475867370127
848.993,0.1920090058309442
849.111,0.2099916958091262
849.229,0.22991300011421892
849.347,0.2534879630053025
849.465,0.2722128653257871
849.582,0.2973417408955319
849.7,0.32232962633241047
849.818,0.34777270848397146
849.936,0.36331425501881154
850.054,0.3679441723421815
850.172,0.37880081817635186
850.29,0.3867228551021491
850.408,0.39208994940593467
850.525,0.4021117322390615
850.643,0.41169543858792507
850.761,0.42032645446756384
850.879,0.4255475232765946
850.997,0.4255177167087354
851.115,0.4258252793873776
851.233,0.42044892556675495
851.35,0.42013109629889805
851.468,0.41053309507130925
851.586,0.4098174722142942
851.704,0.41366791551739024
851.822,0.4187691427134855
851.94,0.43332677953539556
852.057,0.4635665474215428
852.175,0.5061701428876825
852.293,0.5611405871509472
852.411,0.6164272521407835
852.529,0.6820283524221635
852.647,0.7469829122371139
852.764,0.7983893273559954
852.882,0.8393483736294882
853.0,0.8729487420397403
853.118,0.8891640199952064
853.236,0.9098275366426025
853.353,0.9325203041308953
853.471,0.9492169626828617
853.589,0.9665380061089499
853.707,0.968953371273943
853.824,0.9485394127107573
853.942,0.9242734023031901
854.06,0.8832215095055183
854.178,0.8495101672682894
854.296,0.815472533580713
854.413,0.7707599326904065
854.531,0.7334865754535498
854.649,0.6793910812209942
854.767,0.6276279666149976
854.884,0.5835407576711904
855.002,0.531629603425684
855.12,0.47669219668544105
855.238,0.42095215326023805
855.355,0.37380948672274317
855.473,0.32280570468946823
855.591,0.27197614617752097
855.708,0.2377582465343506
855.826,0.20528258210445616
855.944,0.17066931551054193
856.062,0.14264941246790008
856.179,0.11975579234368719
856.297,0.1074409061514284
856.415,0.08309888086104461
856.532,0.07509930651689913
856.65,0.06751711115836445
856.768,0.05883789749771856
856.886,0.041735951873939435
857.003,0.035225398966629774
857.121,0.03142895722108935
857.239,0.03025050980704607
857.356,0.02621640175901683
857.474,0.022290576367548956
857.592,0.02174059838138677
857.709,0.030922552731971666
857.827,0.030557697398018176
857.945,0.03673487961354813
858.062,0.049076041647292026
858.18,0.06657307909069929
858.298,0.08295236858055448
858.415,0.08659174674255278
858.533,0.1033402107568564
858.651,0.12878897988182467
858.768,0.13303525675760192
858.886,0.13455071082570552
859.003,0.1264617382848832
859.121,0.11167653903267401
859.239,0.10525523869595853
859.356,0.09476807666743975
859.474,0.08883577778894731
859.592,0.08924545159455555
859.709,0.08693676972474396
859.827,0.08578602006149041
859.944,0.07697208085456284
860.062,0.0700425936507886
860.18,0.06671900326925016
860.297,0.06165540515550795
860.415,0.04921941294137645
860.532,0.05041286645855125
860.65,0.05867393867536669
860.768,0.06818871731687765
860.885,0.08215125753431987
861.003,0.09812101434537986
861.12,0.10327290983676135
861.238,0.11037071597606579
861.356,0.1079119349418733
861.473,0.11082322550323251
861.591,0.11437094682627964
861.708,0.11932353411610125
861.826,0.13684035638906084
861.943,0.14086543001909807
862.061,0.14572234543304613
862.178,0.1493858800795193
862.296,0.1470241006907156
862.414,0.1384849393376149
862.531,0.13069403276108293
862.649,0.11525374474254467
862.766,0.12048271900074718
862.884,0.10906285999264928
863.001,0.11538889913458726
863.119,0.12384053530268951
863.236,0.13202355893003176
863.354,0.13249350249766095
863.471,0.1358165909096255
863.589,0.13147418472154215
863.706,0.1369930312550754
863.824,0.13457514038061646
863.941,0.1483409026144477
864.059,0.1562958572294344
864.176,0.15885290390039905
864.294,0.16654601969720567
864.411,0.17931981563908528
864.529,0.19099590268936334
864.646,0.19288223915683572
864.764,0.19803652548967204
864.881,0.19946867231483945
864.999,0.18590551143730366
865.116,0.17746432067232312
865.233,0.1790465212817552
865.351,0.18960274384812398
865.468,0.20755289181094988
865.586,0.22523515852132994
865.703,0.25177059850333267
865.821,0.27280037379690836
865.938,0.2879206483786332
866.056,0.2972432072824224
866.173,0.2943006316992256
866.29,0.29565926224082706
866.408,0.29006808630450015
866.525,0.29016384808457096
866.643,0.28738844651605844
866.76,0.29057894171254334
866.878,0.29795482971040066
866.995,0.29673434789292724
867.112,0.3011353440873067
867.23,0.3060620320628018
867.347,0.30684562427678447
867.465,0.3125739418648618
867.582,0.30969279769669944
867.699,0.3069214244176971
867.817,0.30770400955930177
867.934,0.3076205124561567
868.051,0.3225272876938266
868.169,0.3299625929619632
868.286,0.34222781735314656
868.404,0.34713939924297743
868.521,0.35933815685723813
868.638,0.362343350736242
868.756,0.37457232052183126
868.873,0.3908336081073952
868.99,0.4158685102467501
869.108,0.4381500765057024
869.225,0.4586843721894909
869.342,0.47767079762888337
869.46,0.523133155875802
869.577,0.5584653730762809
869.694,0.5940654715292057
869.812,0.6216341677706425
869.929,0.6452823312460202
870.046,0.6743999048042306
870.164,0.6835593179828463
870.281,0.6921396645443325
870.398,0.7091381291103116
870.516,0.7021179174701475
870.633,0.6825505910772649
870.75,0.6528601731445858
870.867,0.6165925655136963
870.985,0.5914450510764432
871.102,0.5576246293231606
871.219,0.5365597863047631
871.337,0.5197649301674578
871.454,0.5052218878665022
871.571,0.49124985560365475
871.688,0.4766594809009512
871.806,0.45054819819832004
871.923,0.42070772648137644
872.04,0.38854494586165034
872.157,0.36420208225411294
872.275,0.33807770761057293
872.392,0.31779838104671654
872.509,0.30209015600485956
872.626,0.2883225594346687
872.744,0.2717210611938663
872.861,0.2597379968768111
872.978,0.23768521585597308
873.095,0.22279976894662876
873.213,0.2120080712522938
873.33,0.19612965097862012
873.447,0.17798632492768784
873.564,0.1622851493924743
873.681,0.14528686463489132
873.799,0.13645694393215207
873.916,0.11378135627031188
874.033,0.10345175949342394
874.15,0.10549989178761746
874.267,0.09330485850558964
874.385,0.08456614941972473
874.502,0.08947213165218075
874.619,0.08502115034891684
874.736,0.0834087748098593
874.853,0.07691750067677768
874.97,0.0732504725371352
875.088,0.07819794889662167
875.205,0.07444131975908391
875.322,0.07229852513046667
875.439,0.07397619124709968
875.556,0.06911201958669297
875.673,0.0677744146569242
875.791,0.06640235820241043
875.908,0.07071041056646232
876.025,0.07627596022835502
876.142,0.0865521569794524
876.259,0.08270881474898006
876.376,0.08095203091689757
876.493,0.07398364761600738
876.61,0.06781570507126228
876.728,0.07018568391550062
876.845,0.07331414231919105
876.962,0.07395919452170471
877.079,0.08088781747485849
877.196,0.07883263897731574
877.313,0.07610971539802455
877.43,0.0723124268581997
877.547,0.06854732309210718
877.664,0.07478064776132509
877.781,0.07541645412907189
877.898,0.08501152974863523
878.016,0.090523844654432
878.133,0.10031959706275902
878.25,0.10426162684925207
878.367,0.10254306741596708
878.484,0.09416844874822428
878.601,0.09000969110496
878.718,0.08239617747625837
878.835,0.0744681540785797
878.952,0.0709404837353207
879.069,0.07477279993087114
879.186,0.06834314646647255
879.303,0.06887066460511465
879.42,0.06927361013051166
879.537,0.06969143715460932
879.654,0.06888970201414946
879.771,0.0679635144477635
879.888,0.0687055472667814
880.005,0.06471070930922507
880.122,0.05834258098676938
880.239,0.04960116229941445
880.356,0.03848645324716024
