wavelength_nm,intensity
792.446,0.25071691074550884
792.565,0.2853791049808926
792.684,0.3081602698937653
792.803,0.31906040548412695
792.922,0.31807951175197724
793.041,0.29559762984696725
793.16,0.2792141280637399
793.279,0.2427285158715357
793.398,0.2146060349251786
793.518,0.19919560548880666
793.637,0.1994601523443348
793.756,0.20716651726624052
793.875,0.230341972014222
793.994,0.24814827579870286
794.113,0.2849973523663283
794.232,0.29952557554969983
794.351,0.30223430530956363
794.47,0.30456461804565016
794.589,0.2843440366535456
794.708,0.26693340294863743
794.827,0.24115733759044272
794.946,0.22249068142363587
795.066,0.20945887327957755
795.185,0.2102065056973743
795.304,0.2207044150469612
795.423,0.2283751236535564
795.542,0.23062147151810597
795.661,0.22987728971146826
795.78,0.21801638895405173
795.899,0.22543175233487645
796.018,0.21039053829252424
796.137,0.2083960850425862
796.256,0.21383999924786667
796.375,0.2164969698403446
796.494,0.20445548709893724
796.613,0.19907138348708048
796.732,0.18924174249863193
796.851,0.1959025722393417
796.97,0.1818815888963523
797.089,0.1682160185027462
797.208,0.16968252824534769
797.327,0.17897042328182355
797.446,0.17890716207724078
797.565,0.1958910702021449
797.684,0.21278296202947417
797.803,0.2414816950393946
797.922,0.2589440879116887
798.041,0.25299063345858663
798.16,0.25253515278559036
798.279,0.2394458344555478
798.398,0.21909988085799725
798.517,0.20280724516862528
798.636,0.19158585767935504
798.755,0.19489154316973661
798.874,0.20091170943858044
798.993,0.19906103165360337
799.112,0.20779912931206862
799.231,0.2174090813900569
799.35,0.22332342891668955
799.469,0.22961159265222064
799.588,0.23148872512275054
799.707,0.22177295430255092
799.826,0.21098404341188298
799.945,0.19417036543749247
800.064,0.1766412607494564
800.183,0.17857245279481163
800.302,0.1756359826984497
800.421,0.18280175187210224
800.54,0.18851711415522898
800.659,0.17999410459234527
800.778,0.17707028673689978
800.897,0.18198970804600278
801.016,0.18547942613153437
801.135,0.19640521126484506
801.254,0.2043853246720363
801.373,0.21814176115949765
801.492,0.21655678043376844
801.611,0.21687193625296275
801.729,0.21829703866165542
801.848,0.22666477072238134
801.967,0.23310706175635057
802.086,0.23825307319823208
802.205,0.24368088455143702
802.324,0.23655307210053414
802.443,0.2095393875399557
802.562,0.1854239157998589
802.681,0.15253338143413675
802.8,0.11730479338171254
802.919,0.09713265003997221
803.038,0.08832831998564464
803.157,0.0864822096710841
803.276,0.09362953978460863
803.394,0.09184890126320724
803.513,0.0940836872154722
803.632,0.07949377208993352
803.751,0.07227293563725468
803.87,0.06621735475853247
803.989,0.05486625141869414
804.108,0.0454410148729005
804.227,0.04603121065575777
804.346,0.03852655042869582
804.465,0.047153348360427
804.583,0.04713048399387185
804.702,0.06365304986505485
804.821,0.0746976325855934
804.94,0.08464540501999415
805.059,0.0821891651870865
805.178,0.08206762536239864
805.297,0.07270857593006712
805.416,0.07603853288026673
805.535,0.07526440535873286
805.653,0.06852544408985758
805.772,0.06056103348506402
805.891,0.05906756728375527
806.01,0.05544733057818855
806.129,0.0722226886429825
806.248,0.08726656927995277
806.367,0.11885394947980452
806.485,0.1467007279171459
806.604,0.1645054716035934
806.723,0.185905924394395
806.842,0.2073356680066359
806.961,0.22747373284166794
807.08,0.25297059680672357
807.198,0.2769975004180186
807.317,0.29294882371338843
807.436,0.2886646129682976
807.555,0.27056070453116254
807.674,0.2552977992816555
807.793,0.23817041380253512
807.912,0.22254289397388743
808.03,0.22639867495302501
808.149,0.23638849236925574
808.268,0.2625881308070413
808.387,0.2891960915653159
808.506,0.32361393558026785
808.624,0.35608333449406926
808.743,0.37703459335892064
808.862,0.3809271808570882
808.981,0.3763922257011061
809.1,0.35460076413865393
809.219,0.3390284540885513
809.337,0.31856202721117877
809.456,0.2993274685175915
809.575,0.28335603777675744
809.694,0.2694595745462395
809.812,0.24825356667710827
809.931,0.2395215181479869
810.05,0.24668528502494552
810.169,0.2574491895445255
810.288,0.2689342717963493
810.406,0.2712660328469008
810.525,0.28283738037770123
810.644,0.2824972181874189
810.763,0.27701679557385384
810.882,0.28404713881932864
811.0,0.2956794471472729
811.119,0.2949769707852892
811.238,0.30805623539259985
811.357,0.30683846776419615
811.475,0.3105297696114183
811.594,0.30695063374649645
811.713,0.31650682436040467
811.832,0.3336497587093711
811.95,0.35843809718309977
812.069,0.372358160709502
812.188,0.4001956892441219
812.307,0.410099241381376
812.425,0.4165705856190828
812.544,0.430886319225058
812.663,0.44800394909219177
812.782,0.4547858483342144
812.9,0.47180801129261407
813.019,0.48877036365758986
813.138,0.511069661281915
813.257,0.5279733532571866
813.375,0.5502036386583304
813.494,0.5766793259888404
813.613,0.5860204285071671
813.731,0.5772676763110912
813.85,0.5680525422197009
813.969,0.5622270584902295
814.088,0.5560967707750408
814.206,0.5470990251866715
814.325,0.5577651623900778
814.444,0.5583854203057343
814.562,0.5500030337073973
814.681,0.5405716613167052
814.8,0.5423283205074124
814.918,0.5275450502090149
815.037,0.5189579273485734
815.156,0.5086834556313504
815.274,0.5078993148052683
815.393,0.4959294428052261
815.512,0.4891504401921333
815.631,0.4782364552067643
815.749,0.48377843483896305
815.868,0.4683257459757077
815.987,0.46660418911808055
816.105,0.46347363270383624
816.224,0.4520317042111307
816.343,0.43904505212288486
816.461,0.44120313241176323
816.58,0.43044442492855234
816.698,0.4176291531945404
816.817,0.40562362487918846
816.936,0.3987146492457714
817.055,0.38705188163888626
817.173,0.37307260374055073
817.292,0.3670987437312395
817.41,0.37344586596722007
817.529,0.3531462186292025
817.648,0.32877254971605213
817.766,0.32208326299309553
817.885,0.3106447851115496
818.004,0.2918415528128453
818.122,0.2874158670102335
818.241,0.2978439120436648
818.359,0.319880963219901
818.478,0.3207243606571769
818.597,0.33029550391944074
818.715,0.33554073099196013
818.834,0.3371826195901131
818.953,0.311856048863552
819.071,0.3070981632122079
819.19,0.3338501196532604
819.308,0.41838396273383344
819.427,0.5634135897368594
819.546,0.7165200763460724
819.664,0.8351207055407617
819.783,0.8956061016246671
819.901,0.8582420207098056
820.02,0.7511149273310017
820.138,0.6132659057894003
820.257,0.49183702908943616
820.376,0.40669448679100795
820.494,0.3444855902923707
820.613,0.299674097357975
820.731,0.2703246471534546
820.85,0.25221958851259807
820.969,0.2335014712891479
821.087,0.23948397894598453
821.206,0.2500373961848588
821.324,0.2599455491369884
821.443,0.2824024246709076
821.561,0.3092553788214719
821.68,0.33165244376196756
821.798,0.35441642368904336
821.917,0.3567757896288646
822.035,0.3480172864141872
822.154,0.32708157641917945
822.273,0.29533740207026915
822.391,0.2697514184365652
822.51,0.26104122377811484
822.628,0.24574381241701485
822.747,0.25355284358071506
822.865,0.2554601794586993
822.984,0.26237090151732356
823.102,0.27443108562898855
823.221,0.2665950457975006
823.339,0.2742683529222777
823.458,0.2776191944684696
823.576,0.27855690861075744
823.695,0.297386041612783
823.813,0.30423465267054456
823.932,0.31728171157370155
824.05,0.3203196977081389
824.169,0.30818879718733866
824.287,0.296987261272046
824.406,0.28083869915837784
824.524,0.2774182914067705
824.643,0.28545736331440874
824.761,0.27995048601528855
824.88,0.28083874139763043
824.998,0.2761128524241781
825.117,0.28734604006138853
825.235,0.28413841999792366
825.354,0.28554656746156437
825.472,0.2966417306524123
825.591,0.30931727375411067
825.709,0.3018354966682875
825.828,0.2958846407333682
825.946,0.28487978965414207
826.064,0.2801700035327652
826.183,0.2601510059023491
826.301,0.24175494572041195
826.42,0.23609739173401278
826.538,0.23413199168781013
826.657,0.23499954340319745
826.775,0.23977778776552172
826.894,0.24808600734356628
827.012,0.24970694249534794
827.13,0.24648436978352578
827.249,0.2311202466066833
827.367,0.22439300316097338
827.486,0.2166156237191888
827.604,0.22117762978221078
827.723,0.2231447762536181
827.841,0.2191653694942414
827.959,0.21948427403533657
828.078,0.2288541316466519
828.196,0.23628474578657427
828.315,0.250713199357075
828.433,0.2724615493996664
828.552,0.30029677752684386
828.67,0.3236381597212026
828.788,0.3242814217112502
828.907,0.3176116884515251
829.025,0.30108355911035894
829.143,0.2718836353893964
829.262,0.23700630610805695
829.38,0.21293744118061986
829.499,0.1839986750210386
829.617,0.158339670550876
829.735,0.13991031701756268
829.854,0.124895761913489
829.972,0.11506915346099009
830.091,0.1068806729752628
830.209,0.10867310290059884
830.327,0.1184180224152199
830.446,0.12676812288367986
830.564,0.14334985060422253
830.682,0.17678739687357034
830.801,0.22247801983118565
830.919,0.2737096994660548
831.037,0.31051012350691615
831.156,0.3424940705565819
831.274,0.3593459374700398
831.392,0.33625122919875405
831.511,0.30672803233813534
831.629,0.272873168269174
831.747,0.24234239295010923
831.866,0.20840586441705017
831.984,0.18736657019284603
832.102,0.18718161961029414
832.221,0.17402169679429086
832.339,0.15090337628891237
832.457,0.1499632216137105
832.576,0.154859291315002
832.694,0.15185912706911017
832.812,0.1443725158249262
832.93,0.15362884597175785
833.049,0.15450131258560876
833.167,0.12583276563984955
833.285,0.11090531177031851
833.404,0.11214890541073137
833.522,0.12095260061505322
833.64,0.12233144576243343
833.759,0.12490750373057599
833.877,0.1414978354276321
833.995,0.14184748324589241
834.113,0.13236038629493374
834.232,0.13947286888793187
834.35,0.15978061127470897
834.468,0.1798335511101972
834.586,0.20781803095373289
834.705,0.2280056636661167
834.823,0.25189540263197374
834.941,0.2544454361649115
835.059,0.25425568443755386
835.178,0.24556247661054734
835.296,0.2332231229921318
835.414,0.20747009359472154
835.532,0.19953717042642818
835.651,0.18841358213972198
835.769,0.18445576302666836
835.887,0.1835091772517565
836.005,0.20432904666820922
836.124,0.22345811661672177
836.242,0.25513245853586486
836.36,0.2576951443097196
836.478,0.27038422363170234
836.596,0.2730488602469653
836.715,0.27116631225362675
836.833,0.27011774144080347
836.951,0.27823432058161646
837.069,0.2986146984969038
837.188,0.3115294307828676
837.306,0.31598589162941726
837.424,0.34419783661383796
837.542,0.3524414215359327
837.66,0.3590430035394989
837.779,0.37066393547923304
837.897,0.38497595224969505
838.015,0.4130398046927396
838.133,0.4176452522727596
838.251,0.43026646957528125
838.369,0.44000872696742543
838.487,0.43920361625003623
838.606,0.43073354794465024
838.724,0.4287977869708086
838.842,0.4320275909020832
838.96,0.4328419670220142
839.078,0.4302781948172234
839.196,0.42637098466783774
839.315,0.4234828550140952
839.433,0.43803871497313196
839.551,0.43835045206755985
839.669,0.443345818708555
839.787,0.4386610708446609
839.905,0.4278905950999006
840.023,0.42040740158600676
840.142,0.4246171790864551
840.26,0.42043046943318546
840.378,0.4193516102305115
840.496,0.41739169497855705
840.614,0.423816764843124
840.732,0.41460251473110166
840.85,0.4107838702681328
840.968,0.40978322491839786
841.087,0.41770125921111906
841.205,0.40440953691280423
841.323,0.3978810124862516
841.441,0.39487441184938155
841.559,0.39989623317592965
841.677,0.3999825303412994
841.795,0.4035113872396936
841.913,0.419568263052923
842.031,0.44054686058269465
842.149,0.44998776460028184
842.267,0.4747194768673934
842.385,0.49903711579541743
842.504,0.5149548169585645
842.622,0.5272102694782272
842.74,0.5313498845517761
842.858,0.5377162940266398
842.976,0.5371320224234326
843.094,0.5316651360301522
843.212,0.5457528630752773
843.33,0.5543265134882209
843.448,0.5592459666837178
843.566,0.558280977649294
843.684,0.5607228920325842
843.802,0.5638503278328082
843.92,0.5647452182131186
844.038,0.5708171755357421
844.156,0.5824112609165848
844.274,0.5867579126596772
844.392,0.5956018609467477
844.51,0.5926136635693939
844.628,0.5965450917696797
844.746,0.6053936408716292
844.864,0.6058963117835269
844.982,0.6077067643247092
845.1,0.6010781721745451
845.218,0.5952409201835258
845.336,0.5690243586870851
845.454,0.5307329585413663
845.572,0.49382410326671144
845.69,0.45101125229890154
845.808,0.4092427863085677
845.926,0.3815666162918441
846.044,0.356926984095095
846.162,0.3520789073030069
846.28,0.326439748073849
846.398,0.3047515386218169
846.516,0.29065007290484285
846.634,0.26615996719165225
846.752,0.2501859698190272
846.87,0.23041860057887317
846.988,0.21372802628888318
847.106,0.21030505190548748
847.224,0.18877442036305303
847.342,0.17802694869268787
847.46,0.17127183413335778
847.578,0.15601935502248193
847.696,0.15500463733670658
847.814,0.14709848745867418
847.932,0.1356168285636829
848.05,0.13093812317207154
848.168,0.11974432155163042
848.285,0.12485445921574014
848.403,0.13181980573664082
848.521,0.14656977476872535
848.639,0.1673982994792345
848.757,0.18732568259047977
848.875,0.195567735781499
848.993,0.21528307107639977
849.111,0.2324587565582305
849.229,0.24849343995013115
849.347,0.2588737218560483
849.465,0.27123695497470623
849.582,0.27841967053989203
849.7,0.2989758047538832
849.818,0.31683816185636665
849.936,0.34800262497703527
850.054,0.3812455062191792
850.172,0.39905150333939854
850.29,0.40982055410257034
850.408,0.41501916825129603
850.525,0.4193286749247034
850.643,0.42307228136802455
850.761,0.42173198737032735
850.879,0.4229037382964276
850.997,0.4298610139325553
851.115,0.4255094865967163
851.233,0.4240978799683983
851.35,0.4243770728080206
851.468,0.418293338670332
851.586,0.4170301083218535
851.704,0.41891268514671987
851.822,0.4210885639201066
851.94,0.4390015299862562
852.057,0.4681784410793044
852.175,0.4996914159270376
852.293,0.5496421564013596
852.411,0.5995917466719616
852.529,0.6625386389750314
852.647,0.7285278201166745
852.764,0.7799508213521963
852.882,0.834293039628285
853.0,0.882732412414938
853.118,0.9109051956606988
853.236,0.9355180983940269
853.353,0.947752508696079
853.471,0.9566156718957273
853.589,0.9527690839928297
853.707,0.9392481326036413
853.824,0.9236407116669401
853.942,0.9021787537970298
854.06,0.8765047499056242
854.178,0.8363611832205511
854.296,0.8064774337150897
854.413,0.7736457120760694
854.531,0.7305162165346877
854.649,0.6957556032577517
854.767,0.6463989047779823
854.884,0.5881292776743554
855.002,0.5311432779218997
855.12,0.46810375599272924
855.238,0.4192669495942588
855.355,0.3707786549228538
855.473,0.3296022052975016
855.591,0.28967372670801006
855.708,0.24676507028080819
855.826,0.19554171135429999
855.944,0.1618964523476586
856.062,0.1316180507160723
856.179,0.11983755782891362
856.297,0.10642089814140304
856.415,0.09886283947885478
856.532,0.08686909036425249
856.65,0.06842399142282309
856.768,0.04493406658466846
856.886,0.030860888596307832
857.003,0.024489921411223387
857.121,0.023913339047390042
857.239,0.024357192435186557
857.356,0.026815707042572245
857.474,0.028067104630635283
857.592,0.027153072341302705
857.709,0.03955339159856886
857.827,0.04721917484231315
857.945,0.062066690902750105
858.062,0.06326224180579293
858.18,0.06987282696029645
858.298,0.074918769029206
858.415,0.08042703822066874
858.533,0.09255829933849417
858.651,0.11335370049329213
858.768,0.12093667513844822
858.886,0.12697502713147985
859.003,0.11853614477940504
859.121,0.10852055670782157
859.239,0.10641770389098149
859.356,0.10481618206423572
859.474,0.10489859758342823
859.592,0.11702702111821668
859.709,0.11526544494820881
859.827,0.10698703865907996
859.944,0.09051141350258535
860.062,0.07714145885623744
860.18,0.0724200072582094
860.297,0.06385103923438167
860.415,0.05237899580372303
860.532,0.05154890392135592
860.65,0.04479088843047628
860.768,0.049698460525850856
860.885,0.05742558271250176
861.003,0.07534464517319547
861.12,0.10025361171189426
861.238,0.11552283741821323
861.356,0.13174073411544712
861.473,0.14238970219542701
861.591,0.15289584294090547
861.708,0.15575887996906107
861.826,0.1612144761813922
861.943,0.1600011912269757
862.061,0.15912951677730658
862.178,0.14998672737936525
862.296,0.14798900348812224
862.414,0.13132402116401445
862.531,0.12341966423779996
862.649,0.11293267675926241
862.766,0.12078253578059304
862.884,0.11813042410548158
863.001,0.12852307161595655
863.119,0.14078322676557925
863.236,0.1444957417392393
863.354,0.1373631252405556
863.471,0.13244695130970974
863.589,0.12929288947742512
863.706,0.13584884744674153
863.824,0.13792361172415574
863.941,0.15106103537752352
864.059,0.1745870990271081
864.176,0.1866939401476361
864.294,0.18946457767546143
864.411,0.18667398021859827
864.529,0.1815174137103383
864.646,0.1830561830543787
864.764,0.18011605911395628
864.881,0.1805471822759375
864.999,0.1826587530723821
865.116,0.19181647185563172
865.233,0.19831606984268368
865.351,0.2067779153755223
865.468,0.2273571570952678
865.586,0.2502391066618275
865.703,0.27530184248091466
865.821,0.2946043580718072
865.938,0.3020425222941246
866.056,0.31659124591154963
866.173,0.306132240255531
866.29,0.28757695061663274
866.408,0.28533730074150054
866.525,0.2831540108486331
866.643,0.28407627099892196
866.76,0.2926761409781243
866.878,0.3049026032855013
866.995,0.31384523397317077
867.112,0.31658251559312667
867.23,0.3079753379258058
867.347,0.31537439522165495
867.465,0.3112587630797137
867.582,0.301747525288719
867.699,0.29722242062256937
867.817,0.2987795932261268
867.934,0.30322262696237984
868.051,0.3256882027824147
868.169,0.33335640774867104
868.286,0.3523046605939017
868.404,0.3555480318505206
868.521,0.3611458701213398
868.638,0.3696169172839382
868.756,0.37555866646694397
868.873,0.3906525866475024
868.99,0.4142488127239901
869.108,0.4268709451109402
869.225,0.44910878059447684
869.342,0.47974540363917084
869.46,0.5218127512501183
869.577,0.5621720463373299
869.694,0.5829433720782651
869.812,0.6143460308002707
869.929,0.63701519267869
870.046,0.6646060762736516
870.164,0.6826330159394123
870.281,0.6912558899930086
870.398,0.6933064999923111
870.516,0.6786124442404042
870.633,0.6518147947462269
870.75,0.626347930955728
870.867,0.6036507577222363
870.985,0.6043257240727928
871.102,0.582754600280875
871.219,0.5661005973906208
871.337,0.5412318395343594
871.454,0.5255003000272946
871.571,0.5079445374208056
871.688,0.46767455175792955
871.806,0.4410885397481745
871.923,0.4214566594276495
872.04,0.38564256297484223
872.157,0.36453612148567793
872.275,0.345452888339444
872.392,0.33323637139974377
872.509,0.3178475926011458
872.626,0.2823567033935709
872.744,0.27328024260861733
872.861,0.2560522880622391
872.978,0.23655153096575887
873.095,0.2280352193922935
873.213,0.22621884448600765
873.33,0.21490523746626283
873.447,0.19129731452545512
873.564,0.1601952898571936
873.681,0.1449241118286377
873.799,0.11405425963026931
873.916,0.10148775198264726
874.033,0.095372338158034
874.15,0.09969720757709584
874.267,0.10053625293522704
874.385,0.09894479277895216
874.502,0.09817751107795054
874.619,0.1020992557244503
874.736,0.09690969172571515
874.853,0.09889464277444944
874.97,0.09129188143967731
875.088,0.08150578079280013
875.205,0.07205826494460307
875.322,0.07103615793806828
875.439,0.06948119365575162
875.556,0.07464006958721443
875.673,0.08425816252398768
875.791,0.08688512718707675
875.908,0.08481948484452212
876.025,0.07909167881332727
876.142,0.08016447484633092
876.259,0.08183325902261955
876.376,0.07788460142385455
876.493,0.07326273963117172
876.61,0.07972125098900482
876.728,0.07881137683636355
876.845,0.07875172293668543
876.962,0.08202362951509524
877.079,0.09007317944842713
877.196,0.09985982212880201
877.313,0.09326696990309705
877.43,0.09516804363939042
877.547,0.09665321641312219
877.664,0.0954812917525956
877.781,0.08621894483522216
877.898,0.09342979860653533
878.016,0.0903205900482244
878.133,0.10239480470391837
878.25,0.10679197593470177
878.367,0.10428606363559506
878.484,0.10269005357473188
878.601,0.09702734826698167
878.718,0.08461596433656772
878.835,0.0849069719170408
878.952,0.07712521197194142
879.069,0.0941923731083957
879.186,0.09342983992609798
879.303,0.09511295705459066
879.42,0.10231438434980704
879.537,0.09632648202555241
879.654,0.08911711252533626
879.771,0.08451995715892759
879.888,0.06717448661402053
880.005,0.06113093620050087
880.122,0.05673030706015581
880.239,0.053972599192985436
880.356,0.05285781259898973
