wavelength_nm,intensity
792.446,0.22152829683402553
792.565,0.2705090130309758
792.684,0.3042672131128872
792.803,0.32280289707975957
792.922,0.32611606493159284
793.041,0.2980639970068445
793.16,0.27097010363245333
793.279,0.2388737282660532
793.398,0.2199890868184574
793.518,0.20631458129019253
793.637,0.2052120378189353
793.756,0.20280325226200027
793.875,0.21344304396668812
793.994,0.22718775629895233
794.113,0.26213788992369175
794.232,0.29179779254284743
794.351,0.30869983339863105
794.47,0.3059113378031646
794.589,0.2878879657398423
794.708,0.25657869764081487
794.827,0.22854442862412266
794.946,0.20206459757766934
795.066,0.19892407913398086
795.185,0.20172345183992613
795.304,0.20804700834099304
795.423,0.21168787386670507
795.542,0.2190121245318187
795.661,0.2241273329415167
795.78,0.21920791252043653
795.899,0.21556210285359795
796.018,0.203485543737487
796.137,0.20048148358889564
796.256,0.20045082991391006
796.375,0.20009682940923734
796.494,0.19705618261630836
796.613,0.19440711180061515
796.732,0.17620476182850583
796.851,0.17200421952724987
796.97,0.16309388838868638
797.089,0.15914154197199143
797.208,0.1620061773408094
797.327,0.17737553444731172
797.446,0.1814475290792732
797.565,0.18901305383137057
797.684,0.19387512221538084
797.803,0.20872040036245143
797.922,0.22061798156977533
798.041,0.22627902315986254
798.16,0.22760603063827248
798.279,0.22378618720377344
798.398,0.20737757163243595
798.517,0.19347959092524364
798.636,0.18433490749727396
798.755,0.17678025985565535
798.874,0.17779479761485692
798.993,0.18224650228535
799.112,0.18193996553549377
799.231,0.1945762014271487
799.35,0.19980413625453589
799.469,0.21094229738479658
799.588,0.21402249730673928
799.707,0.21635909840322415
799.826,0.21521897945940394
799.945,0.20901408234537824
800.064,0.19610789634820475
800.183,0.1994353033264831
800.302,0.19335104325594926
800.421,0.1995035324740318
800.54,0.19272907030220868
800.659,0.19008988776876878
800.778,0.19796491575539837
800.897,0.1987510341945458
801.016,0.1965528690496089
801.135,0.20750908578640653
801.254,0.20777409175079842
801.373,0.21394734636161322
801.492,0.20288928031760534
801.611,0.20146141236021042
801.729,0.20757731493395537
801.848,0.21061598407043364
801.967,0.22102834528329268
802.086,0.23832591742921333
802.205,0.24446950719326777
802.324,0.24655791240519168
802.443,0.22260255981803834
802.562,0.19607032087564183
802.681,0.17339945615320862
802.8,0.1473552550067952
802.919,0.12476359100273073
803.038,0.11778651615038424
803.157,0.10761484310768307
803.276,0.08879762531469286
803.394,0.07270587046401529
803.513,0.061509745344044936
803.632,0.05694934618664717
803.751,0.04182490354895395
803.87,0.03386103489822746
803.989,0.03919094590888169
804.108,0.03769441478862448
804.227,0.040728607039962214
804.346,0.05047270552790512
804.465,0.054181912087767285
804.583,0.05309460504803073
804.702,0.05514218090337128
804.821,0.05836784208892015
804.94,0.059918954027979976
805.059,0.0577283558215891
805.178,0.06544363836417919
805.297,0.062680556881159
805.416,0.06601900139780492
805.535,0.07089108611771999
805.653,0.07543669267059433
805.772,0.08003502089573891
805.891,0.07354936817602863
806.01,0.06738928994757416
806.129,0.07572642950733827
806.248,0.08967359438407915
806.367,0.11367743298283897
806.485,0.13749839548125384
806.604,0.16912399784726648
806.723,0.1963220746591411
806.842,0.21546982417851374
806.961,0.2398108995373864
807.08,0.2601788630868319
807.198,0.27642539059304855
807.317,0.28088409682495413
807.436,0.28365289561974893
807.555,0.2822399398495694
807.674,0.2696581692741436
807.793,0.25959988832979236
807.912,0.25168044283685753
808.03,0.25110601340176864
808.149,0.25919569687713256
808.268,0.2838719850043955
808.387,0.30973783348674555
808.506,0.3263887917371264
808.624,0.3535648376180554
808.743,0.3681333236258644
808.862,0.3763703425068037
808.981,0.3717812704768224
809.1,0.3613155923036292
809.219,0.3483096144195305
809.337,0.32955557806151436
809.456,0.30645564165311684
809.575,0.2946856990506965
809.694,0.2777174864676495
809.812,0.2625756396168105
809.931,0.250657372780589
810.05,0.25110440290227876
810.169,0.2606170101939109
810.288,0.2784110538727884
810.406,0.2907764305945342
810.525,0.29024946491426096
810.644,0.2876706806664012
810.763,0.2877024029334464
810.882,0.30302536487719156
811.0,0.31451958393241
811.119,0.3250210194493842
811.238,0.34036672444231275
811.357,0.34163349316281133
811.475,0.3310254237251688
811.594,0.3267330001627904
811.713,0.3404332949887483
811.832,0.36049175530365984
811.95,0.37805045786490504
812.069,0.3820473813155742
812.188,0.4059820482738291
812.307,0.4168414396083768
812.425,0.4311192101179341
812.544,0.43903189334096016
812.663,0.4551182306746693
812.782,0.4701850861080501
812.9,0.48174061251323885
813.019,0.4982373135604653
813.138,0.524393877541065
813.257,0.5465437095525763
813.375,0.5795380207114212
813.494,0.5912754915100733
813.613,0.604745389359526
813.731,0.6048710503079782
813.85,0.5992486527825129
813.969,0.5996116325050476
814.088,0.5873185997714201
814.206,0.5772079109311244
814.325,0.5709585963107922
814.444,0.5557386320301502
814.562,0.5488752550818798
814.681,0.5488763236739389
814.8,0.5532460353655622
814.918,0.5478293141109685
815.037,0.5480479249126027
815.156,0.5478443060620157
815.274,0.5398022458691364
815.393,0.530266066227764
815.512,0.5173174403807339
815.631,0.5063257055916569
815.749,0.4886791568460234
815.868,0.47560593864260026
815.987,0.4733663224760321
816.105,0.47582166272339155
816.224,0.48072237517202343
816.343,0.48450472289779306
816.461,0.48032799223777906
816.58,0.45801021895562705
816.698,0.4363994578545952
816.817,0.4231096862698226
816.936,0.40045076724992734
817.055,0.38809543833810356
817.173,0.3764777752823856
817.292,0.36096215136236653
817.41,0.35420853434710986
817.529,0.33233771142281326
817.648,0.3271414988624716
817.766,0.32272646060015087
817.885,0.31729985106330455
818.004,0.3201299572080703
818.122,0.3110743480842163
818.241,0.3069707907128789
818.359,0.3061768414117637
818.478,0.3034853307462157
818.597,0.31842462733852894
818.715,0.32558678993852136
818.834,0.33930884986232407
818.953,0.3295416019402022
819.071,0.32709488202497006
819.19,0.3531618997231373
819.308,0.43273315926305933
819.427,0.5800985493556587
819.546,0.7353799256337876
819.664,0.8545934645460824
819.783,0.906711974915698
819.901,0.8524713139085744
820.02,0.7432464495593888
820.138,0.59399840583824
820.257,0.4776835704292022
820.376,0.40107434121539487
820.494,0.3433409969463594
820.613,0.3099319488680283
820.731,0.2869279287974898
820.85,0.26465761927015574
820.969,0.2613441356508677
821.087,0.26088737677459517
821.206,0.27115050468926327
821.324,0.2785826173947751
821.443,0.2948073906800345
821.561,0.32156417339341936
821.68,0.34499157147207504
821.798,0.3563859188765351
821.917,0.3651796480483438
822.035,0.3539644380803421
822.154,0.3267628421932244
822.273,0.29383296439669604
822.391,0.2686673658255587
822.51,0.2610870884139168
822.628,0.25131161234201377
822.747,0.2508172779931777
822.865,0.25560724168057325
822.984,0.25819310725367967
823.102,0.2572419342647352
823.221,0.2551634970988999
823.339,0.258908269352108
823.458,0.2606032006941805
823.576,0.26321378697292064
823.695,0.2713311576385944
823.813,0.27257716096636153
823.932,0.281555801016309
824.05,0.2810001593175018
824.169,0.28469153484654175
824.287,0.28281679629512735
824.406,0.27275653769432595
824.524,0.27951525837837937
824.643,0.2737316818521853
824.761,0.2703687568216303
824.88,0.270781177955434
824.998,0.26600027324973746
825.117,0.2674410757378973
825.235,0.2666906348786977
825.354,0.26850620326426244
825.472,0.2804068307200978
825.591,0.2834208589147778
825.709,0.29215723604951627
825.828,0.2892026970760274
825.946,0.2690791336259127
826.064,0.26070087183641905
826.183,0.24740220079762004
826.301,0.24532574128823598
826.42,0.2448670047555128
826.538,0.24603390182525323
826.657,0.25254343779652044
826.775,0.2512867168859457
826.894,0.24377466862185276
827.012,0.2533149631037954
827.13,0.23832836228433657
827.249,0.23872693982298554
827.367,0.23018749903276137
827.486,0.2173377560082682
827.604,0.21023310497301645
827.723,0.20497261857802884
827.841,0.20389784206091716
827.959,0.21076928916265997
828.078,0.20801548231891653
828.196,0.2258915987404989
828.315,0.24891753255966614
828.433,0.2731814793169623
828.552,0.30624401962335823
828.67,0.33051785466290773
828.788,0.3351159856745875
828.907,0.33095210978150535
829.025,0.3035883460654317
829.143,0.28070496303838616
829.262,0.2449454190932039
829.38,0.20649878851046882
829.499,0.17800550965754008
829.617,0.14758775196982052
829.735,0.12444431473648487
829.854,0.10973406540996002
829.972,0.10267119050711623
830.091,0.11283979318793932
830.209,0.11326658482728418
830.327,0.11857100671810794
830.446,0.13542695716212844
830.564,0.14892109465296752
830.682,0.18215997973288797
830.801,0.20872041683423798
830.919,0.23220459786021552
831.037,0.2567206973353344
831.156,0.2667012243222625
831.274,0.2668616982033118
831.392,0.25203845798574254
831.511,0.22781245017338925
831.629,0.21219913620377145
831.747,0.18583231528355154
831.866,0.16667009681317904
831.984,0.15617555948610565
832.102,0.15654355826779245
832.221,0.15150448481641987
832.339,0.1506970581738322
832.457,0.15880308502350926
832.576,0.16053605840163793
832.694,0.1703584520391203
832.812,0.16684562951467882
832.93,0.16053795706321985
833.049,0.15453761301723629
833.167,0.13315826716458817
833.285,0.12298646666801874
833.404,0.12188384121887119
833.522,0.12034849468081943
833.64,0.13399504580770155
833.759,0.13183382127597407
833.877,0.13898609521762784
833.995,0.14796849480154428
834.113,0.15971319993917504
834.232,0.1705867677361239
834.35,0.19148379723635783
834.468,0.20289335980670947
834.586,0.2237987111285015
834.705,0.23903895859209395
834.823,0.25552315196316755
834.941,0.25954316555379575
835.059,0.2583075571267275
835.178,0.24421619294197816
835.296,0.22314172382985847
835.414,0.20191695282748665
835.532,0.18782855512741348
835.651,0.1836729369509083
835.769,0.18680597162340468
835.887,0.18730773438826417
836.005,0.19751187970018688
836.124,0.21396443056805045
836.242,0.22032697822451658
836.36,0.23946320889596
836.478,0.2466771376544457
836.596,0.261137199648243
836.715,0.2764427097747082
836.833,0.2787639164741979
836.951,0.29096450597308743
837.069,0.31648757815201994
837.188,0.3250809222848594
837.306,0.3438898508137145
837.424,0.352899491629423
837.542,0.36821884535104366
837.66,0.3869150474622097
837.779,0.39171821300731025
837.897,0.40015136696764436
838.015,0.4145590210654993
838.133,0.4097715416530008
838.251,0.40891959857736654
838.369,0.41538597319749404
838.487,0.42347600376363437
838.606,0.43924131901488506
838.724,0.4528252792010298
838.842,0.4528088959758103
838.96,0.44898057994189455
839.078,0.4428245622655221
839.196,0.43558182236949805
839.315,0.4401872222695309
839.433,0.43476590396458853
839.551,0.42835377977785283
839.669,0.4252087440476494
839.787,0.41933948655662684
839.905,0.42170716818270937
840.023,0.42893592936457703
840.142,0.43982829912133964
840.26,0.44027963164670836
840.378,0.4334067135069633
840.496,0.4327268265425401
840.614,0.42698512789258736
840.732,0.42315780068689834
840.85,0.4208216264450262
840.968,0.4135511993586937
841.087,0.41976937809426174
841.205,0.4142303892305045
841.323,0.4096881392178928
841.441,0.41360037053196164
841.559,0.40809203534319016
841.677,0.4079866575776916
841.795,0.40634760723468655
841.913,0.42229684453585303
842.031,0.44902134300857965
842.149,0.4694163520108874
842.267,0.4860310707077099
842.385,0.5115294221810114
842.504,0.5223861941216629
842.622,0.5325260655989408
842.74,0.5362098775929561
842.858,0.5460817766211663
842.976,0.5447927714699328
843.094,0.5460084682134927
843.212,0.5414761064831349
843.33,0.5460172325485224
843.448,0.553094703011914
843.566,0.5586315791002215
843.684,0.5591382860062105
843.802,0.563898931937624
843.92,0.5656584842051224
844.038,0.5780568393490836
844.156,0.5767005938785271
844.274,0.5783098442557737
844.392,0.5909059650448034
844.51,0.5923659023600234
844.628,0.5961110217040102
844.746,0.6079823314038635
844.864,0.604877837630901
844.982,0.6127888902882566
845.1,0.6039818241397423
845.218,0.5854397441127288
845.336,0.5556487541942161
845.454,0.5261504574304048
845.572,0.49501960526655253
845.69,0.4584185553601044
845.808,0.41188868124298983
845.926,0.38709720683181026
846.044,0.3668049008459402
846.162,0.3467884779349407
846.28,0.31779052825315296
846.398,0.3042113770891346
846.516,0.293943811651789
846.634,0.26833556512647605
846.752,0.2425117540480385
846.87,0.22040593709688963
846.988,0.21321560509681076
847.106,0.19844689357770515
847.224,0.18040120531981368
847.342,0.17336611935111385
847.46,0.1684471257846475
847.578,0.16064965325420846
847.696,0.14541625842948308
847.814,0.1341094565140663
847.932,0.1329089216086692
848.05,0.12872760629756186
848.168,0.13183814878664865
848.285,0.13205477132870413
848.403,0.12951838370303942
848.521,0.1371219697527141
848.639,0.14317045593914368
848.757,0.16333000746845944
848.875,0.18294102030763792
848.993,0.20960492907616307
849.111,0.22908246819573957
849.229,0.24258337309619324
849.347,0.250533985167798
849.465,0.26623799935431514
849.582,0.281597901318413
849.7,0.3030173426474113
849.818,0.31919302789741677
849.936,0.33783682839787776
850.054,0.348584835518977
850.172,0.3726563141483442
850.29,0.39195274127753144
850.408,0.4068004302209017
850.525,0.41620857509666137
850.643,0.4223842405037756
850.761,0.41452645573682534
850.879,0.4016434459286832
850.997,0.3937906053028595
851.115,0.397694932276361
851.233,0.3976864659621811
851.35,0.40266466038840476
851.468,0.4006587610590326
851.586,0.39856287836115434
851.704,0.3947830211955174
851.822,0.4001616910530049
851.94,0.418022339598994
852.057,0.4488989340751695
852.175,0.486890147632686
852.293,0.5442653608915965
852.411,0.5946821899287702
852.529,0.65603644796646
852.647,0.7159855810959377
852.764,0.7768236707999984
852.882,0.8260746713594929
853.0,0.8669700734148411
853.118,0.8934483599446923
853.236,0.9163312670471975
853.353,0.9270169779901001
853.471,0.93705995058653
853.589,0.9365303717975948
853.707,0.9299659743493927
853.824,0.9122970359305916
853.942,0.8861904262649407
854.06,0.8572824662368939
854.178,0.8130021826176688
854.296,0.7767047092616355
854.413,0.7412198054997774
854.531,0.7044909558304382
854.649,0.6639111146375014
854.767,0.6246498758830592
854.884,0.5783180209033039
855.002,0.5259557969912957
855.12,0.46300173954352886
855.238,0.40920373704832336
855.355,0.3538844223284283
855.473,0.3060376825074486
855.591,0.2643253857894391
855.708,0.23235601357573182
855.826,0.19560348740563016
855.944,0.16494754474111561
856.062,0.13878411492743617
856.179,0.11298391284182532
856.297,0.08802502298633812
856.415,0.06930897704118477
856.532,0.05936633576668202
856.65,0.04489975642859814
856.768,0.03995251885587625
856.886,0.0354563933832342
857.003,0.03498835518766596
857.121,0.03039615246220089
857.239,0.02587135275058781
857.356,0.024678907081409907
857.474,0.02117443074389221
857.592,0.025779206101355888
857.709,0.05172757581117696
857.827,0.053460649497302934
857.945,0.061870535096355886
858.062,0.05884724744653846
858.18,0.05167048095352544
858.298,0.05103462534377467
858.415,0.04790404413502326
858.533,0.0668567772526635
858.651,0.09395533749931981
858.768,0.09871263974849126
858.886,0.11237710172158638
859.003,0.11712811460886124
859.121,0.11848782804336638
859.239,0.11287268906529532
859.356,0.10438383145138477
859.474,0.09910062913251443
859.592,0.09287508047239071
859.709,0.08354730342738287
859.827,0.07605271028848756
859.944,0.07287109139752973
860.062,0.07612080094894805
860.18,0.06627275037864569
860.297,0.066808877279528
860.415,0.06699364807394562
860.532,0.06820564372896565
860.65,0.06765753120612394
860.768,0.059506728654615246
860.885,0.0635134490178353
861.003,0.07234827816632809
861.12,0.07835715554856
861.238,0.09220214121087003
861.356,0.09577015809745261
861.473,0.10829223637767524
861.591,0.12248675042640189
861.708,0.130792299419125
861.826,0.14440192301258642
861.943,0.1509493354206499
862.061,0.1547913138041756
862.178,0.1514771423208958
862.296,0.13442518030292944
862.414,0.1250712460192564
862.531,0.12234048318892923
862.649,0.120270257613131
862.766,0.1220584397726201
862.884,0.12051822612560534
863.001,0.1233842310507178
863.119,0.12702943261740013
863.236,0.13314373826276318
863.354,0.13352481785758893
863.471,0.13478101043184287
863.589,0.14132545635522997
863.706,0.13643311502430283
863.824,0.13694471994487378
863.941,0.13218290393969198
864.059,0.14082366570080568
864.176,0.15296586820785807
864.294,0.1734607027343806
864.411,0.18372413161328172
864.529,0.1915253782110793
864.646,0.18789577052391462
864.764,0.1814905220082128
864.881,0.17022913807785278
864.999,0.16838535416565703
865.116,0.16456193614632522
865.233,0.18154445281643017
865.351,0.19391111933063532
865.468,0.20775707286995326
865.586,0.23033240198259716
865.703,0.24851337846181792
865.821,0.2713418476001497
865.938,0.2957287100216217
866.056,0.3057894291143281
866.173,0.30609239127935217
866.29,0.29603045598633365
866.408,0.28418269691834613
866.525,0.28106332459545913
866.643,0.2775088678534212
866.76,0.2735331702873871
866.878,0.2884094828375125
866.995,0.2925490985168664
867.112,0.29169612048646465
867.23,0.2954451490168081
867.347,0.303381865081478
867.465,0.3051304941119531
867.582,0.3065201784966287
867.699,0.296394958197188
867.817,0.30241136984824224
867.934,0.3042410827931953
868.051,0.31605005018830723
868.169,0.3316709503921154
868.286,0.34653341934708587
868.404,0.34339031514679036
868.521,0.3546742147542456
868.638,0.35809692997022613
868.756,0.3692898573809499
868.873,0.38665208408958696
868.99,0.40861730618719444
869.108,0.4357429600831669
869.225,0.4557847637029364
869.342,0.46545796935271916
869.46,0.4882363398059504
869.577,0.5042800890040315
869.694,0.528898255531719
869.812,0.5633179752166632
869.929,0.5972682892822289
870.046,0.6424114378181083
870.164,0.6705580251294083
870.281,0.686025586854232
870.398,0.6932066381776649
870.516,0.683037909436309
870.633,0.6701874785478232
870.75,0.6421842439341854
870.867,0.6152519102885934
870.985,0.5992016312628983
871.102,0.5801571803708652
871.219,0.559727381135127
871.337,0.5453630542336414
871.454,0.5314239234690532
871.571,0.5098727930257766
871.688,0.47166485112660167
871.806,0.44167506060825035
871.923,0.41245655610566634
872.04,0.3911259343566411
872.157,0.3722258523855083
872.275,0.36011407618135355
872.392,0.3476008357177094
872.509,0.3248888209378803
872.626,0.30042855785564526
872.744,0.27739715155903055
872.861,0.2504450413489321
872.978,0.2274195680216696
873.095,0.21623729034933725
873.213,0.20719978109777332
873.33,0.193236918455777
873.447,0.17907431251226139
873.564,0.16972235588503787
873.681,0.15634982369357062
873.799,0.13702948972666665
873.916,0.11560492929623349
874.033,0.10441570926491593
874.15,0.0919036742685361
874.267,0.08265724857362947
874.385,0.0786331216808932
874.502,0.08477599591839356
874.619,0.09093392788238576
874.736,0.09099686913799168
874.853,0.09026612226509187
874.97,0.08155342123163603
875.088,0.07652587101072858
875.205,0.07544328284589362
875.322,0.07277225278364544
875.439,0.08043070793588603
875.556,0.07887834314949818
875.673,0.07595168866351769
875.791,0.07477801947602303
875.908,0.06491121612107098
876.025,0.06493213002163281
876.142,0.061626833519750734
876.259,0.053571913637964874
876.376,0.04992587749563494
876.493,0.0394391570019226
876.61,0.043253665595937046
876.728,0.05289107402756856
876.845,0.06275938851904948
876.962,0.07904408424457102
877.079,0.0858142881261626
877.196,0.08955153794576823
877.313,0.08754312074160611
877.43,0.07936487169477904
877.547,0.07444728321907337
877.664,0.06976821163915398
877.781,0.06788430354337498
877.898,0.07124412309782702
878.016,0.07289020024343906
878.133,0.08807263672200269
878.25,0.09223800161521375
878.367,0.09102492356568145
878.484,0.08550303617362723
878.601,0.0802147626783114
878.718,0.07674203897937644
878.835,0.07561998513068216
878.952,0.06759701889095535
879.069,0.08136000317858477
879.186,0.07594553957551241
879.303,0.07820915443861234
879.42,0.07877366916712082
879.537,0.07173333653251335
879.654,0.0698684622624725
879.771,0.06134690849639511
879.888,0.05627936691982298
880.005,0.050689526169189175
880.122,0.04650698412114288
880.239,0.043731740775684175
880.356,0.042363796132813034
