wavelength_nm,intensity
792.446,68.67400691689717
792.565,90.16976449265468
792.684,104.77721038010051
792.803,112.49634457923467
792.922,113.32716709005712
793.041,101.33669089958096
793.16,87.9011930640832
793.279,71.0206735835638
793.398,58.412015574905844
793.518,52.786907349797694
793.637,50.32803289092327
793.756,49.0154787783691
793.875,63.19296795585822
793.994,79.18950475239501
794.113,98.00941817230837
794.232,107.64318440607458
794.351,116.86050042339058
794.47,115.6033575662477
794.589,107.59556535845549
794.708,88.82067358356366
794.827,77.6873402502303
794.946,65.66396362685366
795.066,56.46223202512207
795.185,50.08474284763294
795.304,52.632794795684916
795.423,51.06915843204857
795.542,49.43452633460433
795.661,44.47521895435955
795.78,47.08090859862017
795.899,43.633271891600245
796.018,43.11597715441762
796.137,42.89360799331996
796.256,52.859721433167294
796.375,58.011519396419416
796.494,55.15584369730759
796.613,52.52999758526146
796.732,50.99757476638183
796.851,42.654520072313126
796.97,37.61648146715851
797.089,32.34609181792831
797.208,41.487220712519225
797.327,59.44332325263885
797.446,79.43367528117547
797.565,117.9227286084133
797.684,152.7632970871664
797.803,184.29564045769436
797.922,196.68426088449962
798.041,192.49625793468164
798.16,173.35587403248292
798.279,142.6570485718427
798.398,100.89328804626763
798.517,77.59965739082246
798.636,50.163236943625684
798.755,39.48174995067028
798.874,37.23699625680617
798.993,42.693139143026315
799.112,44.479029439926904
799.231,44.281027531588805
799.35,38.56926975618934
799.469,35.60314390430869
799.588,31.027956478884924
799.707,30.285481688214677
799.826,41.43239021818809
799.945,38.288458052945174
800.064,33.58525612419446
800.183,28.856609117158097
800.302,27.6803659386495
800.421,27.94279659161579
800.54,31.694268035064482
800.659,29.95653468910079
800.778,38.11995249990099
800.897,37.7568749236007
801.016,39.40536380762278
801.135,40.714088367929946
801.254,42.86916893871661
801.373,47.53805743165684
801.492,47.341661744359996
801.611,46.70769449192102
801.729,50.805328971083796
801.848,56.68651323379636
801.967,55.22916935798057
802.086,54.760570070909324
802.205,46.63167577854061
802.324,38.874516252872866
802.443,27.749336938198894
802.562,20.136585750474463
802.681,15.678441867249
802.8,7.339560751942478
802.919,-4.438500166737773
803.038,-10.27109025261836
803.157,-18.48258232466342
803.276,-28.20746650927039
803.394,-35.44836681972423
803.513,-36.30581510405189
803.632,-39.818771184139706
803.751,-44.01829310136313
803.87,-40.996752392108185
803.989,-31.352915112586246
804.108,-23.56828643101514
804.227,-19.838756456305184
804.346,-22.930410619319588
804.465,-15.946076500134078
804.583,-13.069084664201066
804.702,-0.1980831847881297
804.821,18.414869311231556
804.94,28.55438865601286
805.059,33.82716890846819
805.178,29.479479586822347
805.297,14.131829971321181
805.416,7.940341841343139
805.535,3.7041087588315156
805.653,-6.489919102093282
805.772,-6.464310045548009
805.891,-20.01383056172734
806.01,-26.534410578207567
806.129,-28.6254541420817
806.248,-26.780774484119217
806.367,-17.083442467498866
806.485,-5.122267126292304
806.604,1.7597333144326481
806.723,18.234905797188972
806.842,30.148616719146524
806.961,45.08221129714178
807.08,55.538908335436034
807.198,67.30892080014347
807.317,70.04075847922532
807.436,69.33617153687595
807.555,63.57184433478633
807.674,58.06465998983941
807.793,50.96786525528197
807.912,50.21219606185001
808.03,52.5240593359505
808.149,56.19176676589492
808.268,61.95211488847995
808.387,71.68389158249357
808.506,92.23731329815243
808.624,113.92839735147376
808.743,120.97359395890778
808.862,131.2984442459958
808.981,132.7739438837332
809.1,117.95247382450077
809.219,104.9950730293375
809.337,89.04459864110052
809.456,77.80692749980186
809.575,66.51425621407965
809.694,55.955692441928335
809.812,49.303228916672865
809.931,48.35676509198995
810.05,50.13977813757951
810.169,60.93828397812528
810.288,65.6731316655897
810.406,67.97186485107497
810.525,63.13986210582454
810.644,62.636863689578675
810.763,66.77109471056225
810.882,75.15987118609134
811.0,78.92353943651212
811.119,86.35127695100202
811.238,93.23875472523211
811.357,94.22147059470043
811.475,87.26306092304324
811.594,84.97651272324762
811.713,93.44147967496707
811.832,98.34627346651348
811.95,104.32985513684791
812.069,110.22512511887071
812.188,124.81303579353416
812.307,132.6857949530462
812.425,140.1646147186188
812.544,138.85555569631254
812.663,144.15861788612733
812.782,150.18029479455674
812.9,156.93703663805104
813.019,164.39421138197815
813.138,177.74662422114324
813.257,195.9414613027326
813.375,206.2133546613782
813.494,209.4263735611495
813.613,215.82986865139702
813.731,217.19093949922038
813.85,216.8507116457451
813.969,216.99360067538686
814.088,211.39103515957402
814.206,216.44820990350138
814.325,216.2620946041387
814.444,210.51753774633428
814.562,206.33661725216615
814.681,200.398986801288
814.8,200.07867236772586
814.918,191.86138823719403
815.037,183.6778703404284
815.156,178.788724738035
815.274,182.1818302178927
815.393,175.5775331003478
815.512,172.62345243301922
815.631,167.14123323755223
815.749,167.2001395832105
815.868,162.37160004142308
815.987,158.9742293308044
816.105,156.51971576304305
816.224,155.0409597710394
816.343,149.72843754526968
816.461,144.45141315499768
816.58,128.39603378637068
816.698,122.65667173376079
816.817,118.97704994089123
816.936,109.33465758525097
817.055,102.72516566251116
817.173,83.60831443241202
817.292,78.629991340841
817.41,76.1166033142051
817.529,66.43438411873802
817.648,66.9261908972969
817.766,69.67946953732773
817.885,61.9931919795911
818.004,56.728956216037055
818.122,48.51826854270918
818.241,43.64183984562752
818.359,41.231184644902854
818.478,39.84387386211915
818.597,43.65660841340729
818.715,50.94140968563546
818.834,50.99895286974251
818.953,52.17401198056125
819.071,64.99981440439856
819.19,88.65080056000627
819.308,135.63468714851427
819.427,219.19400700501976
819.546,298.03769646386445
819.664,360.10022732868117
819.783,363.4233052067617
819.901,330.1697006608767
820.02,262.4861669377792
820.138,190.61101572578116
820.257,126.42887905951451
820.376,92.55501391301235
820.494,69.55820852809103
820.613,56.72717051374421
820.731,36.58619722543361
820.85,26.414452827172028
820.969,13.454762280043159
821.087,13.047628483310904
821.206,12.381071658371432
821.324,14.708481664842992
821.443,31.295472705552772
821.561,49.31824980708285
821.68,66.73206171450826
821.798,79.5150298732828
821.917,83.79133212914692
822.035,77.65119395956276
822.154,59.54185147514403
822.273,49.27597323794718
822.391,36.48439233309737
822.51,28.727415357664547
822.628,23.405548259811436
822.747,26.43928212075116
822.865,29.269081255547828
822.984,33.75495031268417
823.102,29.198362412716087
823.221,35.955868473266115
823.339,33.936568588231566
823.458,33.124747727706435
823.576,36.94664435005529
823.695,52.44028524899481
823.813,64.23788191094573
823.932,82.63785319134243
824.05,93.31911102891883
824.169,107.92937319549942
824.287,111.59418081662554
824.406,106.46937804814144
824.524,101.54024627532843
824.643,99.5972616886626
824.761,85.06380091152056
824.88,72.36756957160787
824.998,69.62631658667367
825.117,70.29458741126328
825.235,67.53428680728157
825.354,74.2510424803563
825.472,82.14961633524916
825.591,80.45306828325413
825.709,71.67217148808766
825.828,63.482091691303616
825.946,50.037935313699315
826.064,35.63332416574424
826.183,21.178337758898156
826.301,21.350783162009222
826.42,22.624852997005096
826.538,22.70662327439073
826.657,31.65737406783311
826.775,40.50376835407525
826.894,40.25671335412747
827.012,37.099847248702766
827.13,28.77426733459957
827.249,26.18987908787428
827.367,19.13563268242721
827.486,17.246260801878194
827.604,13.613419307628703
827.723,12.18121219081977
827.841,11.609729124987641
827.959,17.085092611633353
828.078,20.480121287013738
828.196,29.221859816815694
828.315,39.49678489207568
828.433,51.528832339264724
828.552,60.34588006931192
828.67,71.56230182529433
828.788,70.24892661163796
828.907,70.92602758845771
829.025,56.45907234627657
829.143,43.95046354795399
829.262,30.40880537966352
829.38,13.49796506384688
829.499,6.0775247092867275
829.617,-0.9816590879426466
829.735,-14.488502234273303
829.854,-17.569644990005138
829.972,-20.178000726174712
830.091,-11.55212589006307
830.209,-5.6168115697878935
830.327,10.591647342927356
830.446,30.687288710263125
830.564,50.391349191393346
830.682,82.57316593995759
830.801,127.32708196457948
830.919,173.23806349888764
831.037,232.57913161328258
831.156,273.2777754852533
831.274,306.23745831826307
831.392,312.2382666923984
831.511,292.41093653839545
831.629,256.6788444796304
831.747,203.19826757238081
831.866,145.07569932313987
831.984,100.36481938558725
832.102,68.47471866881394
832.221,43.09354181348695
832.339,31.27106218184202
832.457,29.28497812476499
832.576,27.237578481860904
832.694,24.342627504516386
832.812,18.50406873672604
832.93,13.545360249095841
833.049,15.22302590217808
833.167,1.5340506964116691
833.285,-6.552064519429292
833.404,-4.102151411979621
833.522,-5.311674560803045
833.64,-5.537678027047763
833.759,-4.836655023694716
833.877,-6.729132298023863
833.995,-4.023056719818002
834.113,-4.3330777580928945
834.232,-3.9997437544826884
834.35,1.3768026193477525
834.468,13.075625277616567
834.586,24.654788864852662
834.705,35.44336174880456
834.823,37.437151684687734
834.941,38.99287696836636
835.059,34.19230402258574
835.178,24.859723788128
835.296,21.07026717994252
835.414,16.36697414392983
835.532,13.944083249041656
835.651,10.146501290981933
835.769,0.5737834547767635
835.887,-4.98444271506114
836.005,-3.857068075978627
836.124,6.7161793975180295
836.242,23.916415631410246
836.36,36.94622585836899
836.478,51.31506678405726
836.596,60.99673582399498
836.715,66.03587507199857
836.833,63.37656300313166
836.951,72.86530288231668
837.069,86.04148864894746
837.188,90.89646229436597
837.306,105.22589481424333
837.424,117.91290309169628
837.542,123.02761699685496
837.66,128.3440625037452
837.779,119.47262922275672
837.897,124.12760286817502
838.015,124.30811763913437
838.133,117.11720383866519
838.251,127.89685280875881
838.369,132.84273554508604
838.487,134.93493862773374
838.606,143.00376508700484
838.724,146.51414998783454
838.842,155.05137471550398
838.96,152.67258212715632
839.078,145.85396269898172
839.196,148.2085034439671
839.315,145.39074981665794
839.433,148.09247670882922
839.551,147.0184460252429
839.669,148.25090884815012
839.787,144.9405145282003
839.905,139.5132370913674
840.023,138.82535359392836
840.142,146.02145278047183
840.26,148.44179439125773
840.378,149.5790191189267
840.496,138.9404862708382
840.614,137.0932954140917
840.732,132.4902604015012
840.85,132.6352773369627
840.968,132.03657132870123
841.087,132.99024627282057
841.205,132.89370476672354
841.323,132.90538836885173
841.441,127.33438798829599
841.559,132.8794049237576
841.677,138.51792835272585
841.795,150.21965524489764
841.913,157.70493192061917
842.031,173.0516804578126
842.149,179.02267141924847
842.267,189.12786151488365
842.385,195.03651481398202
842.504,193.8715750394872
842.622,193.173301931659
842.74,196.80749635629832
842.858,196.22091156015827
842.976,204.0144133441048
843.094,202.0676553877916
843.212,209.35379786437898
843.33,213.9118018128279
843.448,215.4360395275104
843.566,221.24685732877302
843.684,220.69490456726513
843.802,231.39922886203414
843.92,239.93299038624025
844.038,241.45376489745928
844.156,242.28969092382994
844.274,248.91262993721364
844.392,252.01089362592202
844.51,258.4875122929854
844.628,259.98923918515703
844.746,269.34897473533726
844.864,269.82039859720555
844.982,263.5316492989007
845.1,253.22558398327982
845.218,246.30306845120884
845.336,228.510423049008
845.454,208.17145730048674
845.572,189.9943963138701
845.69,163.87014918006716
845.808,146.86538256574465
845.926,133.66927396008015
846.044,115.69654197779239
846.162,109.13766280935761
846.28,94.28881615266621
846.398,79.3746952962268
846.516,74.08591294766323
846.634,54.929192806497234
846.752,47.00259422121161
846.87,40.12065977330937
846.988,35.45889469000477
847.106,27.01144858989914
847.224,19.385469574235287
847.342,22.15629541693645
847.46,19.625349545772178
847.578,11.616223659022388
847.696,4.5997251139895265
847.814,-5.908967388665467
847.932,-6.554035792725692
848.05,-13.698056334437815
848.168,-14.537782828191194
848.285,-4.380525876553756
848.403,-2.3539210982879757
848.521,1.5890687698236725
848.639,0.006424290701156465
848.757,4.467126123794092
848.875,7.818043144057917
848.993,9.585799261329669
849.111,20.275799283961497
849.229,38.88647073875252
849.347,54.35821573822692
849.465,67.53611386423493
849.582,78.0210026907401
849.7,95.02955740535555
849.818,99.85049181107206
849.936,106.42380716916956
850.054,125.5521008822454
850.172,140.02758074250747
850.29,144.39743289714175
850.408,138.8720469565379
850.525,138.29904196831478
850.643,142.00915386320827
850.761,136.8119064507424
850.879,138.2882521118694
850.997,140.22174063013938
851.115,144.65219884537922
851.233,145.27919385715586
851.35,145.31831008105374
851.468,149.4639198114452
851.586,159.45974599205323
851.704,156.639987757077
851.822,152.4808355827068
851.94,153.41432410097738
852.057,171.54175201318733
852.175,192.14537040158768
852.293,217.53253857353786
852.411,247.15087557665703
852.529,288.04800045856416
852.647,319.0507530460991
852.764,339.10025888038734
852.882,365.82682099173184
853.0,390.24602379571695
853.118,402.6409841754596
853.236,419.1995809188386
853.353,428.7382642423041
853.471,439.46049734931955
853.589,443.6814317550363
853.707,436.30842676681357
853.824,424.9310927742618
853.942,412.46458129253256
854.06,391.7184161311495
854.178,376.6545020520175
854.296,358.3975143798119
854.413,339.9119552790348
854.531,323.09912345098485
854.649,300.26810980475295
854.767,278.28558100700576
854.884,252.53855004475645
855.002,217.7283156193036
855.12,187.31894699471667
855.238,160.1788424393938
855.355,126.56341320874631
855.473,101.93932596944074
855.591,74.48987733781871
855.708,55.26347940733194
855.826,37.09348344100666
855.944,13.454002793487172
856.062,-1.8446755488551365
856.179,-12.190178875691778
856.297,-24.597792817074335
856.415,-28.663749240395564
856.532,-35.58114315824391
856.65,-32.76887300761402
856.768,-32.11166073676942
856.886,-41.64524364185567
857.003,-37.50008837369482
857.121,-32.9292784853461
857.239,-33.208032346263835
857.356,-31.4361719501738
857.474,-40.360911011414686
857.592,-35.4749236796838
857.709,-39.55955926501558
857.827,-34.903634012401895
857.945,-25.328535861557143
858.062,-15.386839171828445
858.18,-10.642895298360424
858.298,-1.860052327844859
858.415,-5.737053827603027
858.533,3.0403262901312673
858.651,6.139597532848057
858.768,16.737943307901556
858.886,17.032035622798393
859.003,18.195175232706852
859.121,18.043786008976237
859.239,15.664675236775857
859.356,6.3786603108032764
859.474,-0.5974563077463049
859.592,-9.276253661536638
859.709,-12.106018350831684
859.827,-17.042082139475454
859.944,-17.398437621252036
860.062,-9.343413665297678
860.18,-3.605822276711766
860.297,0.24684870091557287
860.415,-3.388527859778757
860.532,-2.6913025704055076
860.65,-8.330058506855972
860.768,-10.152760958778643
860.885,-11.179363545262062
861.003,-13.05763404753798
861.12,-5.936150295182686
861.238,-7.605145666214021
861.356,-5.6284835372883375
861.473,9.034057222127913
861.591,15.418777626236764
861.708,28.40366684334377
861.826,34.96845844606761
861.943,34.35323460908069
862.061,34.31914280202824
862.178,16.62007575193143
862.296,6.61030623720618
862.414,9.008954418196286
862.531,8.635056216785383
862.649,10.448808542216817
862.766,17.601153479123354
862.884,24.90202087890721
863.001,27.730361725373303
863.119,22.97934659852377
863.236,25.604108271596935
863.354,27.693010928932402
863.471,26.3745681415593
863.589,22.833578215567687
863.706,24.030736845316127
863.824,22.471265123506853
863.941,18.91198750570653
864.059,23.15724184218125
864.176,29.880749315118205
864.294,39.60674856868492
864.411,46.018967009807966
864.529,50.70250261752573
864.646,52.38905211335438
864.764,50.89171114827807
864.881,48.3660845368415
864.999,48.36563592668152
865.116,45.77512227030549
865.233,54.95427557369591
865.351,56.01139596990392
865.468,64.36894926654494
865.586,76.45810429478766
865.703,96.47972685549789
865.821,111.84853556339432
865.938,124.92210617605267
866.056,127.25801445104874
866.173,126.44327337539531
866.29,111.90905178026118
866.408,96.56097737127416
866.525,89.83887698826108
866.643,91.62240431087571
866.76,94.70549873305741
866.878,107.3686797353257
866.995,111.63878714452052
867.112,116.3011023459231
867.23,114.87164265555066
867.347,112.15560287859816
867.465,112.26034232242495
867.582,108.21270081387098
867.699,102.32350086375868
867.817,97.52521000455553
867.934,105.41176763020093
868.051,113.30784906537002
868.169,116.98834608495454
868.286,119.85758769328345
868.404,127.07574705053003
868.521,133.75797567184586
868.638,132.6834943364517
868.756,142.16658875863334
868.873,161.99600352713526
868.99,173.63321050342938
869.108,181.64963825894444
869.225,189.91108765948104
869.342,206.12751541499603
869.46,225.72402975059757
869.577,243.29110685676187
869.694,266.3309112356535
869.812,282.4806723245018
869.929,296.0347624176792
870.046,309.3550862770903
870.164,309.57844043953156
870.281,309.54551754569565
870.398,314.02774616701106
870.516,309.050234528586
870.633,300.51341553085354
870.75,284.2908822474068
870.867,279.9739766695878
870.985,275.53759057228825
871.102,262.8561828299672
871.219,253.87087898375006
871.337,241.95657080852854
871.454,225.554816745861
871.571,214.94267307280384
871.688,200.9599666291839
871.806,194.60236841067194
871.923,182.08373123112085
872.04,173.19453128100693
872.157,162.06463869020016
872.275,143.57976774441494
872.392,132.23169333542617
872.509,121.14941979223843
872.626,109.32082590273035
872.744,96.14158266257296
872.861,85.72164678172292
872.978,77.57790137706331
873.095,73.68264082088845
873.213,70.60815948549286
873.33,70.11463053104967
873.447,64.04631302494846
873.564,48.101115134899125
873.681,33.41101030126066
873.799,24.22293950112008
873.916,16.629418889290193
874.033,21.419124213048796
874.15,21.139140211430963
874.267,18.058136797237147
874.385,9.444746115742017
874.502,-4.1151124898474745
874.619,-9.063399693262731
874.736,-15.439153698744157
874.853,-9.803504472559387
874.97,0.6843788485043403
875.088,1.4351222005141837
875.205,2.126005561383648
875.322,-0.9630942607189685
875.439,2.9917626505997763
875.556,7.23706085233077
875.673,2.759261057734882
875.791,2.366820746947689
875.908,4.696655906769326
876.025,-1.6120046883831036
876.142,-0.6820675174917015
876.259,-0.36834886022889357
876.376,9.276623941513412
876.493,11.936247257234326
876.61,17.109090557274946
876.728,18.659417494200888
876.845,22.762422071632113
876.962,19.664582038958347
877.079,20.195072110741705
877.196,18.30759177812897
877.313,15.139213918263469
877.43,8.446220986197716
877.547,11.626832515882388
877.664,13.581281378746926
877.781,12.394509481624782
877.898,19.40146777092646
878.016,19.407542638430343
878.133,17.690264550206734
878.25,16.156941165429984
878.367,15.106510173474891
878.484,20.406181678826965
878.601,17.94452409088392
878.718,14.484783280333952
878.835,12.616006179464879
878.952,6.537435763027236
879.069,6.816458345013395
879.186,7.433066269564142
879.303,8.677413954490914
879.42,14.41689348774617
879.537,16.92434948606724
879.654,17.855092774785547
879.771,7.624986763441552
879.888,4.166290173924646
880.005,-1.2858159106444695
880.122,-7.317088489837609
880.239,-13.927527563654781
880.356,-21.11713313209597
