wavelength_nm,intensity
792.446,0.24692388911860785
792.565,0.28741273047323157
792.684,0.3137638035245284
792.803,0.3259771082724982
792.922,0.32405264471714085
793.041,0.3032296051862131
793.16,0.25924416307926895
793.279,0.2177671485219418
793.398,0.19519450480742254
793.518,0.18666124279609
793.637,0.1940713618336322
793.756,0.21321724595875924
793.875,0.23007862329126888
793.994,0.2564678660088149
794.113,0.27191602572604545
794.232,0.271262137988767
794.351,0.2760725529642545
794.47,0.2818693088363211
794.589,0.2591914501226082
794.708,0.23615163144684798
794.827,0.21146748037207247
794.946,0.20213948068715865
795.066,0.20256630197942252
795.185,0.1960008324334205
795.304,0.21104825076409928
795.423,0.22537692002728396
795.542,0.2178975015771119
795.661,0.21218910151267184
795.78,0.20327347764166176
795.899,0.20651583035299448
796.018,0.20827802536238332
796.137,0.2014113534193917
796.256,0.20674661033984798
796.375,0.2019082068984716
796.494,0.1906282088468011
796.613,0.16940299953791838
796.732,0.1596749998425645
796.851,0.16595516578094666
796.97,0.1639177625279326
797.089,0.16125586873307188
797.208,0.1671540103451975
797.327,0.1729801820654973
797.446,0.1744326261682142
797.565,0.17930258097241397
797.684,0.19050226423786953
797.803,0.19923069230546506
797.922,0.21002167077083578
798.041,0.21787172454457143
798.16,0.22300837131710177
798.279,0.2130127535373611
798.398,0.19388609995051664
798.517,0.1880163247418734
798.636,0.1747584216243407
798.755,0.17155744761815792
798.874,0.180156101834049
798.993,0.1809727116341357
799.112,0.1868186764280737
799.231,0.19264937594182083
799.35,0.18487037251883223
799.469,0.1864838047820924
799.588,0.18873252924611986
799.707,0.19379717598290963
799.826,0.19466471116134576
799.945,0.19155107761095377
800.064,0.19068087266413938
800.183,0.19423132478202249
800.302,0.18042578835597914
800.421,0.17908072362341798
800.54,0.1788771254854564
800.659,0.19097111705805608
800.778,0.190775275204996
800.897,0.20807890480277844
801.016,0.21024226627377768
801.135,0.22096727356134838
801.254,0.21656235443533747
801.373,0.21779883986066562
801.492,0.21095198370498486
801.611,0.2195853794975819
801.729,0.2094369314023689
801.848,0.2250729597464331
801.967,0.22393860742035054
802.086,0.23802208607006112
802.205,0.231128692204974
802.324,0.22499541426018632
802.443,0.19246747455974184
802.562,0.17282118321166545
802.681,0.1491186304046612
802.8,0.138064235479515
802.919,0.11923760076023007
803.038,0.11513360236278461
803.157,0.0911192693082955
803.276,0.08609670570388717
803.394,0.06676027430000647
803.513,0.06400483968479204
803.632,0.060753508010032625
803.751,0.05336934326698129
803.87,0.04830232935029559
803.989,0.041978289912912393
804.108,0.024914188960902067
804.227,0.025588709684602595
804.346,0.023197632671204695
804.465,0.03323050112199505
804.583,0.037408999122217096
804.702,0.049632538729219154
804.821,0.051443936154479064
804.94,0.05594661112715864
805.059,0.04942158984477033
805.178,0.04921211728468227
805.297,0.047819022119205155
805.416,0.05721922587800026
805.535,0.06836644156407937
805.653,0.07940352575694798
805.772,0.08078667641811581
805.891,0.08358162177603148
806.01,0.06761311825298291
806.129,0.06734995199205474
806.248,0.07558371737509842
806.367,0.09156642648885749
806.485,0.10982315040093421
806.604,0.12409032003579437
806.723,0.1564970564287282
806.842,0.18008016930253068
806.961,0.20213576767670638
807.08,0.231889230129801
807.198,0.25964772530558966
807.317,0.2666293926056575
807.436,0.26074726139739035
807.555,0.24588852313034726
807.674,0.2402662274662642
807.793,0.2219016484239622
807.912,0.21752940734309326
808.03,0.2155383457268364
808.149,0.2209273891938961
808.268,0.23309671837859372
808.387,0.24428099938086206
808.506,0.2758513825313006
808.624,0.30628159180128967
808.743,0.335315669789096
808.862,0.36165702420209966
808.981,0.3641478025444794
809.1,0.3564494079552244
809.219,0.33711787872859544
809.337,0.2982896346891126
809.456,0.2785366806495284
809.575,0.2621538323994357
809.694,0.2514036465913538
809.812,0.2294916098158341
809.931,0.21064276537992116
810.05,0.20658729920481067
810.169,0.2015452283059232
810.288,0.20072386485065685
810.406,0.22354657943979997
810.525,0.22902175402276806
810.644,0.22975570047034194
810.763,0.22804743292490703
810.882,0.2359078405326284
811.0,0.25176266125348257
811.119,0.2564742910134802
811.238,0.2803082548258876
811.357,0.28939929383845553
811.475,0.27642362854044555
811.594,0.27748554619912436
811.713,0.27568280930102795
811.832,0.291411861707528
811.95,0.3144887013435903
812.069,0.32716307021324
812.188,0.36321875991700203
812.307,0.3727337354036375
812.425,0.39481777057236933
812.544,0.4135355780940602
812.663,0.42890008511021194
812.782,0.4493927891600856
812.9,0.46201803489202875
813.019,0.47928283170892977
813.138,0.49572287689802275
813.257,0.5008852838410386
813.375,0.5250570523622946
813.494,0.5352351902079677
813.613,0.5498188978774178
813.731,0.5483600229432668
813.85,0.5441993754352616
813.969,0.5468099646458432
814.088,0.5344418749984126
814.206,0.526215641488124
814.325,0.5278747930841805
814.444,0.5202457935112699
814.562,0.5266685967506998
814.681,0.5209657412615414
814.8,0.530547937883985
814.918,0.5258340087197059
815.037,0.5139661994483894
815.156,0.5101804390439317
815.274,0.5035959525043572
815.393,0.48681841489069766
815.512,0.4816817681993131
815.631,0.4617616424865921
815.749,0.4486373150613115
815.868,0.4269371219638074
815.987,0.3975375233878946
816.105,0.391935499602449
816.224,0.3903628658230811
816.343,0.38973391337333696
816.461,0.403847073092124
816.58,0.4029246745302918
816.698,0.3972890401769423
816.817,0.38825873846524805
816.936,0.3564184955738158
817.055,0.34390045108496453
817.173,0.319128769166658
817.292,0.3047194838761086
817.41,0.3012801708638959
817.529,0.290908031864325
817.648,0.27509227357839094
817.766,0.2698185991870877
817.885,0.2606008539236178
818.004,0.2574808413064966
818.122,0.24853715144286231
818.241,0.25406539649037363
818.359,0.26394879550980543
818.478,0.2684532109503826
818.597,0.2753426839980221
818.715,0.28359209233163973
818.834,0.27480611359432594
818.953,0.2610589119763027
819.071,0.26545098898470754
819.19,0.2986795382159536
819.308,0.38823761836006676
819.427,0.5395781117301018
819.546,0.6960192960795539
819.664,0.8076341649567029
819.783,0.8384473904207115
819.901,0.791648098280047
820.02,0.6740232885320498
820.138,0.5341719966572598
820.257,0.41354853128295355
820.376,0.339895777279005
820.494,0.2842171142519171
820.613,0.24991187285255212
820.731,0.2295893187284898
820.85,0.20074512654504742
820.969,0.1766374090164268
821.087,0.17316289994842912
821.206,0.1715880052890731
821.324,0.19223997325899778
821.443,0.22030380941759237
821.561,0.2617450907993216
821.68,0.2949182385175332
821.798,0.2946865084477518
821.917,0.2934606811964901
822.035,0.2770506335373394
822.154,0.24478176139568067
822.273,0.22394423200945646
822.391,0.20425842993560445
822.51,0.19515756930605485
822.628,0.1736700221745655
822.747,0.17119874466117194
822.865,0.17922878557203784
822.984,0.18442564960644556
823.102,0.18223105847693982
823.221,0.19776922652100648
823.339,0.20378865848644373
823.458,0.21377549786125402
823.576,0.21219099086626897
823.695,0.23456950449401714
823.813,0.23659814433823365
823.932,0.2512940901399598
824.05,0.245262657257871
824.169,0.251390493672275
824.287,0.2315954228072426
824.406,0.21235112178757598
824.524,0.19665367945264933
824.643,0.19417027576665824
824.761,0.1750377711296746
824.88,0.18964790805896053
824.998,0.2008397706794317
825.117,0.2140360255070542
825.235,0.21267314236203644
825.354,0.21076405278849222
825.472,0.2215830375850727
825.591,0.23009353712209601
825.709,0.22483553128377332
825.828,0.22796853299419984
825.946,0.22598109395580562
826.064,0.2148102135946084
826.183,0.20181272813922163
826.301,0.18746047825445733
826.42,0.1842798640554561
826.538,0.18667601870028533
826.657,0.18437481476898962
826.775,0.17452237261737796
826.894,0.16798377604174664
827.012,0.175662102722009
827.13,0.18313666530952377
827.249,0.1922767726351952
827.367,0.18683178458178026
827.486,0.18338649258141254
827.604,0.1685621434391477
827.723,0.16334407353849162
827.841,0.14870160492066536
827.959,0.16403534289966126
828.078,0.17754405264306217
828.196,0.1967465481549178
828.315,0.21064307576887004
828.433,0.24267415021351635
828.552,0.2643486845426972
828.67,0.2909660746915712
828.788,0.28887171548686585
828.907,0.29024570834706476
829.025,0.2742960388808443
829.143,0.2478246313667643
829.262,0.21038177255243642
829.38,0.17367357964842883
829.499,0.130421786617225
829.617,0.09762505881770747
829.735,0.06999330843082764
829.854,0.055037912464274544
829.972,0.05981717667220415
830.091,0.07055863892217919
830.209,0.06987167040649053
830.327,0.07702215437292473
830.446,0.09123353399561171
830.564,0.10737808195024916
830.682,0.12616757507911214
830.801,0.1593184123823616
830.919,0.1966495019409366
831.037,0.22531361749701195
831.156,0.2396176918319487
831.274,0.23142711557253814
831.392,0.2169536177674364
831.511,0.19894307129421016
831.629,0.18357115424496084
831.747,0.1673024618849666
831.866,0.15167729178156186
831.984,0.13816712884039634
832.102,0.1302252802735719
832.221,0.10896722208239176
832.339,0.10363258555752754
832.457,0.11633705120971694
832.576,0.11863559417619327
832.694,0.11764176974895349
832.812,0.12043740185829316
832.93,0.11848172672499224
833.049,0.10622316240192081
833.167,0.08929094903388665
833.285,0.08941168088087237
833.404,0.09788681733296901
833.522,0.08979089765843146
833.64,0.0913360485415348
833.759,0.09855260844004143
833.877,0.09577354146305875
833.995,0.0895630719573523
834.113,0.07720939502741864
834.232,0.08964197960237755
834.35,0.10207417777503151
834.468,0.11584869809815848
834.586,0.14824025069196345
834.705,0.18557788020789592
834.823,0.21196349370315426
834.941,0.2341213124806883
835.059,0.2253982150162938
835.178,0.2113490248065537
835.296,0.18418123618434162
835.414,0.15445581015316567
835.532,0.1327761641115333
835.651,0.12348946152508956
835.769,0.11854678317207815
835.887,0.12482044225228542
836.005,0.1389193772567308
836.124,0.16055228231019486
836.242,0.18544389333366385
836.36,0.19921235363851703
836.478,0.2072591295460634
836.596,0.21738270366312262
836.715,0.2164145124641051
836.833,0.22321553330760519
836.951,0.23898411221082994
837.069,0.26507759903145733
837.188,0.2841245010195118
837.306,0.29460846447684474
837.424,0.3001413327390291
837.542,0.30434787628313964
837.66,0.30470730251634615
837.779,0.32147127131520126
837.897,0.334766888049152
838.015,0.3649673277248672
838.133,0.37995381456723976
838.251,0.39077776184606705
838.369,0.3910001603793556
838.487,0.39469220369169844
838.606,0.39426953786405194
838.724,0.4012722221149778
838.842,0.403071731911472
838.96,0.40827237263706184
839.078,0.4104700383918085
839.196,0.41046621194881683
839.315,0.4093661639064815
839.433,0.4074142172391846
839.551,0.40827650927680625
839.669,0.40691921111858725
839.787,0.3973596416775438
839.905,0.3878091212355515
840.023,0.3954064539955555
840.142,0.39511693772537626
840.26,0.39121428540547387
840.378,0.37643473622604695
840.496,0.3796394263037757
840.614,0.38402565711475933
840.732,0.37833518112517295
840.85,0.3867482165139341
840.968,0.3933876480886626
841.087,0.3910517653187655
841.205,0.38151934287487566
841.323,0.36959022839657185
841.441,0.36645286285356954
841.559,0.36889355886854813
841.677,0.3798713391312448
841.795,0.38685592538406843
841.913,0.3928205601724084
842.031,0.4110621012449064
842.149,0.42609383308253374
842.267,0.4431021248557699
842.385,0.461079952241633
842.504,0.46854284273001867
842.622,0.48954045037067717
842.74,0.4834595747077385
842.858,0.4909483194791272
842.976,0.4969245886948176
843.094,0.49669841541799536
843.212,0.5080653026398916
843.33,0.5154726064198192
843.448,0.5205181214473872
843.566,0.5321952600653236
843.684,0.5349255240499378
843.802,0.5472890938816136
843.92,0.5482716083351984
844.038,0.5506334487870137
844.156,0.5524794962929117
844.274,0.5526256246913369
844.392,0.5604530605700685
844.51,0.569066466652103
844.628,0.5768796826751825
844.746,0.585467234474213
844.864,0.5771073037645236
844.982,0.5686090526407657
845.1,0.5470220707465432
845.218,0.5296790694073268
845.336,0.5006434685798292
845.454,0.48080940707323694
845.572,0.4426394880606429
845.69,0.4159734322704057
845.808,0.3792772073890045
845.926,0.35368151891510735
846.044,0.32432920312081837
846.162,0.3059184198935625
846.28,0.2700605203496038
846.398,0.24958161000478807
846.516,0.22970279564386215
846.634,0.2123872501129982
846.752,0.19459751108957382
846.87,0.1817652596901771
846.988,0.17652736021994442
847.106,0.16262161906614775
847.224,0.13774631763921544
847.342,0.13689355074949466
847.46,0.13079047633230595
847.578,0.10895705862179184
847.696,0.09792916058258708
847.814,0.08634453672630095
847.932,0.09025237202690775
848.05,0.08374409548465411
848.168,0.0871321152050924
848.285,0.10926313122545409
848.403,0.11400045641892266
848.521,0.11585948674577069
848.639,0.1258474680711189
848.757,0.14019214663119134
848.875,0.1522876955828696
848.993,0.1736134914415469
849.111,0.20155469963803618
849.229,0.22681586345685317
849.347,0.24795765459941183
849.465,0.26354809445590227
849.582,0.28400172494533005
849.7,0.3039770511991955
849.818,0.3224541217530148
849.936,0.3392209314861602
850.054,0.3656107053531661
850.172,0.3732289770455628
850.29,0.3872371347822463
850.408,0.39171281837558103
850.525,0.39428174859741594
850.643,0.40474140599188446
850.761,0.4244943854119206
850.879,0.42579128490998935
850.997,0.42191215695078027
851.115,0.41481546347179954
851.233,0.4089584828628312
851.35,0.4046773208029193
851.468,0.3938343417167479
851.586,0.4013181711375271
851.704,0.40750023740908603
851.822,0.41140454134804694
851.94,0.41130401684978346
852.057,0.44340758726053847
852.175,0.47552667024109563
852.293,0.5318401912562222
852.411,0.6011067080560455
852.529,0.6845064686596701
852.647,0.7441319233275308
852.764,0.7945959128131415
852.882,0.8381063928849913
853.0,0.877503456531002
853.118,0.8924798571661638
853.236,0.9195599403893613
853.353,0.9499933241180978
853.471,0.9828440833076508
853.589,0.9833834523137215
853.707,0.9701567083346392
853.824,0.9511347268203478
853.942,0.9230314284011163
854.06,0.8812744831277964
854.178,0.8349762330449317
854.296,0.7946024919122929
854.413,0.7749845691747725
854.531,0.7335947547201002
854.649,0.6814844618180734
854.767,0.6228214008888382
854.884,0.5676344483094087
855.002,0.5092661262064125
855.12,0.4538917300752088
855.238,0.41089895007432703
855.355,0.3707540193462684
855.473,0.32445835469170403
855.591,0.27938042676659913
855.708,0.22962543123904816
855.826,0.19920541636931
855.944,0.16080440449990752
856.062,0.14206721845266412
856.179,0.12100266838799317
856.297,0.09687453966061566
856.415,0.09033799683628857
856.532,0.08157339078735762
856.65,0.06376073694050269
856.768,0.06058573693617187
856.886,0.04474584689216386
857.003,0.040178228075773134
857.121,0.03836725012897939
857.239,0.03989542059243757
857.356,0.04575825931640013
857.474,0.04113144459542605
857.592,0.0290962045458774
857.709,0.01849987087216292
857.827,0.022825477258078663
857.945,0.02665005222228809
858.062,0.03993252460993019
858.18,0.05307187516885459
858.298,0.06793454305880417
858.415,0.08279502232527426
858.533,0.09101948889087448
858.651,0.09778046591217673
858.768,0.11123527081421722
858.886,0.11776680639711067
859.003,0.11915132092860523
859.121,0.11801441117218511
859.239,0.11115157099106424
859.356,0.09734085495113305
859.474,0.08874466308346346
859.592,0.08750684725594374
859.709,0.08153671477965392
859.827,0.08306000842037069
859.944,0.08516481236239848
860.062,0.09073981630476437
860.18,0.07709040981347384
860.297,0.06879315297762262
860.415,0.07233705411751874
860.532,0.07514366176493686
860.65,0.07179152855530711
860.768,0.0762373547627839
860.885,0.08666278117107754
861.003,0.0952403710700235
861.12,0.094563557870386
861.238,0.09891620282462524
861.356,0.10128880546012076
861.473,0.11543939567029557
861.591,0.12753592254692267
861.708,0.15178675475526027
861.826,0.1689352619069277
861.943,0.17435819155680077
862.061,0.16631934406319288
862.178,0.14538092986574624
862.296,0.13033482463769192
862.414,0.1263995806390531
862.531,0.12099374129139176
862.649,0.12326039019011309
862.766,0.12941016813378872
862.884,0.13103461483364892
863.001,0.14093434519139098
863.119,0.13957084414623558
863.236,0.14764290884142306
863.354,0.142467811122402
863.471,0.13850783640979997
863.589,0.1281134886955812
863.706,0.12992391189405686
863.824,0.13328176599764935
863.941,0.14879044321629148
864.059,0.16166059352997897
864.176,0.18250207037343957
864.294,0.1931919116957621
864.411,0.2018902822189867
864.529,0.20169323047250098
864.646,0.19902838741334175
864.764,0.1938724841868061
864.881,0.1873786218148451
864.999,0.18376492656946125
865.116,0.18853577530207566
865.233,0.1954680420937731
865.351,0.21201422402027978
865.468,0.2237980470175629
865.586,0.24061182077315488
865.703,0.266327224166813
865.821,0.2842553175198511
865.938,0.3030624564950044
866.056,0.3084744914461033
866.173,0.30859286195225866
866.29,0.3017990898974585
866.408,0.29490577885309543
866.525,0.29775565435855855
866.643,0.3060375147230333
866.76,0.30910715163402536
866.878,0.32464372380925066
866.995,0.31721910724916824
867.112,0.32458831142362343
867.23,0.319454384337641
867.347,0.32927715996911777
867.465,0.3275120459584767
867.582,0.32089925388470086
867.699,0.31526116828015294
867.817,0.3124541266644759
867.934,0.3088960181275507
868.051,0.32922338894330405
868.169,0.3319995797422086
868.286,0.33886462539809853
868.404,0.34997494432314463
868.521,0.36785132911017693
868.638,0.3773147302079072
868.756,0.38684535244144613
868.873,0.40077895907046224
868.99,0.4179391802183007
869.108,0.432983228302312
869.225,0.4537307312168706
869.342,0.49226598083775913
869.46,0.5415191234777017
869.577,0.5692537463739257
869.694,0.6054039383877521
869.812,0.6311426106361147
869.929,0.6461039250145152
870.046,0.6715556147215398
870.164,0.6848725967009248
870.281,0.6911675554165899
870.398,0.6921804841146633
870.516,0.6722217111545394
870.633,0.6549685889107202
870.75,0.6293774603983082
870.867,0.6040164350046263
870.985,0.5994590584296192
871.102,0.5865455775879174
871.219,0.5710583028732283
871.337,0.5505772733964349
871.454,0.5308847995512447
871.571,0.5081738381654093
871.688,0.4814748536263011
871.806,0.4513217368779404
871.923,0.4385000387409002
872.04,0.40912255048264123
872.157,0.38094728638403974
872.275,0.3567225567283556
872.392,0.3419281767981566
872.509,0.3212067024894314
872.626,0.3008523589993542
872.744,0.27620878995901504
872.861,0.27051253221770794
872.978,0.24498345398450277
873.095,0.22750927762100276
873.213,0.21438120623037205
873.33,0.20241011400414277
873.447,0.18198911446353008
873.564,0.16714450704323225
873.681,0.15377586843214863
873.799,0.1521802679795875
873.916,0.13339114659307738
874.033,0.12846979324453583
874.15,0.12227568013572365
874.267,0.11246803352657604
874.385,0.1070712555973262
874.502,0.10243561533158183
874.619,0.1091081937431415
874.736,0.1112488700227248
874.853,0.1101851655253906
874.97,0.10384681552305186
875.088,0.09883910224023144
875.205,0.09312045977622521
875.322,0.0950059331755735
875.439,0.08638739445402335
875.556,0.08653946118544352
875.673,0.08935771935557522
875.791,0.09177864591036558
875.908,0.0962896031773868
876.025,0.09957428774126209
876.142,0.09984590621985709
876.259,0.10850174342334233
876.376,0.0920192087652102
876.493,0.08486022467632419
876.61,0.08390352253872518
876.728,0.08620276374389163
876.845,0.10349789133971837
876.962,0.10241692128122962
877.079,0.110027473479269
877.196,0.12568537586751483
877.313,0.1207024261517626
877.43,0.12183508082236238
877.547,0.10849473736480628
877.664,0.10622227622874666
877.781,0.10035693203961868
877.898,0.10130179980773305
878.016,0.11287483070899156
878.133,0.12260499604503347
878.25,0.12108989065175427
878.367,0.11579588232970091
878.484,0.1005334384953381
878.601,0.0933171699409644
878.718,0.08953952950801518
878.835,0.1019019269422308
878.952,0.10748838188585685
879.069,0.11136350398358179
879.186,0.10634946958290117
879.303,0.10174948181653783
879.42,0.09474147689481968
879.537,0.08878356876765545
879.654,0.0996526305119465
879.771,0.1029288258992331
879.888,0.09185083870796765
880.005,0.09076667003802802
880.122,0.08999545700400799
880.239,0.08953719960590763
880.356,0.08939189784372695
