wavelength_nm,intensity
792.446,134.14164446649718
792.565,165.1028565877093
792.684,185.89134143619418
792.803,196.50709901195177
792.922,196.95012931498187
793.041,181.87134143619403
793.16,157.4410384058911
793.279,136.60986957472227
793.398,115.80900377385649
793.518,101.41939338424608
793.637,99.89904706389973
793.756,102.66787823273086
793.875,107.19082195567455
793.994,122.80640637125904
794.113,143.52761849247116
794.232,170.10424186909452
794.351,185.92848429333696
794.47,184.4713414361941
794.589,163.5709085357612
794.708,134.1163630812157
794.827,117.50251026736288
794.946,108.62112498597759
795.066,102.69991286476545
795.185,110.52588689073949
795.304,122.47134143619414
795.423,129.23584360069634
795.542,125.58995615480893
795.661,122.7535925184453
795.78,126.37870074355351
795.899,125.71463147948425
796.018,119.5483977132505
796.137,116.49212065697346
796.256,119.74060550545835
796.375,121.81679598164885
796.494,119.84883061368348
796.613,115.74147130632414
796.732,107.29904706389985
796.851,100.54233710718987
796.97,92.33541070026337
797.089,80.76484792970064
797.208,84.0237223885751
797.327,83.18389554874827
797.446,76.99428515913792
797.565,83.02112498597779
797.684,80.26528083013363
797.803,88.91463147948431
797.922,95.18389554874837
798.041,105.01419857905145
798.16,109.39428515913801
798.279,106.7016444664973
798.398,100.89298645783927
798.517,102.5414713063241
798.636,93.94320290805567
798.755,96.55445831931107
798.874,99.22631979117247
798.993,111.8704756353283
799.112,111.42372238857507
799.231,119.2704756353283
799.35,123.17264013749285
799.469,127.81852758338027
799.588,120.60640637125908
799.707,121.09385225870497
799.826,110.38129814615087
799.945,104.17177433662704
800.064,93.90943667428942
800.183,97.13454489939762
800.302,85.57177433662707
800.421,84.07913364398638
800.54,80.43411199896475
800.659,89.91203407688685
800.778,87.96311632796909
800.897,97.44623321108597
801.016,108.07134143619423
801.135,118.4514280162808
801.254,117.00813797299074
801.373,126.04623321108599
801.492,127.47826784312065
801.611,126.13800810286088
801.729,124.7466661115188
801.848,135.1440687089214
801.967,143.78302974788238
802.086,155.59688256173519
802.205,157.04017260502525
802.324,155.90857087342357
802.443,127.59341935827212
802.562,99.989956154809
802.681,79.60467476952763
802.8,64.36738957200191
802.919,52.84130861547658
803.038,43.81428572296706
803.157,32.280505559818366
803.276,17.6411628286914
803.394,0.8524409366110473
803.513,-12.322731604357108
803.632,-18.4070476268537
803.751,-22.109727031457545
803.87,-20.492147051101252
803.989,-21.05583275451825
804.108,-25.47768732000121
804.227,-30.339934496615324
804.346,-31.930132359632402
804.465,-33.769234993956694
804.583,-36.92120034877982
804.702,-29.24538533608508
804.821,-16.673965158282748
804.94,-6.967543947246231
805.059,-7.674733365965392
805.178,-5.442807146777166
805.297,-5.149342530190795
805.416,2.9937591174512677
805.535,1.2367609796038104
805.653,5.0975102516030395
805.772,9.583196870979695
805.891,12.416032052637402
806.01,10.126954160919832
806.129,14.013372843885797
806.248,22.096687807050913
806.367,30.856929692639177
806.485,43.39274577648183
806.604,61.348997005993915
806.723,97.36429131252925
806.842,122.56662141427759
806.961,151.01461514619308
807.08,176.25221926771889
807.198,193.46384936327067
807.317,192.84171322505625
807.436,189.9347286019933
807.555,176.16713791832416
807.674,166.76058619569392
807.793,147.06832018734934
807.912,146.04012344307398
808.03,153.60240288927463
808.149,160.76121913201206
808.268,174.29665875137283
808.387,188.06932780796308
808.506,207.50173712429353
808.624,235.57570488218252
808.743,255.67304926344826
808.862,269.8517789260993
808.981,282.4608116190533
809.1,269.7304503726133
809.219,249.10225362833768
809.337,220.22384043384548
809.456,200.3765960705219
809.575,186.49212226996877
809.694,172.05440171616897
809.812,158.14222228791022
809.931,160.4161900457987
810.05,162.60184611537562
810.169,168.50351950097001
810.288,175.23289851427
810.406,177.23413899943148
810.525,176.10550935472276
810.644,175.1976589307933
810.763,184.3781201951755
810.882,191.58801868899513
811.0,199.6204280053255
811.119,209.3601966290152
811.238,218.3216102743498
811.357,226.0276126642729
811.475,222.07387479445535
811.594,222.8162408207415
811.713,240.69800078642157
811.832,252.17889495123586
811.95,261.23468089094195
812.069,270.6792114193926
812.188,292.92547354957514
812.307,309.5284456364676
812.425,313.05869045063275
812.544,315.59672747259015
812.663,329.72610648588943
812.782,335.4736673173705
812.9,338.99265672028
813.019,351.05277166431495
813.138,377.50855760402095
813.257,404.1877201671035
813.375,426.6694801327835
813.494,439.18414053136416
813.613,457.3230433541871
813.731,455.18056089562486
813.85,447.55236415134823
813.969,434.0159422988464
814.088,434.3193472861715
814.206,432.4712371219813
814.325,427.52788886255314
814.444,419.1351899537744
814.562,426.8282053307099
814.681,423.48139386781884
814.8,417.7951884655339
814.918,403.1808445351106
815.037,407.61844865663545
815.156,405.4248839469915
815.274,404.27893828496667
815.393,401.7329926229419
815.512,402.277956051826
815.631,394.92941298720376
815.749,384.44667078838245
815.868,369.79682902246157
815.987,367.7348660444195
816.105,358.6278814213559
816.224,350.89319117058665
816.343,347.8589338202504
816.461,344.16839941363696
816.58,335.18522431438276
816.698,317.260923674003
816.817,311.8439823409823
816.936,301.3240107049314
817.055,282.80144166628315
817.173,266.88579903456133
817.292,259.8177754504585
817.41,259.6778903944942
817.529,247.555321355846
817.648,234.50721119165655
817.766,234.49979366815978
817.885,228.21445406674093
818.004,217.65898459519215
818.122,209.44983546996363
818.241,207.80345690750562
818.359,214.2514506394199
818.478,213.85442272631246
818.597,221.95003550584556
818.715,225.82400326373374
818.834,232.4562669004523
818.953,230.44295735097404
819.071,214.2868547611928
819.19,220.70513743958958
819.308,231.1552917594971
819.427,323.16645043977326
819.546,441.86663279524953
819.664,559.4901126923792
819.783,649.7159424444171
819.901,672.1200246220515
820.02,607.1750329716822
820.138,504.82790578278417
820.257,371.73298777101394
820.376,298.19030679319025
820.494,229.2827275515735
820.613,204.28873377187233
820.731,194.07193133829531
820.85,177.3545571048402
820.969,164.83285386705614
821.087,156.68431080243226
821.206,154.32278072482137
821.324,149.94480043076027
821.443,163.32526169514068
821.561,203.13602598982428
821.68,234.77795911567665
821.798,257.19132081295754
821.917,264.78303748859355
822.035,247.69596628544176
822.154,219.0054318788268
822.273,185.91143426874885
822.391,166.00185224308655
822.51,155.59616632132048
822.628,141.48918169825578
822.747,148.66704556003933
822.865,155.64317782009135
822.984,161.27039233122565
823.102,160.7937107384638
823.221,164.7655139941868
823.339,168.21523932783197
823.458,168.39050578701836
823.576,164.94412722455996
823.695,175.71939368374655
823.813,189.095525943799
823.932,204.72706945926265
824.05,204.60363461974788
824.169,209.59448549451866
824.287,206.05546623941927
824.406,189.8038928717658
824.524,178.74625889805176
824.643,174.28949072520356
824.761,167.61886973850267
824.88,168.50149550504844
824.998,175.69927278674567
825.117,186.44596781736067
825.235,187.31733817265075
825.354,181.95234489157724
825.472,178.83064165379375
825.591,182.02668733375933
825.709,177.06688885788083
825.828,171.1547094296214
825.946,171.777594936427
826.064,171.25416009691233
826.183,163.80864733531968
826.301,152.88174929234157
826.42,141.36091185542398
826.538,142.53444671287843
826.657,145.26728892964002
826.775,143.72567227194259
826.894,147.01435864454825
827.012,147.95672467083355
827.13,148.42203442006254
827.249,138.70292858487602
827.367,130.74139850726527
827.486,129.92965197943818
827.604,121.67028640399197
827.723,115.85680827443313
827.841,113.67969378123792
827.959,110.78915937462263
828.078,121.51247778185989
828.196,131.5509477042487
828.315,150.9443959816159
828.433,177.5629524840914
828.552,197.82566483072281
828.67,219.69876678774398
828.788,221.6142929871894
828.907,216.120295377111
829.025,205.15703369776838
829.143,183.13576336041712
829.262,152.2815925901653
829.38,126.84733523982686
829.499,102.92120430407275
829.617,79.34784084361195
829.735,55.16557622645725
829.854,37.40207613759488
829.972,30.4362010430437
830.091,26.829002280539072
830.209,21.49896896591241
830.327,34.70440010897814
830.446,49.76573900428558
830.564,69.53650802461374
830.682,95.87701604831759
830.801,118.30578749570797
830.919,147.54413219826682
831.037,157.67322917676285
831.156,159.8254301910411
831.274,160.75425458194275
831.392,141.20082789059342
831.511,121.06904622088902
831.629,100.16911648302802
831.747,76.99014387168373
831.866,64.2413501582606
831.984,54.374163030438325
832.102,60.29303860299362
832.221,64.83182276506759
832.339,58.70468167445449
832.457,65.71846904086844
832.576,67.76354005107828
832.694,65.5673249510793
832.812,68.87171410599248
832.93,73.18720963801904
833.049,70.4978365710659
833.167,54.13463784825482
833.285,36.038972853462354
833.404,32.887249455135006
833.522,32.27582758367963
833.64,35.04622271218576
833.759,38.92496487519456
833.877,46.02062186199349
833.995,52.80503432494905
834.113,50.657111068359754
834.232,67.85749869025932
834.35,84.63789874258451
834.468,101.60038903995029
834.586,118.42929340902458
834.705,132.09032285045856
834.823,145.20503194557213
834.941,152.34658086752563
835.059,142.8405107418601
835.178,142.65825014000416
835.296,127.34179040394915
835.414,106.27381551637885
835.532,96.09761552058333
835.651,86.994142797515
835.769,86.01447959825607
835.887,90.62182938601015
836.005,97.59887614346121
836.124,118.62960255459186
836.242,136.74517745057105
836.36,152.5958172816152
836.478,167.80403287023518
836.596,180.32913157573836
836.715,185.67068049769182
836.833,187.9507575581734
836.951,192.93213331995358
837.069,206.89272986095438
837.188,215.08709263572126
837.306,226.97755930659196
837.424,241.2636969731338
837.542,250.65373074357183
837.66,250.06021473046007
837.779,261.9766554273051
837.897,274.40391863497257
838.015,283.87360608506424
838.133,288.1753281671903
838.251,300.67272124498726
838.369,308.43158618425616
838.487,312.469239002313
838.606,314.4177143311923
838.724,323.28220697608907
838.842,327.47397234825854
838.96,323.4752615299517
839.078,320.11551175060595
839.196,318.81809963359774
839.315,315.38302517892737
839.433,315.05011522642155
839.551,315.75962951633994
839.669,322.1661135032282
839.787,322.4851516026705
839.905,319.6838433817665
840.023,312.52842260675004
840.142,312.8855559442877
840.26,301.4366286757647
840.378,290.5677879873284
840.496,298.268644268589
840.614,307.0275092078581
840.732,305.84005380080686
840.85,307.40411354527066
840.968,308.0105975321587
841.087,306.6040945060598
841.205,289.6997559821254
841.323,277.2551577179312
841.441,278.1655378087152
841.559,281.5347923583735
841.677,286.43305123703624
841.795,299.68715427154314
841.913,312.802729167522
842.031,324.74427808947473
842.149,334.8347447603453
842.267,349.24122874723315
842.385,373.3360244224326
842.504,384.30008416689606
842.622,393.2225854698012
842.74,399.9572079848276
842.858,398.03295604097946
842.976,395.27147465990197
843.094,396.18185475068594
843.212,409.6749188241539
843.33,416.50045043008936
843.448,418.07749718753985
843.566,416.2129855034321
843.684,416.6549673258178
843.802,413.39478464603894
843.92,408.24888768054586
844.038,413.4648954769576
844.156,425.8783058707719
844.274,429.94020111307117
844.392,440.486079039353
844.51,444.0016539353319
844.628,458.18562709970894
844.746,470.50466519915096
844.864,480.17002364491304
844.982,487.3539968092899
845.1,489.52065395635077
845.218,474.6942375103378
845.336,439.90505050155434
845.454,400.5219240988315
845.572,358.0929102502213
845.69,317.7210392587538
845.808,288.8773067954246
845.926,266.73833623685715
846.044,244.86170334062717
846.162,233.29156395089035
846.28,211.05908689881585
846.398,197.32877434890588
846.516,177.0495440500783
846.634,157.45949124042818
846.752,145.1213864827262
846.87,128.16769730943994
846.988,109.87461419675982
847.106,106.04300294555145
847.224,96.94991983287122
847.342,95.7927674561217
847.46,86.62852312496074
847.578,70.51165125180077
847.696,65.63850489403194
847.814,61.3873088235011
847.932,54.04201399044635
848.05,51.86659161749964
848.168,56.75501983278028
848.285,56.980620329604044
848.403,56.737668103394164
848.521,54.739641431248344
848.639,65.10359571997817
848.757,79.47763974865082
848.875,86.93710791901222
848.993,98.385655873476
849.111,120.61170233185669
849.229,135.4745313373923
849.347,152.61268501825265
849.465,172.09109843937273
849.582,186.75479324577418
849.7,203.5803928140805
849.818,220.02504000143432
849.936,233.93462225372298
850.054,250.17840364021077
850.172,263.23517203968544
850.29,272.6512477984675
850.408,282.404120094046
850.525,278.73274996538225
850.643,285.5012066765454
850.761,284.99174130978645
850.879,290.48833654908844
850.997,295.5407759442345
851.115,297.7014404476057
851.233,294.04738633625834
851.35,293.49722832880684
851.468,284.8804036546886
851.586,289.7934491104404
851.704,283.3385291982269
851.822,292.46283006523436
851.94,308.8148365599475
852.057,336.0932499810675
852.175,360.87729110781527
852.293,403.79379976703035
852.411,447.02113093706805
852.529,504.0519253105689
852.647,553.3372651386153
852.764,602.9109166549736
852.882,651.5728798596435
853.0,696.020124449595
853.118,721.23360280578
853.236,745.6488127636967
853.353,757.6519015094923
853.471,776.2662456665432
853.589,777.8788582218626
853.707,761.4594361451474
853.824,745.2218322502504
853.942,721.3920205631456
854.06,690.8687023825346
854.178,659.6025270590662
854.296,627.6125422117884
854.413,605.9680119099651
854.531,569.9840125015638
854.649,534.1211370599094
854.767,496.3605776777898
854.884,453.41986357591713
855.002,396.38563946677937
855.12,338.1678620603333
855.238,287.2254058154532
855.355,248.70545687932523
855.473,211.40195464588868
855.591,186.90078779765963
855.708,151.12144984139968
855.826,118.52282577725944
855.944,82.32418292132314
856.062,50.16455830239043
856.179,35.75179309832677
856.297,24.542634327465287
856.415,13.982305235068704
856.532,8.933109294714214
856.65,-7.998151569751434
856.768,-18.398908511641217
856.886,-34.233303822128356
857.003,-41.906602329069166
857.121,-43.95540297731115
857.239,-49.640762072652834
857.356,-41.74544262804775
857.474,-38.66652373486272
857.592,-38.10515788578034
857.709,-27.450495066958993
857.827,-23.17413657353559
857.945,-17.009549488043955
858.062,-17.337283307079534
858.18,-12.259383729396095
858.298,0.016962487426205985
858.415,1.6423211382343954
858.533,9.548620946483197
858.651,21.82829252009352
858.768,32.85004771520678
858.886,34.53778254116289
859.003,38.60253178392199
859.121,36.60708057830146
859.239,30.381249781480086
859.356,21.709305830533758
859.474,13.302015843246147
859.592,7.115713619272075
859.709,3.8012974091091234
859.827,1.9331971593282575
859.944,0.22559989663315438
860.062,-5.351851788739431
860.18,-9.595940263781557
860.297,-11.626807943371492
860.415,-11.21524802497072
860.532,-12.97126133058515
860.65,-9.54096242705969
860.768,0.95626756066914
860.885,6.4833130597528115
861.003,11.170236884542195
861.12,21.713622428363827
861.238,28.74958738643489
861.356,30.990990676831125
861.473,33.023488428785996
861.591,39.24807354942871
861.708,42.90700327550351
861.826,50.736494015508335
861.943,52.54174233127086
862.061,58.76950146954434
862.178,59.16089697145445
862.296,51.63627515734722
862.414,55.218146849733365
862.531,54.52469386679472
862.649,41.81469625628949
862.766,42.20144268320948
862.884,38.460968031948994
863.001,40.33421790846943
863.119,39.20549672225807
863.236,37.36807147239162
863.354,39.424294685353495
863.471,36.07051844981493
863.589,30.424063586575187
863.706,38.63316386457458
863.824,50.90374825392941
863.941,60.90646174397527
864.059,69.54895971556098
864.176,77.32008038847258
864.294,82.3774877886161
864.411,89.42017657404094
864.529,94.49836319496366
864.646,99.15144159077826
864.764,103.80884899092202
864.881,93.89136461617406
864.999,85.5444430119888
865.116,80.07630928659151
865.233,87.42289417591283
865.351,102.261253957009
865.468,119.05026308875449
865.586,145.1249865062142
865.703,171.60577052973457
865.821,191.472701739402
865.938,203.68508749452386
866.056,204.54595809813054
866.173,204.3834520783606
866.29,194.72484216248677
866.408,187.01514999553075
866.525,180.83965696277392
866.643,175.18018124603452
866.76,177.27395228254193
866.878,177.06122981255572
866.995,180.19655929062137
867.112,191.027126863925
867.23,194.6983870779212
867.347,200.4891278113979
867.465,201.02532309032927
867.582,202.61779542553768
867.699,201.5704409209194
867.817,195.43044572366034
867.934,199.27053710648798
868.051,205.60500078368796
868.169,214.626044547468
868.286,227.15704502120482
868.404,240.30016670706286
868.521,254.22250917214154
868.638,265.72234081470936
868.756,268.55983479493943
868.873,278.2319608098013
868.99,284.72053704111346
869.108,300.442013705326
869.225,323.13838214443047
869.342,350.37587612466064
869.46,386.0289545204754
869.577,407.8915567258141
869.694,432.7723407493346
869.812,457.6739039936343
869.929,479.3901858526527
870.046,508.4094980147015
870.164,534.0296759776161
870.281,545.5805898712666
870.398,553.827607661021
870.516,541.0451882213382
870.633,528.9008640197508
870.75,498.7106523722756
870.867,476.8459818503416
870.985,466.9466792937757
871.102,453.85257154240446
871.219,431.9809746135442
871.337,416.7673863426927
871.454,402.5269582450014
871.571,380.29865135943146
871.688,351.14393754745447
871.806,330.9113016575555
871.923,311.7029081918989
872.04,287.34126797299575
872.157,262.06967104413616
872.275,246.61365853086107
872.392,227.59487545481562
872.509,210.55704475972266
872.626,193.82743917285484
872.744,184.92813661628992
872.861,167.40805483894582
872.978,153.10009427372302
873.095,141.33412505049165
873.213,129.36209522119967
873.33,115.07058487242733
873.447,101.68903123361177
873.564,79.69881958613814
873.681,70.98133521139172
873.799,50.48809326088764
873.916,44.723855639387835
874.033,40.647063905333795
874.15,34.200129925597594
874.267,32.03173577412925
874.385,27.048712593306355
874.502,11.583469283545195
874.619,2.493176065102805
874.736,-10.689398093308178
874.853,-10.340976926188242
874.97,-10.81270911689575
875.088,-6.474507989320522
875.205,-7.5153814788722695
875.322,-6.681500067207951
875.439,-8.072484915313405
875.556,-5.11116937016479
875.673,1.015779311787334
875.791,6.205797622115682
875.908,10.10145410848647
876.025,13.244446126302334
876.142,7.9351621916928305
876.259,9.861694829508608
876.376,0.6242291761634249
876.493,-1.6646302705179743
876.61,-0.5925683080354123
876.728,4.639487126408895
876.845,13.810910592415926
876.962,18.91528623626229
877.079,23.124010743543593
877.196,25.862138695301482
877.313,11.455118641818999
877.43,3.7550930734889674
877.547,0.6419412508425328
877.664,-2.209850595221528
877.781,-9.56237144074979
877.898,-1.1474242775227186
878.016,-1.3548012368496094
878.133,6.68464548795929
878.25,11.104405407799801
878.367,15.248510761894412
878.484,26.73534039615559
878.601,16.256324941246124
878.718,8.864776881559798
878.835,11.200224947341749
878.952,7.518427481049184
879.069,8.529696514643554
879.186,0.7333586344275904
879.303,1.1927487632447544
879.42,4.385764346968941
879.537,-7.9389640272187645
879.654,-5.230554140882696
879.771,-7.106376717415378
879.888,-7.091308011006849
880.005,-8.64573224127379
880.122,-11.671480573142087
880.239,-16.16855300661176
880.356,-22.13694954168281
