wavelength_nm,intensity
792.446,0.25446659331284177
792.565,0.280803443101284
792.684,0.29801116997638977
792.803,0.30608977393815906
792.922,0.3050392549865917
793.041,0.2839100465785894
793.16,0.26442090777483745
793.279,0.25190346607896774
793.398,0.2274447930608336
793.518,0.22201003062651714
793.637,0.2113109025998844
793.756,0.20882445394491045
793.875,0.21319984127600303
793.994,0.23440415881830795
794.113,0.25803551032725786
794.232,0.28890872762120856
794.351,0.3023319630561311
794.47,0.29294556333201155
794.589,0.27161344815820676
794.708,0.24912554914162538
794.827,0.22476216383118858
794.946,0.2189159827059906
795.066,0.213276071442161
795.185,0.2157692462882666
795.304,0.2188509628583853
795.423,0.21357987107493737
795.542,0.22032287768434605
795.661,0.22272636998203058
795.78,0.2258170548069915
795.899,0.22615224333171519
796.018,0.21234785706600323
796.137,0.20599609057408147
796.256,0.20448830272875226
796.375,0.20139313377637028
796.494,0.20916636866076582
796.613,0.20140288397295025
796.732,0.19053548813798893
796.851,0.18166928346123817
796.97,0.16539248884054228
797.089,0.1570461856561054
797.208,0.16181986992501501
797.327,0.17833539114251779
797.446,0.2048137485178235
797.565,0.2154829755800891
797.684,0.22495157752536782
797.803,0.24677282948379245
797.922,0.2556046853352814
798.041,0.2503216290971506
798.16,0.2429893266275984
798.279,0.2259533724188871
798.398,0.21160453156724174
798.517,0.19334441057258284
798.636,0.18172191919293798
798.755,0.1942352436571113
798.874,0.20328345865666575
798.993,0.2045517125806931
799.112,0.20588386532047032
799.231,0.2023664342543784
799.35,0.19745107646477295
799.469,0.194901095889773
799.588,0.19662224668332606
799.707,0.20498214812374815
799.826,0.2100293485511156
799.945,0.2083483631493792
800.064,0.21053244106509872
800.183,0.2090365843403762
800.302,0.20091649161805092
800.421,0.19788184145441112
800.54,0.19048457737329777
800.659,0.1857233012471194
800.778,0.18596002719491572
800.897,0.191814048149399
801.016,0.196798861234933
801.135,0.21321090565299278
801.254,0.22848822958189977
801.373,0.23699162309979505
801.492,0.23395623573146535
801.611,0.2357188647036623
801.729,0.23001430048795046
801.848,0.23112336788852883
801.967,0.2288670976596069
802.086,0.23076537148629095
802.205,0.232945024308646
802.324,0.223747324831934
802.443,0.20185169753065468
802.562,0.1925732837603636
802.681,0.16928878959813007
802.8,0.15001051505379326
802.919,0.1338602060437289
803.038,0.11613454098022592
803.157,0.10413437374477832
803.276,0.08564887411160682
803.394,0.06796785669264338
803.513,0.06461649806535034
803.632,0.04622830862537602
803.751,0.03919634160564803
803.87,0.04160711542704651
803.989,0.047325459519053696
804.108,0.05667064636057423
804.227,0.06610781266414353
804.346,0.06319435336567947
804.465,0.06721136818452961
804.583,0.05929676989043338
804.702,0.06910007425246274
804.821,0.06809821256326841
804.94,0.06992551133985439
805.059,0.06483747413556648
805.178,0.07017819441735461
805.297,0.06246389350197316
805.416,0.06523913784197913
805.535,0.06708558676961426
805.653,0.07205742032786236
805.772,0.07338478054709893
805.891,0.07991951887823068
806.01,0.07249594778737298
806.129,0.0866980027573872
806.248,0.09994495780237186
806.367,0.12004924519241054
806.485,0.1431292991377953
806.604,0.16159420642012337
806.723,0.19408427977848808
806.842,0.22103514998043455
806.961,0.2456759884250864
807.08,0.26542912798079027
807.198,0.28009950910473036
807.317,0.2876132228646697
807.436,0.27922397872584404
807.555,0.26088893996712237
807.674,0.247724100124875
807.793,0.2314270972790219
807.912,0.2313480622832625
808.03,0.2391240974973328
808.149,0.2616742115319177
808.268,0.2922094354715431
808.387,0.3259833204410242
808.506,0.3520736530745308
808.624,0.3672283199599443
808.743,0.36976241021880374
808.862,0.37834895146422975
808.981,0.37525770387337815
809.1,0.3702887279249606
809.219,0.35965517801189795
809.337,0.3462347429066509
809.456,0.3284299522154691
809.575,0.30407273033027327
809.694,0.2816403201405645
809.812,0.2717107782326071
809.931,0.250269360202951
810.05,0.25072281533844204
810.169,0.25686214404382857
810.288,0.26095895270892533
810.406,0.2696777757132724
810.525,0.26635671659209187
810.644,0.2733244878385176
810.763,0.27956022528345625
810.882,0.28300571444064415
811.0,0.29320317846208255
811.119,0.29688296327701996
811.238,0.3133335429871167
811.357,0.3086190412698427
811.475,0.29986770384176575
811.594,0.31883387903507354
811.713,0.3255359657318012
811.832,0.34099106915442456
811.95,0.35586323601231096
812.069,0.35682227651452497
812.188,0.3877375302530841
812.307,0.3994169983871806
812.425,0.40904161513057935
812.544,0.43432704689200596
812.663,0.4393834588252068
812.782,0.4577666974537776
812.9,0.47138218760191375
813.019,0.47753272662585183
813.138,0.5017251523283969
813.257,0.5287963878352581
813.375,0.5441752610917232
813.494,0.5589768029427276
813.613,0.5628471631730599
813.731,0.5784704213739726
813.85,0.5770842632349755
813.969,0.5650684810443722
814.088,0.5484631944383207
814.206,0.5484054590478106
814.325,0.5406428717160756
814.444,0.5359877846871303
814.562,0.5328774795547377
814.681,0.5463337831794258
814.8,0.5463892720062965
814.918,0.5377063175213901
815.037,0.5176874889160614
815.156,0.5176331166211164
815.274,0.5147784067517239
815.393,0.5058723669276204
815.512,0.49330615809608236
815.631,0.48748519793766354
815.749,0.4841024820644423
815.868,0.4764239721218523
815.987,0.4600496180779853
816.105,0.4549719020396064
816.224,0.45834900825362346
816.343,0.45248544888470527
816.461,0.44599411167683956
816.58,0.4297329818503543
816.698,0.41877209063555354
816.817,0.40657918541181837
816.936,0.38932818445713546
817.055,0.377950269392177
817.173,0.36479439780477085
817.292,0.3578815526193261
817.41,0.3503263561808153
817.529,0.33471094070296153
817.648,0.32194406716933177
817.766,0.31968014108766385
817.885,0.3214082094425884
818.004,0.31999850963463095
818.122,0.3121013984802647
818.241,0.3220791402580714
818.359,0.3261176552666931
818.478,0.32880532688972264
818.597,0.3309044567887391
818.715,0.33383202922879535
818.834,0.3352024884218907
818.953,0.33104953866926745
819.071,0.34744997919387166
819.19,0.39057428724583565
819.308,0.47318598430530623
819.427,0.6118381417522645
819.546,0.7461030422789444
819.664,0.8403618047315802
819.783,0.8676794100158074
819.901,0.8137683071362958
820.02,0.706942344493243
820.138,0.5740216974454
820.257,0.4647430065594931
820.376,0.3952788591441869
820.494,0.3447959460330816
820.613,0.3165524082123623
820.731,0.2936536487708655
820.85,0.2677135299060391
820.969,0.2549253567671614
821.087,0.25256838504150836
821.206,0.2640696091106201
821.324,0.273578759572929
821.443,0.2971355602135421
821.561,0.3225162796826684
821.68,0.3394354507082674
821.798,0.33837999696657484
821.917,0.3336576480263162
822.035,0.3148024504867535
822.154,0.2977420249474674
822.273,0.28236202615922096
822.391,0.2714134662948302
822.51,0.26437170244603186
822.628,0.25464843039944357
822.747,0.24493076351213156
822.865,0.24860494316779475
822.984,0.24994289243708923
823.102,0.2541114471409234
823.221,0.26963269144300883
823.339,0.27920686175292264
823.458,0.2867631747233627
823.576,0.2860283360922755
823.695,0.2853932692963067
823.813,0.29462104076294426
823.932,0.3019688418083053
824.05,0.30473050153378417
824.169,0.30914456221392106
824.287,0.3114365095920446
824.406,0.3098250240501413
824.524,0.31049147523813275
824.643,0.30312349111945236
824.761,0.2928071932214297
824.88,0.2798284446671566
824.998,0.2816674951757538
825.117,0.27472662419392907
825.235,0.2737350692679868
825.354,0.2796210447740846
825.472,0.28475704996901113
825.591,0.28083735983712077
825.709,0.2787404675018883
825.828,0.2792667897079716
825.946,0.27522266504014636
826.064,0.26362278566784675
826.183,0.2478975090681783
826.301,0.23937374110672116
826.42,0.22782094507234246
826.538,0.22684060046495153
826.657,0.2448964977917862
826.775,0.249097562419422
826.894,0.23981709795566147
827.012,0.22918018494703246
827.13,0.2199075677062589
827.249,0.21761113170078883
827.367,0.2129414712577264
827.486,0.208586820765993
827.604,0.21452772683299765
827.723,0.21571545783368617
827.841,0.2098193885409661
827.959,0.20051986653566692
828.078,0.2122352076891334
828.196,0.2298740811658111
828.315,0.24388641659071228
828.433,0.2582653294322847
828.552,0.2795195306421868
828.67,0.31279567746793224
828.788,0.31741376594572734
828.907,0.3145175778976926
829.025,0.30652966316305214
829.143,0.2874076600419368
829.262,0.26008530889957077
829.38,0.2186618362005234
829.499,0.18193456378550016
829.617,0.1628848107602306
829.735,0.13905165108379017
829.854,0.12472405481723126
829.972,0.11192582878724336
830.091,0.1167950625802591
830.209,0.12204265545766048
830.327,0.11824806463790179
830.446,0.12186736400937187
830.564,0.13502222151378923
830.682,0.15839358987503055
830.801,0.18891289094324265
830.919,0.22171960196770218
831.037,0.26477616521967845
831.156,0.2904328060838468
831.274,0.29768658801201336
831.392,0.27490007931468996
831.511,0.24974370927534004
831.629,0.2126773017009546
831.747,0.18442980812445292
831.866,0.16405616404702356
831.984,0.16936618176633972
832.102,0.17217174695080043
832.221,0.16853615234499103
832.339,0.16422545564174448
832.457,0.17019856832841754
832.576,0.14999754541440694
832.694,0.13975689186330909
832.812,0.1269688540883214
832.93,0.12727662053145677
833.049,0.12198083676019347
833.167,0.11382574333144752
833.285,0.11049626292930566
833.404,0.12188989289265753
833.522,0.12523894867842492
833.64,0.128605706730352
833.759,0.13478955357974753
833.877,0.13897765529294004
833.995,0.13599643419467794
834.113,0.13563102081011674
834.232,0.13916748473246524
834.35,0.155482218606935
834.468,0.16985631755698422
834.586,0.19193063824659617
834.705,0.22286913006111897
834.823,0.24370762904671994
834.941,0.2491417465811096
835.059,0.2531600008823016
835.178,0.24370569434693967
835.296,0.2213023488514319
835.414,0.1901527128211602
835.532,0.17832518184820648
835.651,0.1690468773141215
835.769,0.16423812678697125
835.887,0.17021370270745384
836.005,0.18489969614333202
836.124,0.19922135422624976
836.242,0.21825583022869444
836.36,0.2308466151270857
836.478,0.2553741472203204
836.596,0.2693651009059354
836.715,0.2767229091039574
836.833,0.28629027108870353
836.951,0.29789006382704203
837.069,0.31371950975528895
837.188,0.3258562767522989
837.306,0.3347095414452426
837.424,0.35281243997596373
837.542,0.36047628987047287
837.66,0.36614918719003425
837.779,0.37420651926574083
837.897,0.38979045921768496
838.015,0.40234425006485236
838.133,0.4089442407287168
838.251,0.4200317219092003
838.369,0.424941196535328
838.487,0.4246221785885077
838.606,0.43015158383059593
838.724,0.4274727938284467
838.842,0.4303363853187192
838.96,0.4252328034136356
839.078,0.43032949035959284
839.196,0.43956502691518207
839.315,0.44172685246406007
839.433,0.4474782220134911
839.551,0.4504628849441324
839.669,0.44343785443912803
839.787,0.4421738066383216
839.905,0.43562521467180426
840.023,0.43676241710497177
840.142,0.4285434876741119
840.26,0.42109022300039667
840.378,0.4102951623661416
840.496,0.40811971566700617
840.614,0.4139809463382531
840.732,0.41817632367257906
840.85,0.41512871419004915
840.968,0.41723897227358564
841.087,0.4101836739084894
841.205,0.40248378222661696
841.323,0.40357053822629796
841.441,0.4091728105389796
841.559,0.4147638725331083
841.677,0.42056456748417126
841.795,0.41767166039766745
841.913,0.4315404216110601
842.031,0.4469550857528607
842.149,0.4559821103833711
842.267,0.4737408521345271
842.385,0.4946732350679335
842.504,0.5122010442569054
842.622,0.5301458772960352
842.74,0.5375193799400322
842.858,0.5458659382343978
842.976,0.5461388251071572
843.094,0.5328774943913228
843.212,0.5313970874424503
843.33,0.5380026832655918
843.448,0.549077833095668
843.566,0.555673339632112
843.684,0.5624235485645821
843.802,0.566898062830868
843.92,0.5631946497130081
844.038,0.5626469412677144
844.156,0.5688702652282108
844.274,0.5748749879769306
844.392,0.5883861400284933
844.51,0.5926084221273444
844.628,0.6003451390924459
844.746,0.5981472717562044
844.864,0.5834095420869878
844.982,0.5756659301627591
845.1,0.556309549249858
845.218,0.5528550052038665
845.336,0.5329313821722022
845.454,0.5121927689817618
845.572,0.490908213277808
845.69,0.4602159582444848
845.808,0.4210587916720687
845.926,0.38618957194603454
846.044,0.3536834873708952
846.162,0.33884598586656034
846.28,0.3066706056887236
846.398,0.2803884899740061
846.516,0.26982772499750096
846.634,0.25690158280639025
846.752,0.23461594565568664
846.87,0.22425696641312926
846.988,0.2133789494215852
847.106,0.19903918606098797
847.224,0.18209190260504837
847.342,0.1716466039096357
847.46,0.1702984787196844
847.578,0.16270620609591652
847.696,0.15238758400014857
847.814,0.15481957822614512
847.932,0.15141685945883668
848.05,0.13291799139186294
848.168,0.1269001791593554
848.285,0.12991586758865875
848.403,0.1296936560619651
848.521,0.13520213081076454
848.639,0.14466458402147298
848.757,0.1667184901035264
848.875,0.19049628650426004
848.993,0.19918856844487126
849.111,0.21830196251200992
849.229,0.23769225144739864
849.347,0.25376989125048455
849.465,0.26844960433005727
849.582,0.28590611331511706
849.7,0.3122905199954937
849.818,0.3411423177893048
849.936,0.361261277430615
850.054,0.3735834605185691
850.172,0.3940387297164586
850.29,0.4014597615332024
850.408,0.4020839772114849
850.525,0.4061363083031625
850.643,0.41226030626336657
850.761,0.41977550475595227
850.879,0.41862624803920795
850.997,0.4145040148423054
851.115,0.4120734187149952
851.233,0.4013370975720392
851.35,0.3921354690389387
851.468,0.3848620152968909
851.586,0.37704149800947456
851.704,0.3775962097127304
851.822,0.39273330378925086
851.94,0.41690927771475916
852.057,0.4576036560275715
852.175,0.5067371621468058
852.293,0.5612863731588168
852.411,0.6173971815452095
852.529,0.6728387339140101
852.647,0.7232883314313232
852.764,0.7742580877294787
852.882,0.8201114546402124
853.0,0.8703110620538016
853.118,0.8965127405417701
853.236,0.9258353717147915
853.353,0.9519215839216677
853.471,0.9704834303160167
853.589,0.9717387869288113
853.707,0.9543951040309326
853.824,0.9284093865608297
853.942,0.9003194922983973
854.06,0.8534388620780419
854.178,0.8212527174164774
854.296,0.7838347170863991
854.413,0.7487955463531896
854.531,0.7078541429020186
854.649,0.6530310019871228
854.767,0.604294503530379
854.884,0.5619960910184122
855.002,0.5032431729348912
855.12,0.4469542828692389
855.238,0.395457803984837
855.355,0.3582354237135025
855.473,0.3101132507134431
855.591,0.2690121002228977
855.708,0.22986389933566936
855.826,0.19290200950252412
855.944,0.15439985391438382
856.062,0.12581550955541354
856.179,0.11013476752046021
856.297,0.10420464438045847
856.415,0.08817054269233267
856.532,0.08162465763681721
856.65,0.06903335346204775
856.768,0.06161960620375999
856.886,0.04410664198391466
857.003,0.04092277581258144
857.121,0.04080473001004627
857.239,0.04276380334439545
857.356,0.045013934734052186
857.474,0.047322871947595366
857.592,0.04861307452307001
857.709,0.04983383494855151
857.827,0.0401814208909196
857.945,0.048823942657597555
858.062,0.058836459300915286
858.18,0.06322756771594268
858.298,0.06987549317217548
858.415,0.07660020858183071
858.533,0.07827577207476619
858.651,0.09584362639245621
858.768,0.09882107401487147
858.886,0.12000473488150024
859.003,0.13194086736707802
859.121,0.12767718975228892
859.239,0.1241195713112427
859.356,0.10950928307853211
859.474,0.10127718050866032
859.592,0.0976518617960513
859.709,0.08547497690049882
859.827,0.08165867666957313
859.944,0.07114093811208018
860.062,0.061720551400052046
860.18,0.05809955699530129
860.297,0.054760778798535234
860.415,0.06608115451573052
860.532,0.07256518550843377
860.65,0.07813585937182588
860.768,0.07291074326592697
860.885,0.07483391999091318
861.003,0.08485558338724755
861.12,0.09151734598770109
861.238,0.10986636826565165
861.356,0.11846022505592099
861.473,0.13536564637077464
861.591,0.14450866050458872
861.708,0.14411698810059764
861.826,0.1558178863193314
861.943,0.1619988236827487
862.061,0.15677998810999372
862.178,0.1425962607906982
862.296,0.1297476824110212
862.414,0.13238615911180623
862.531,0.1268601608107087
862.649,0.13211400482982277
862.766,0.14664887157866152
862.884,0.14586371699347211
863.001,0.14247104231294028
863.119,0.12528407065339375
863.236,0.12922518636999392
863.354,0.13073254192881742
863.471,0.12457988682062687
863.589,0.14193639074916234
863.706,0.1403698769608539
863.824,0.14295342310073017
863.941,0.15121835868308078
864.059,0.15763022860868134
864.176,0.17042973804557207
864.294,0.1773942766758178
864.411,0.18947856778905106
864.529,0.20433629171220566
864.646,0.19640007492229222
864.764,0.19769107133305092
864.881,0.1993890023072703
864.999,0.18777131690467258
865.116,0.17456961349058803
865.233,0.17366562952874176
865.351,0.1974647035294771
865.468,0.22211912483577825
865.586,0.24313355570803946
865.703,0.270454911798012
865.821,0.2926363368316025
865.938,0.30098534980309954
866.056,0.2995668122196875
866.173,0.29185816489639305
866.29,0.293753397477139
866.408,0.2910938776299501
866.525,0.2916091199968664
866.643,0.2984055038488227
866.76,0.3067320961832132
866.878,0.3144443630609193
866.995,0.31078824589440035
867.112,0.311145422769724
867.23,0.312590000544653
867.347,0.310764528397779
867.465,0.3089446614101813
867.582,0.31290371363646546
867.699,0.3126745908514861
867.817,0.3000345243968867
867.934,0.29483474636566986
868.051,0.30510969206450733
868.169,0.31687785219455566
868.286,0.3240957440240904
868.404,0.33125085806973065
868.521,0.34936966365984556
868.638,0.3513231898970642
868.756,0.35652098232341445
868.873,0.3700670989759104
868.99,0.39348726420956515
869.108,0.42406409680722057
869.225,0.44782841882044105
869.342,0.48197237478154403
869.46,0.5219053392432265
869.577,0.5492266953331968
869.694,0.5839020203936941
869.812,0.6100249934303876
869.929,0.6312311207498962
870.046,0.6599526456270897
870.164,0.6719483752237553
870.281,0.6809161977793547
870.398,0.6859368671725725
870.516,0.6688406990933011
870.633,0.6560324778604116
870.75,0.6317785213852842
870.867,0.6048183940115512
870.985,0.5952521969040834
871.102,0.5748837368392983
871.219,0.5565690071333556
871.337,0.5471362128166636
871.454,0.5219697364113516
871.571,0.49897469870968447
871.688,0.4771735599338731
871.806,0.4473682537114819
871.923,0.4256231665284339
872.04,0.39794669979918784
872.157,0.3659946175739678
872.275,0.3546246802113816
872.392,0.3351384722166894
872.509,0.31657263137516833
872.626,0.30401664230971387
872.744,0.287410365151193
872.861,0.27244527862877765
872.978,0.25175956654895376
873.095,0.22431515341374747
873.213,0.21289925374509555
873.33,0.19719428619820634
873.447,0.18827268240751538
873.564,0.17122247663431056
873.681,0.1635799701904752
873.799,0.1520497252725872
873.916,0.1373794701281068
874.033,0.11996595953867457
874.15,0.11590698809379041
874.267,0.10009807690244678
874.385,0.09338188253960215
874.502,0.08593494213914712
874.619,0.08708857110551486
874.736,0.09180440548203364
874.853,0.09359243029439013
874.97,0.08716636764727737
875.088,0.09146296798011934
875.205,0.08915223296924668
875.322,0.0942111715823371
875.439,0.09120081975134475
875.556,0.09314596776726353
875.673,0.0971592281227134
875.791,0.09678931569523369
875.908,0.09114437073612713
876.025,0.07975393881164057
876.142,0.08356246136507503
876.259,0.08939242808073518
876.376,0.07411339391126692
876.493,0.07937214137565568
876.61,0.09018774362381096
876.728,0.09192352504188203
876.845,0.1001594232102204
876.962,0.09108990091253949
877.079,0.10041270529212755
877.196,0.10221622311286743
877.313,0.09114714071800552
877.43,0.09604704899323983
877.547,0.09122984077256632
877.664,0.08994567566586709
877.781,0.08609357977020243
877.898,0.0851226775681985
878.016,0.08950900890563078
878.133,0.09649762445823541
878.25,0.10489499029672067
878.367,0.104047528622628
878.484,0.10335953543792731
878.601,0.11205762495242322
878.718,0.10483526930305778
878.835,0.09803037568487374
878.952,0.0963129396580814
879.069,0.10023619222555802
879.186,0.09585932530760523
879.303,0.08495881936866162
879.42,0.08051377671859439
879.537,0.08029401239297959
879.654,0.08126626199897716
879.771,0.0667656215201955
879.888,0.06601994456464107
880.005,0.06590667476479099
880.122,0.06692116767970137
880.239,0.06906342330937228
880.356,0.07233344165380372
