wavelength_nm,intensity
792.446,152.07531855978698
792.565,189.35047007493856
792.684,212.4355783000468
792.803,221.33064323511175
792.922,216.0356648801332
793.041,180.93090297537134
793.16,147.2676995121679
793.279,113.15860860307701
793.398,79.80536184983023
793.518,71.39670384117224
793.637,69.96899821346656
793.756,81.88414972861804
793.875,108.24259128705965
793.994,133.7915090359774
794.113,167.6971367416051
794.232,188.0451886896571
794.351,185.88934453381302
794.47,176.56207180654027
794.589,155.4919419364104
794.708,131.45904150351
794.827,117.37592462039318
794.946,109.88674713121569
795.066,121.64778609225459
795.185,131.28241812688657
795.304,133.91358695805542
795.423,130.8053618498303
795.542,131.76120600567444
795.661,121.68674713121558
795.78,118.48588133034974
795.899,116.87289431736278
796.018,115.72397656844501
796.137,109.03653068099909
796.256,104.04432288879136
796.375,105.01834886281736
796.494,98.19150903597756
796.613,87.52224496671349
796.732,84.00536184983032
796.851,89.74475578922426
796.97,89.14908479355327
797.089,84.27549171996012
797.208,89.31358695805538
797.327,102.48588133034977
797.446,109.45730990177836
797.565,116.27029691476531
797.684,130.91618436065272
797.803,154.6668337113021
797.922,165.31012375459215
798.041,159.29540513987354
798.16,153.44172548619392
798.279,138.4001670446355
798.398,122.91705016151859
798.517,106.7404267848952
798.636,105.71964756411603
798.755,109.42354366801212
798.874,108.66943111389956
798.993,104.65211509658363
799.112,112.59843544290399
799.231,115.01834886281743
799.35,115.74388998835852
799.469,113.8252752697438
799.588,119.80969085415938
799.707,114.0278726723411
799.826,113.16899821346666
799.945,108.21228825675671
800.064,118.60795925242773
800.183,116.67635752082606
800.302,112.68934453381303
800.421,112.79324063770909
800.54,120.39670384117227
800.659,115.96034020480857
800.778,130.21661726108567
800.897,142.30925795372627
801.016,154.16120600567442
801.135,156.67029691476537
801.254,164.53609778056625
801.373,167.26423630870477
801.492,164.62354366801213
801.611,157.63393327840168
801.729,164.23047007493847
801.848,177.40882505329336
801.967,180.12657397104232
802.086,194.9179159623843
802.205,195.44951769398605
802.324,181.5153185597869
802.443,166.48847873294707
802.562,140.76207180654018
802.681,114.17505881952721
802.8,89.3868417915289
802.919,63.486536441068125
803.038,49.08318398742649
803.157,25.154142758621198
803.276,15.921072734481548
803.394,8.738827722191633
803.513,-7.275150093500087
803.632,-19.631164016566945
803.751,-25.72399243522651
803.87,-26.239949133503487
803.989,-26.776955876240862
804.108,-21.514001436949492
804.227,-8.087867747134116
804.346,-11.12159456011241
804.465,-16.082843397178856
804.583,-13.301899031389919
804.702,-13.80374062220115
804.821,-10.874601363540716
804.94,-4.841509240652078
805.059,7.350070354907506
805.178,17.090433421917414
805.297,21.18037273412982
805.416,21.390150586480356
805.535,16.975272583285154
805.653,4.141634668893895
805.772,0.5453129984587872
805.891,11.68570290407953
806.01,21.182890281466513
806.129,45.580369232093744
806.248,71.65926714308515
806.367,96.31916795364411
806.485,121.04864306759319
806.604,145.86547720014852
806.723,178.6693243197169
806.842,205.88789005400417
806.961,223.76359864543446
807.08,235.49125528881297
807.198,245.92886864214816
807.317,233.5223261513274
807.436,227.72357586829878
807.555,209.73348359392799
807.674,207.65421383037952
807.793,197.6840349759221
807.912,198.7112587188672
808.03,207.94627466960463
808.149,230.57263261168396
808.268,245.9989905537631
808.387,268.6374697079633
808.506,287.7876371738516
808.624,312.00706870900376
808.743,324.8178422354979
808.862,327.9714729048492
808.981,335.6705581196551
809.1,318.13587710069487
809.219,304.5120185925573
809.337,273.4188960151557
809.456,250.9560764680572
809.575,230.4854647131665
809.694,216.6434243868472
809.812,204.72952258866636
809.931,207.5013350761996
810.05,211.23678392736915
810.169,221.48998169628746
810.288,224.68603660806286
810.406,231.92884476659117
810.525,240.91883907230522
810.644,245.87073813992382
810.763,251.89016967507462
810.882,265.05938476000887
811.0,284.1489461652893
811.119,296.7060400381023
811.238,310.59560144338286
811.357,321.13451349801403
811.475,315.80416148338116
811.594,315.7430735380125
811.713,308.50536221602056
811.832,315.67717470355257
811.95,330.3372988793962
812.069,339.4303234881402
812.188,352.87659485013074
812.307,366.1713510606061
812.425,358.8522544572287
812.544,357.6768807975742
812.663,341.9162257526385
812.782,342.6127135648457
812.9,343.88062994848156
813.019,347.7970311806022
813.138,361.15152765081797
813.257,382.9319981470076
813.375,403.6890920198206
813.494,418.2011642476119
813.613,441.5703793325461
813.731,454.13959441748045
813.85,462.9702813638867
813.969,459.2892799986047
814.088,460.65503188007574
814.206,464.3818227225855
814.325,467.3233321798141
814.444,466.3089974811983
814.562,474.29552858344834
814.681,472.79634539998415
814.8,476.95863407799175
814.918,461.95555479063154
815.037,458.1784495292452
815.156,451.7442014107161
815.274,442.7679619501956
815.393,425.487826385779
815.512,418.15574276941413
815.631,415.3691136985037
815.749,418.1772898223985
815.868,422.960357721185
815.987,421.2352005117463
816.105,422.6269264191907
816.224,431.3164878244704
816.343,431.9861358098367
816.461,437.6912816307007
816.58,434.6016222567594
816.698,428.830577601433
816.817,413.5573684439423
816.936,380.89281729510964
817.055,360.80662112463204
817.173,342.32908296281244
817.292,321.420375969824
817.41,310.52205858722516
817.529,301.3311005119856
817.648,289.15139784800147
817.766,276.3829505952727
817.885,267.0517327797733
818.004,272.4651037088625
818.122,269.83951359899066
818.241,272.94985422504965
818.359,279.5943939853079
818.478,285.61902032565274
818.597,283.6635600859111
818.715,293.25569253681454
818.834,301.67635501602
818.953,294.46861762960873
819.071,310.2637565684586
819.19,327.50833997817705
819.308,436.02374180982747
819.427,573.5248944439788
819.546,711.1196659039294
819.664,817.7763816892244
819.783,837.0149589324635
819.901,763.7550706796459
820.02,637.7997332442228
820.138,479.06917751752076
820.257,392.32820636982683
820.376,320.31543617522664
820.494,275.4054705627723
820.613,252.59476198433111
820.731,232.61938832467644
820.85,217.11847353948082
820.969,199.33530767203422
821.087,200.83785609030195
821.206,214.12828329644844
821.324,241.05247673636114
821.443,274.3403065399104
821.561,315.37185928718253
821.68,345.6666154976583
821.798,359.6418911886535
821.917,348.7072101696922
822.035,326.4729620511637
822.154,297.01620311012437
822.273,273.87632728596816
822.391,258.6922956176562
822.51,249.65112109220138
822.628,239.10605046285048
822.747,236.94539541791497
822.865,235.07045465869393
822.984,233.69594679990593
823.102,233.78031339999242
823.221,237.71316484856396
823.339,240.73346218458155
823.458,245.11912748596717
823.576,236.99397027653015
823.695,244.3458693441492
823.813,249.66140477540452
823.932,252.0791047088244
824.05,257.9712635167031
824.169,264.4625565237162
824.287,262.98848156536155
824.406,255.5031511957515
824.524,250.7121931205137
824.643,250.198291322332
824.761,238.2168570566177
824.88,236.85273880821927
824.998,241.14230021350042
825.117,249.81367980059966
825.235,251.92921523185458
825.354,248.57635239471114
825.472,245.3230566571347
825.591,238.68101633081363
825.709,231.04070760622403
825.828,229.65321273444823
825.946,231.71680011375446
826.064,227.256577969251
826.183,224.14873677712845
826.301,214.59241073652097
826.42,206.47591153574044
826.538,210.57499675054436
826.657,222.17105166231818
826.775,233.07273427971978
826.894,245.17095369365808
827.012,234.98865362707693
827.13,233.29553104967346
827.249,221.46734353720507
827.367,211.5006278862086
827.486,201.22049232179222
827.604,192.3265039435231
827.723,183.68359781633615
827.841,173.24242329088077
827.959,164.58393274810925
828.078,172.4267409066365
828.196,191.03405122966586
828.315,214.5132230245565
828.433,238.4807065077589
828.552,256.0845536273249
828.67,270.6303920888822
828.788,263.74506171927095
828.907,255.4354889254173
829.025,230.78305898870676
829.143,206.3522740736414
829.262,171.37170861014582
829.38,139.07924999853947
829.499,102.34450237485359
829.617,77.35603622264856
829.735,53.314033370030515
829.854,39.63480488814433
829.972,32.92033278240923
830.091,38.262310739873726
830.209,44.96829433404696
830.327,56.72269500360227
830.446,66.11879570193275
830.564,94.54459027229564
830.682,125.31368563426949
830.801,155.6538840621276
830.919,189.92580348277113
831.037,224.1485794296912
831.156,241.0450705871964
831.274,244.47749248063232
831.392,224.19649446064824
831.511,204.66874319391087
831.629,177.01545080163226
831.747,145.51107615827118
831.866,124.1261820343905
831.984,118.92570349492536
832.102,119.30444573468122
832.221,115.75937845062774
832.339,115.75630250856577
832.457,114.10732203408072
832.576,109.54608743835405
832.694,98.56645215701776
832.812,92.67690625445718
832.93,94.19226165846555
833.049,88.48270597222275
833.167,78.29589970840695
833.285,79.01693329761221
833.404,71.95528858467512
833.522,69.67704685209435
833.64,65.27164067289407
833.759,70.16504763799281
833.877,81.91037839692297
833.995,89.50748409103834
834.113,106.70580640145846
834.232,123.549135233085
834.35,147.51571013813725
834.468,171.66230504568168
834.586,187.89374843807477
834.705,200.26025676553283
834.823,210.1549036211295
834.941,214.81058943776515
835.059,209.13467352279906
835.178,189.47607362514907
835.296,175.3837074937329
835.414,163.58138465235993
835.532,155.0994081313334
835.651,143.22695541983074
835.769,149.63675379057923
835.887,160.06213657691217
836.005,174.17323364895947
836.124,183.483464920141
836.242,199.39456199218836
836.36,222.63985819843495
836.478,241.41848773801496
836.596,254.86378394426163
836.715,265.1212013626296
836.833,272.95957116195007
836.951,287.8827894461189
837.069,292.81206833634843
837.188,304.22532991056073
837.306,318.2844789306606
837.424,329.5670045741372
837.542,338.0053743734579
837.66,341.9623588913935
837.779,352.8344949244804
837.897,361.6572803082166
838.015,366.9830959949831
838.133,375.5262276990655
838.251,384.7931689269575
838.369,387.58911448385356
838.487,377.57120722689695
838.606,372.6571960738362
838.724,368.34058751817815
838.842,363.50536424390543
838.96,363.0476301471218
839.078,366.1769090373514
839.196,379.4819455033384
839.315,387.57053175287524
839.433,395.420156963451
839.551,395.6524661567105
839.669,397.1774160426108
839.787,391.5586429847881
839.905,384.6602162473115
840.023,383.0327851808306
840.142,380.4650943740899
840.26,371.4125550825008
840.378,365.67949631039215
840.496,357.74903494088096
840.614,351.14065149344793
840.732,343.3582420719889
840.85,354.70743438213157
840.968,365.7700466056941
841.087,368.64218263878035
841.205,367.50219745974533
841.323,370.3639438824418
841.441,381.97980285925075
841.559,384.08137612177404
841.677,392.2729926743406
841.795,414.65248801478583
841.913,428.86488378813135
842.031,440.7422146264118
842.149,451.0351298802765
842.267,469.27090227699813
842.385,481.91793008497535
842.504,487.74591027390477
842.622,492.43795972690367
842.74,510.35078840068167
842.858,516.961452572295
842.976,522.6638916356834
843.094,526.9784519111929
843.212,539.1830554767458
843.33,539.748698003338
843.448,539.7507041662938
843.566,532.9267363032753
843.684,534.0793918168804
843.802,521.3186274170655
843.92,514.6219322813199
844.038,517.8819471022842
844.156,539.0042995855861
844.274,554.4348771771131
844.392,573.0550651582503
844.51,591.2042574683917
844.628,597.1984714235548
844.746,588.944200530233
844.864,571.6172023641843
844.982,562.5334942414254
845.1,548.4298726987531
845.218,523.4794979093277
845.336,504.4693828601619
845.454,487.27312062484896
845.572,454.6500185626961
845.69,418.74033641396306
845.808,386.71030794488354
845.926,358.99889419441865
846.044,328.3212466777197
846.162,304.6964130138347
846.28,284.47763995600997
846.398,273.5445811838995
846.516,256.76130596157253
846.634,236.94772770894247
846.752,226.21899794116092
846.87,205.5595322426434
846.988,188.59530463936392
847.106,167.08302508803257
847.224,154.50234726830286
847.342,149.96842269532647
847.46,129.89717911681316
847.578,104.56827886493684
847.696,91.29709077793537
847.814,85.13332058263632
847.932,83.09131392475982
848.05,83.05654987541203
848.168,96.48607383151806
848.285,104.2188871262116
848.403,101.91231066519862
848.521,103.15321262381264
848.639,108.0348072231192
848.757,118.56055766658142
848.875,128.39280161653707
848.993,144.15924470069172
849.111,161.05122891038727
849.229,176.03239060926006
849.347,185.5884440830247
849.465,195.29514690743875
849.582,204.76115709116027
849.7,202.42543567315028
849.818,206.8940432594694
849.936,207.4284517115895
850.054,217.14554414639363
850.172,223.02627294483403
850.29,229.29661213288495
850.408,238.92019807418262
850.525,251.03122990292638
850.643,259.4634738528822
850.761,275.77537148249166
850.879,285.5123773372094
850.997,297.3073918499358
851.115,305.1907180509741
851.233,304.3891957671639
851.35,306.9833444790248
851.468,310.52900834240086
851.586,319.8287847598892
851.704,328.25150490032115
851.822,344.7097228762508
851.94,367.3575512417907
852.057,410.0659856679366
852.175,459.3371906568528
852.293,521.2698675072406
852.411,589.1705097255939
852.529,654.6079484807436
852.647,714.5977681882744
852.764,772.531310839528
852.882,813.2129054388338
853.0,849.9845433281829
853.118,879.6271768885276
853.236,911.0369100159719
853.353,937.4371193338926
853.471,948.152480166965
853.589,938.3734687056653
853.707,916.1373143872229
853.824,876.5427185103391
853.942,827.4286421139747
854.06,776.7820981851426
854.178,750.0836062043622
854.296,720.3418241802922
854.413,697.3619469181268
854.531,660.5353164092083
854.649,622.2550062466103
854.767,572.5521852615013
854.884,519.0805331075612
855.002,460.6712186159587
855.12,409.3320339944859
855.238,358.22488400504767
855.355,315.8874309853063
855.473,264.5378567534437
855.591,220.69391022720873
855.708,170.26641391742385
855.826,131.3436795124009
855.944,98.10406199049481
856.062,73.52460249331608
856.179,55.425630631331856
856.297,35.61295223235018
856.415,17.403950732337158
856.532,7.902820244497466
856.65,-7.972200302984125
856.768,-17.835390878958826
856.886,-30.5444545881639
857.003,-34.27999074854232
857.121,-33.85924417968562
857.239,-33.013357125567815
857.356,-36.31996365881357
857.474,-36.65649190935221
857.592,-37.70460788725619
857.709,-40.56918457438793
857.827,-36.43671267172484
857.945,-26.520363982499973
858.062,-10.886139128154836
858.18,3.8557404885012643
858.298,2.019701109797751
858.415,2.990226966125423
858.533,1.6346231914989984
858.651,3.679935539027788
858.768,13.464856886043979
858.886,20.745208513860305
859.003,30.6103777967978
859.121,27.601313609274662
859.239,16.86338039192765
859.356,4.220694143867027
859.474,-5.148899635871343
859.592,-8.431312325064784
859.709,-14.847052727689238
859.827,-12.487201062112593
859.944,-11.187860564644325
860.062,-15.79973823116746
860.18,-13.795708517311356
860.297,-7.665647287752684
860.415,-4.652031241667164
860.532,2.352826198895548
860.65,-4.775834454365285
860.768,0.8491157858380411
860.885,3.491594671509059
861.003,5.664976681754675
861.12,14.316777275275754
861.238,27.431912061117778
861.356,30.834315778744667
861.473,39.14742183647644
861.591,38.82986447984083
861.708,43.99662099661329
861.826,45.329547395913806
861.943,50.98628331902382
862.061,42.81436772282811
862.178,35.31061518856477
862.296,28.440159198812516
862.414,28.031257332296157
862.531,31.160572649167655
862.649,29.919851601340397
862.766,32.99178468161125
862.884,38.45882345539635
863.001,33.9945225520727
863.119,36.83583837933266
863.236,46.60044007476317
863.354,54.33787184766267
863.471,58.59968284917055
863.589,57.88185141469189
863.706,59.287829504022696
863.824,60.07995477950069
863.941,70.34220992510868
864.059,82.13866420491566
864.176,100.93165528125922
864.294,109.2259450589014
864.411,122.47001838632718
864.529,122.98595318561456
864.646,120.64214772516172
864.764,121.05851542488209
864.881,114.86709091681035
864.999,107.065276798349
865.116,126.16043237685727
865.233,145.13610743588526
865.351,164.80009418322504
865.468,181.77836664485062
865.586,197.75144430128142
865.703,217.35655658974696
865.821,217.0014957180394
865.938,213.31483311473016
866.056,229.4905081737586
866.173,224.70168106828487
866.29,214.18384963380686
866.408,214.4911264244371
866.525,206.0339010505653
866.643,204.43641593643386
866.76,204.7030000863717
866.878,203.94274440946964
866.995,208.6837874338662
867.112,195.3209343543666
867.23,192.0360033527893
867.347,187.41600741614712
867.465,182.47739676089023
867.582,178.71887268572004
867.699,180.5456299958314
867.817,184.8243353578907
867.934,189.2155948325041
868.051,194.21637811664124
868.169,199.49854668216364
868.286,208.23179749876823
868.404,219.9520613023857
868.521,231.4879095215875
868.638,249.39258890962054
868.756,268.551813752199
868.873,285.3266230103617
868.99,304.33086949796177
869.108,315.8182328686787
869.225,340.1523494861491
869.342,368.2267258438793
869.46,404.6811887816962
869.577,447.8681192519807
869.694,490.78838305559856
869.812,523.4887334393028
869.929,545.5899496238728
870.046,565.3275294448063
870.164,584.936104936735
870.281,593.3715202555036
870.398,605.8060697734063
870.516,610.4691907198805
870.633,597.9885887226319
870.75,570.5443503617471
870.867,546.5295492302995
870.985,533.176219960324
871.102,511.9891244565825
871.219,488.8773536281659
871.337,477.99848323264973
871.454,465.0598725773935
871.571,433.63295023382557
871.688,402.97312745735724
871.806,385.4102743778586
871.923,370.5236117745506
872.04,348.22915696345024
872.157,329.70266752031523
872.275,316.78050708150926
872.392,302.62111720547387
872.509,282.0149740826853
872.626,262.34995650102246
872.744,243.86329389771458
872.861,225.1376702554458
872.978,206.76615916728963
873.095,192.19031907480448
873.213,177.77724954508994
873.33,156.12088997208525
873.447,139.65933559388571
873.564,113.43933965724443
873.681,94.39510129636079
873.799,77.05995384456811
873.916,57.06884697012594
874.033,42.395854458258384
874.15,28.699637547019726
874.267,14.495024649858745
874.385,12.00700258933291
874.502,5.780747051503041
874.619,6.761989450289219
874.736,5.235694822539842
874.853,6.266770883081453
874.97,-0.4173404526108344
875.088,0.1412126967842734
875.205,-2.6725445700169423
875.322,-0.28430264552304507
875.439,-3.537071180667331
875.556,-7.444881765606886
875.673,-4.48308461296512
875.791,-8.6294386842734
875.908,-9.518339524221288
876.025,-6.149574806457382
876.142,-8.421933885247888
876.259,-9.305379382687331
876.376,-14.507769966878255
876.493,-9.461446194643775
876.61,-2.327024055399068
876.728,-5.471243688188408
876.845,0.3678147869802588
876.962,-2.5844495979136
877.079,-7.177698130112079
877.196,1.907519259979173
877.313,-2.426303956388402
877.43,4.988217597633476
877.547,13.596814246380973
877.664,11.635031306262917
877.781,10.334587102244212
877.898,9.33125777988281
878.016,4.713769392789564
878.133,6.683199035161195
878.25,1.742682351711739
878.367,-5.782506458354227
878.484,-7.489246423336542
878.601,-12.56814048294045
878.718,-14.92022020353149
878.835,-13.888791484954924
878.952,-17.111490194421677
879.069,-15.236524620632316
879.186,-15.557420062492566
879.303,-14.471284780600495
879.42,-17.6240804014369
879.537,-14.740684989329777
879.654,-17.22129795021623
879.771,-22.895292034270224
879.888,-29.743554272185516
880.005,-34.99566084294937
880.122,-40.55433112665716
880.239,-46.419565123308935
880.356,-52.59136283290469
