wavelength_nm,intensity
792.446,0.19189685378890317
792.565,0.2156339265315374
792.684,0.22917568855990395
792.803,0.23252213987400283
792.922,0.22567328047383384
793.041,0.19718614546935986
793.16,0.16402515068376083
793.279,0.13733813784023838
793.398,0.11650999793132827
793.518,0.11013611246815669
793.637,0.11818177057497425
793.756,0.1357850279578749
793.875,0.1591527124041632
793.994,0.18033603336725207
794.113,0.20065077520694014
794.232,0.21446651098482547
794.351,0.21624887409306803
794.47,0.20944715690554472
794.589,0.19749127828408636
794.708,0.17520770328271185
794.827,0.15648966172749101
794.946,0.1370846677243017
795.066,0.13241000071350809
795.185,0.1293958051310002
795.304,0.1324834586133497
795.423,0.1397678991426887
795.542,0.14828820829463607
795.661,0.14714517108391523
795.78,0.15726218052032986
795.899,0.15402599677896017
796.018,0.15845526597050302
796.137,0.14617003764426076
796.256,0.13931988667662215
796.375,0.1414977923224729
796.494,0.1401359958715649
796.613,0.13330925456431536
796.732,0.14287169721840998
796.851,0.1306905155831695
796.97,0.1338889999612563
797.089,0.12797344438424862
797.208,0.12575591357943733
797.327,0.1261887976560381
797.446,0.12710289627551163
797.565,0.13261697977953377
797.684,0.14167270620703887
797.803,0.14616992075978097
797.922,0.16091087980690613
798.041,0.16607648052523954
798.16,0.16657952267780826
798.279,0.15193812901799558
798.398,0.13659121662783694
798.517,0.13180771168082211
798.636,0.12283791367250943
798.755,0.12987063661428705
798.874,0.13548263533934957
798.993,0.14876654483467333
799.112,0.1587028728943622
799.231,0.16443514884004412
799.35,0.1646338654075546
799.469,0.16359590612278807
799.588,0.1600167878413063
799.707,0.1606304204584711
799.826,0.14984354846616632
799.945,0.15619981294566693
800.064,0.1492553541758414
800.183,0.15715746347068815
800.302,0.15761207184314105
800.421,0.16380204701091242
800.54,0.16569513865278937
800.659,0.16977985884488317
800.778,0.16895339373328694
800.897,0.17816967292859526
801.016,0.18002078862770587
801.135,0.19182181722183328
801.254,0.19718438197930208
801.373,0.2019851148874336
801.492,0.18975410901802475
801.611,0.19235514107925367
801.729,0.19614037906430115
801.848,0.20154007638652488
801.967,0.2181328202933913
802.086,0.22553041104537075
802.205,0.2249582232793801
802.324,0.21889606653732196
802.443,0.19083447963723255
802.562,0.16826447617254808
802.681,0.14639676251953526
802.8,0.12776615766610538
802.919,0.11222891135724247
803.038,0.09057502562020267
803.157,0.07368538377078893
803.276,0.06769496554406375
803.394,0.05364711083072668
803.513,0.046618675338115576
803.632,0.047668562393318945
803.751,0.044143754689076185
803.87,0.031114938505430473
803.989,0.017500956017981163
804.108,0.009550260768162998
804.227,0.01722388810787287
804.346,0.015625846208307953
804.465,0.024490923463709534
804.583,0.03663756306002212
804.702,0.04106216545833373
804.821,0.04345917167484063
804.94,0.04043965714653668
805.059,0.04555427561456998
805.178,0.05617044898057125
805.297,0.05649824571608361
805.416,0.06743243674697012
805.535,0.07178090265910511
805.653,0.06745638258325631
805.772,0.06708055390647834
805.891,0.06098400131530651
806.01,0.0628445698031602
806.129,0.071282798600597
806.248,0.09149510367768576
806.367,0.11725974543380145
806.485,0.1442591064785118
806.604,0.17707084030572812
806.723,0.213929157882033
806.842,0.23718977956028653
806.961,0.25245317691183766
807.08,0.2641453902095552
807.198,0.27540169948623505
807.317,0.26613257997972545
807.436,0.2604499818907527
807.555,0.25227304412584284
807.674,0.24486701069443456
807.793,0.23549537302001433
807.912,0.23495886406829086
808.03,0.2372048757841907
808.149,0.2464786289948187
808.268,0.25664598544857375
808.387,0.28306691127935
808.506,0.30797266702218673
808.624,0.3270558751654972
808.743,0.3476219642100041
808.862,0.35705393443567524
808.981,0.3474159109706211
809.1,0.33293289503470125
809.219,0.31893421689993395
809.337,0.2936989017784204
809.456,0.26897133411844876
809.575,0.2506426760413752
809.694,0.24332624510318057
809.812,0.23160395463383227
809.931,0.23091810819342057
810.05,0.23809548595472563
810.169,0.2451291768350219
810.288,0.2502610346161246
810.406,0.2681204825818559
810.525,0.28512668878788955
810.644,0.2923339340469323
810.763,0.30017404736614806
810.882,0.3097690779848743
811.0,0.3154514663999538
811.119,0.3171816583576259
811.238,0.3246108917755298
811.357,0.332715776426042
811.475,0.33172641163024064
811.594,0.33043756462739293
811.713,0.335418470460469
811.832,0.3500707949528991
811.95,0.36051583841264806
812.069,0.36585434698890873
812.188,0.3766739450148824
812.307,0.3734033491756509
812.425,0.3709545131390418
812.544,0.36463339638221554
812.663,0.3636900436775231
812.782,0.36864834707987826
812.9,0.3771358585933007
813.019,0.3860213343333371
813.138,0.3965551730566303
813.257,0.4072020239335259
813.375,0.42402095285644603
813.494,0.43913581994897666
813.613,0.4507626476435381
813.731,0.4573644706511386
813.85,0.46375641394490635
813.969,0.45865098506897395
814.088,0.45595190783510253
814.206,0.4596783787631925
814.325,0.46433397103982726
814.444,0.47126837267088606
814.562,0.47488263867504177
814.681,0.48040761730474546
814.8,0.4812264469665804
814.918,0.47429264289129525
815.037,0.4723709278282735
815.156,0.4630711335943566
815.274,0.45710116174336546
815.393,0.4433801706145914
815.512,0.44027747854642507
815.631,0.4416080918181445
815.749,0.441678619577198
815.868,0.439840856399709
815.987,0.44176639793717765
816.105,0.4398906949652649
816.224,0.44818366412855615
816.343,0.4441316699701293
816.461,0.44653993484941307
816.58,0.44399584571190875
816.698,0.4330565680210884
816.817,0.42490384714623397
816.936,0.41257613442544194
817.055,0.39532270626692523
817.173,0.37684309624182294
817.292,0.35915053514359396
817.41,0.3422119265558262
817.529,0.32440716053366336
817.648,0.30925414397281226
817.766,0.3135747359369804
817.885,0.310772333305527
818.004,0.31022775205711434
818.122,0.3049293952903862
818.241,0.30738932286845827
818.359,0.3051083906029126
818.478,0.30518537619931285
818.597,0.310755559690455
818.715,0.3260399450133862
818.834,0.3432906357824061
818.953,0.3473752757219286
819.071,0.3730501788286484
819.19,0.39413188970374247
819.308,0.4951668274705786
819.427,0.6167531849275216
819.546,0.7366241120969566
819.664,0.8200685093619249
819.783,0.8414674161618453
819.901,0.7730138334181511
820.02,0.6695749324400615
820.138,0.5269327220347685
820.257,0.4487714217958479
820.376,0.37364445944966596
820.494,0.32655469703579254
820.613,0.2981993380415856
820.731,0.2737986983973886
820.85,0.25527065459216997
820.969,0.24445246135163637
821.087,0.24919200551380105
821.206,0.2664589469027844
821.324,0.2882649407182387
821.443,0.3147641678268642
821.561,0.3555973721606085
821.68,0.3831871665514965
821.798,0.3972001651464012
821.917,0.3864820683847725
822.035,0.37226705269882004
822.154,0.3413827443565232
822.273,0.31515050059429955
822.391,0.290720800682033
822.51,0.28281912823410743
822.628,0.26638180927053134
822.747,0.2681959531137322
822.865,0.2596388101749132
822.984,0.26687188678334595
823.102,0.26850198226210886
823.221,0.27960088175341014
823.339,0.2858886924199263
823.458,0.28820816203566324
823.576,0.28064956219688764
823.695,0.2866499991013862
823.813,0.2885295285477428
823.932,0.3000401151700237
824.05,0.30239671735051576
824.169,0.3090001548174497
824.287,0.3044928831259369
824.406,0.2944367146925495
824.524,0.29083838360786674
824.643,0.28631496732298184
824.761,0.2861723864495245
824.88,0.28797200015869
824.998,0.2833000536147846
825.117,0.2853038964301028
825.235,0.28625834067625655
825.354,0.28448111972390805
825.472,0.2922623052773111
825.591,0.2872731174736506
825.709,0.286985235259847
825.828,0.28843531852251364
825.946,0.274503640450234
826.064,0.2685917891353772
826.183,0.2720244284640961
826.301,0.27284325812592647
826.42,0.27650353622118684
826.538,0.2762132323183769
826.657,0.2805217158375134
826.775,0.2781253497293573
826.894,0.2676340845045999
827.012,0.25641389088910765
827.13,0.25479488695180236
827.249,0.24968300023851653
827.367,0.23588128614287984
827.486,0.23813052677744895
827.604,0.23929888688577883
827.723,0.2386760043595117
827.841,0.23765838652530508
827.959,0.24083836296775651
828.078,0.2509104663206133
828.196,0.260455448699882
828.315,0.2667650545674496
828.433,0.28507009331023636
828.552,0.30005661088545743
828.67,0.30732359113997054
828.788,0.3042418870431842
828.907,0.3019294728205625
829.025,0.2823399220011499
829.143,0.2550348700093722
829.262,0.22264104218681516
829.38,0.19188750931881907
829.499,0.16257340144234336
829.617,0.13354065329339687
829.735,0.11248023451729067
829.854,0.10265495896284288
829.972,0.08735214741919595
830.091,0.09219320089641728
830.209,0.09859226036835922
830.327,0.11120881110270323
830.446,0.12644937545359827
830.564,0.1484394043747952
830.682,0.17159417839209412
830.801,0.19692159754884064
830.919,0.20992913718422543
831.037,0.23746535945625102
831.156,0.24243321367663656
831.274,0.23750927553814372
831.392,0.21848707123775984
831.511,0.20887151426543316
831.629,0.18575634257499424
831.747,0.17067600549944456
831.866,0.1516899499696551
831.984,0.15684294204488933
832.102,0.15598495124110684
832.221,0.1580713858638989
832.339,0.15284478560134082
832.457,0.16510648660250704
832.576,0.16348110264463872
832.694,0.16424269681678538
832.812,0.15919627352344068
832.93,0.15425205438376166
833.049,0.14515538609513923
833.167,0.1374977172818675
833.285,0.13079827496299945
833.404,0.1273452496288971
833.522,0.12728850084955973
833.64,0.13531524048507731
833.759,0.14226699144287405
833.877,0.15102986483833433
833.995,0.16433669214501218
834.113,0.1823557550952186
834.232,0.19882813959380571
834.35,0.20728719478222565
834.468,0.22431418567303965
834.586,0.2494158949387405
834.705,0.25998020510283826
834.823,0.2699503942308551
834.941,0.2651886419071392
835.059,0.25874623741342295
835.178,0.24588716428410012
835.296,0.22144676709954397
835.414,0.21658168937824912
835.532,0.21064218896806358
835.651,0.21106285111668371
835.769,0.2144751064170915
835.887,0.22508542867229936
836.005,0.23786396981733499
836.124,0.2567427455678911
836.242,0.2643275710252312
836.36,0.28416291393306403
836.478,0.297423371190247
836.596,0.31669849670807976
836.715,0.3289733265399166
836.833,0.3409567464613932
836.951,0.3439984833439196
837.069,0.35543863769843675
837.188,0.35797666326776467
837.306,0.3626780643489088
837.424,0.37616454591329734
837.542,0.38620819294115766
837.66,0.40091197684577695
837.779,0.40740219887251206
837.897,0.41102029773841053
838.015,0.42115031834080907
838.133,0.4195181954422105
838.251,0.4181540727935831
838.369,0.42289099198014457
838.487,0.42402443792612887
838.606,0.4349447363740751
838.724,0.43265956467358857
838.842,0.4316360929451053
838.96,0.43039466920610325
839.078,0.42539155521148075
839.196,0.422003707783703
839.315,0.4224502012817187
839.433,0.4236829364769391
839.551,0.42774743334956666
839.669,0.4293636026373666
839.787,0.4372697055028051
839.905,0.4417119858603321
840.023,0.43711652284834684
840.142,0.4311713718304823
840.26,0.42223624212016736
840.378,0.4103773265502261
840.496,0.40335371669512743
840.614,0.4011815571482431
840.732,0.39868166235591207
840.85,0.39675893677662133
840.968,0.392695438116235
841.087,0.39705295935855967
841.205,0.3957251620450185
841.323,0.4015655641885397
841.441,0.41417700879217795
841.559,0.4160716723156406
841.677,0.42488590855824054
841.795,0.4351943269173971
841.913,0.446613493300531
842.031,0.46319166449561167
842.149,0.47368978182688715
842.267,0.48861313220136254
842.385,0.5072642691853778
842.504,0.515489227769909
842.622,0.5265080082374235
842.74,0.5355813652036407
842.858,0.5485165089043831
842.976,0.5573347812953264
843.094,0.5572170212549994
843.212,0.5599520108634626
843.33,0.5602871066672133
843.448,0.5585088751986
843.566,0.5517209764067292
843.684,0.5532225190815896
843.802,0.5595303072032236
843.92,0.558503606556066
844.038,0.5600576191593849
844.156,0.5648082612503125
844.274,0.5773405973464294
844.392,0.5935111175588725
844.51,0.6052515613501046
844.628,0.6179687530403277
844.746,0.6195897657061393
844.864,0.6069123192522499
844.982,0.5942590896884181
845.1,0.5731573944131433
845.218,0.5547381233265867
845.336,0.5242693349770153
845.454,0.50149263813942
845.572,0.4764161439760169
845.69,0.43874283083429666
845.808,0.4035735441245366
845.926,0.3795674365016813
846.044,0.357852246678279
846.162,0.3449302096348066
846.28,0.325032093795396
846.398,0.3169671576678182
846.516,0.30764778663525455
846.634,0.281413725127096
846.752,0.2626570320390692
846.87,0.2408699987751627
846.988,0.23114943459731102
847.106,0.22067411067932935
847.224,0.2068415185696898
847.342,0.19606671244466178
847.46,0.1886160780948795
847.578,0.1735435812142885
847.696,0.16248301578658045
847.814,0.1547506582824611
847.932,0.15359722257733466
848.05,0.14731707124700524
848.168,0.15733811584414398
848.285,0.16025634658737603
848.403,0.16853458233003304
848.521,0.17557775667975034
848.639,0.1782271799433426
848.757,0.18912245427156216
848.875,0.19549966414469414
848.993,0.20816277144712167
849.111,0.22551265420537187
849.229,0.23270435881410953
849.347,0.24365856090813637
849.465,0.2503667349453899
849.582,0.24313970321380712
849.7,0.24533223448497876
849.818,0.24203721846908866
849.936,0.24942911603563628
850.054,0.2619243195669978
850.172,0.274118426431976
850.29,0.28437760378134835
850.408,0.2956764929438621
850.525,0.30187772674924196
850.643,0.3131281821316403
850.761,0.3138999891860964
850.879,0.3234237803073846
850.997,0.3353619953674198
851.115,0.3371630202493256
851.233,0.32396894680753907
851.35,0.3272455875236241
851.468,0.329448612780487
851.586,0.3365240763169478
851.704,0.341674297093826
851.822,0.3663554397021934
851.94,0.39651847898994275
852.057,0.43262091237174616
852.175,0.47067764878120144
852.293,0.5373599600832935
852.411,0.5961826797171774
852.529,0.6518802096891226
852.647,0.7042967546730917
852.764,0.7606416828392448
852.882,0.8047558706817854
853.0,0.8334443031724422
853.118,0.8616314460389058
853.236,0.8883952411922315
853.353,0.907388643555728
853.471,0.9123039604990482
853.589,0.9027254687428687
853.707,0.8814171226724357
853.824,0.8516659614982397
853.942,0.8118220077776868
854.06,0.7829870522773383
854.178,0.7435636652141199
854.296,0.7190603041154153
854.413,0.692894857129088
854.531,0.6560860869624265
854.649,0.6163793622855336
854.767,0.5770625295385688
854.884,0.5289824115094115
855.002,0.4802492446783665
855.12,0.4178278843570729
855.238,0.3692811875794716
855.355,0.33231662208677226
855.473,0.2898402924169534
855.591,0.2499180374185473
855.708,0.21997879173157012
855.826,0.18425574546915902
855.944,0.15153117293672674
856.062,0.11964395389650417
856.179,0.10190380289339238
856.297,0.09252744208586386
856.415,0.07681143524793796
856.532,0.06881423020055306
856.65,0.06209030666074975
856.768,0.05492875079633605
856.886,0.0407188742593307
857.003,0.030181863175784144
857.121,0.020463116159679332
857.239,0.013920548769923817
857.356,0.010443155592846769
857.474,0.007672207886118992
857.592,0.00303738188474736
857.709,0.004938422937115069
857.827,0.008522317641374347
857.945,0.017889143839398977
858.062,0.024796956627810177
858.18,0.033105148870341675
858.298,0.04223615448455688
858.415,0.04553971691270633
858.533,0.05015988507317169
858.651,0.060525736202349883
858.768,0.07264171351153449
858.886,0.08167132607445828
859.003,0.08259510569616857
859.121,0.07188467287129813
859.239,0.06323384551766623
859.356,0.04870559256131753
859.474,0.04419384165817007
859.592,0.04687217209763863
859.709,0.04756203973434192
859.827,0.04406927427707327
859.944,0.04037910868384515
860.062,0.03485897934318521
860.18,0.03252932346936668
860.297,0.035000663797827264
860.415,0.043546816882403194
860.532,0.046654533007600266
860.65,0.05104656043714889
860.768,0.055696293850464464
860.885,0.05425710964926421
861.003,0.05676352288469861
861.12,0.061950240730051745
861.238,0.0758869230378128
861.356,0.08439342166533312
861.473,0.0912656804786513
861.591,0.10171643272195212
861.708,0.11316868311506008
861.826,0.10644253217493044
861.943,0.10288152876533474
862.061,0.09990899578413973
862.178,0.09613972712004824
862.296,0.08624439250104185
862.414,0.08398867946555319
862.531,0.08259428048644804
862.649,0.08601823539914516
862.766,0.0884081291063809
862.884,0.08807208957899626
863.001,0.08552741544088693
863.119,0.0926916027108945
863.236,0.09938634970474336
863.354,0.1015631496268917
863.471,0.10305901509971105
863.589,0.10883189354071776
863.706,0.11018271361973106
863.824,0.10628581497945468
863.941,0.10574214838249309
864.059,0.12184355755181799
864.176,0.13369813143470086
864.294,0.13929102477834576
864.411,0.14451662862278308
864.529,0.15070606469151457
864.646,0.1528738825513401
864.764,0.15389947043011346
864.881,0.15233304384305038
864.999,0.15557447716209805
865.116,0.15620452250326325
865.233,0.15880501546545206
865.351,0.16042714606931224
865.468,0.17319308224803104
865.586,0.19653291985558524
865.703,0.219132527857044
865.821,0.23600484135987018
865.938,0.2525970461676961
866.056,0.25596198562603745
866.173,0.24679145556087403
866.29,0.23759993752432734
866.408,0.23072193971795402
866.525,0.2279688855180657
866.643,0.23512376827042775
866.76,0.24441780964454823
866.878,0.25657832357182514
866.995,0.25118885727432816
867.112,0.2481016099916445
867.23,0.24327397554348495
867.347,0.2305338758838249
867.465,0.22528971092667377
867.582,0.22731384190548992
867.699,0.22841288768410406
867.817,0.23489534812253232
867.934,0.23368652427865313
868.051,0.24063072008751377
868.169,0.24189766963719447
868.286,0.24628294739663104
868.404,0.25825376235178976
868.521,0.2652463919407657
868.638,0.27163359927830044
868.756,0.28948831128779773
868.873,0.3035805258120057
868.99,0.32407891498612884
869.108,0.3443093039102807
869.225,0.3713753136680368
869.342,0.39691404489282417
869.46,0.4259755263913302
869.577,0.4585775172162635
869.694,0.4879069989647409
869.812,0.509303834760003
869.929,0.5362172781103961
870.046,0.5595910193640303
870.164,0.5748020542089017
870.281,0.587067507993095
870.398,0.5989269252539886
870.516,0.5999137661086694
870.633,0.5825643850413719
870.75,0.5635464602491029
870.867,0.5500225405812443
870.985,0.5386022614297263
871.102,0.5211132296297628
871.219,0.5036629448538913
871.337,0.4870659018377175
871.454,0.47228754726487265
871.571,0.45260688691469236
871.688,0.42788023390616803
871.806,0.4127144090924011
871.923,0.3933687490546851
872.04,0.3666538893724283
872.157,0.33885330578592066
872.275,0.32249197383297523
872.392,0.3128548650193686
872.509,0.2967082561582676
872.626,0.2799126346436218
872.744,0.2757404706863565
872.861,0.2641974926252131
872.978,0.24671734035160425
873.095,0.2337245778056768
873.213,0.22471630090390032
873.33,0.20455937504925373
873.447,0.1834846290614227
873.564,0.16511894584137332
873.681,0.14979409678289524
873.799,0.1306260272722691
873.916,0.1105352942504467
874.033,0.09541467429812113
874.15,0.08798049525009133
874.267,0.06960499530446852
874.385,0.06068940142833741
874.502,0.04428758767087426
874.619,0.042886651662788336
874.736,0.03791048444542473
874.853,0.03877925621413523
874.97,0.03767938512905125
875.088,0.04504332105905613
875.205,0.04615206022765447
875.322,0.04648359278807792
875.439,0.044798584539543676
875.556,0.046711989088245365
875.673,0.048168710357393466
875.791,0.04789823789274302
875.908,0.04029120815026234
876.025,0.039978795347687675
876.142,0.04154205186520624
876.259,0.04485473347367888
876.376,0.0422468785475061
876.493,0.0367319122104925
876.61,0.04040834974363966
876.728,0.04413552387030896
876.845,0.04505431241157368
876.962,0.04710735157337837
877.079,0.05059835311642667
877.196,0.04830091962803026
877.313,0.03528532978806834
877.43,0.02792651946406805
877.547,0.028626052642355876
877.664,0.03173788060741389
877.781,0.02999047201883321
877.898,0.03619230766983784
878.016,0.04064178397745362
878.133,0.04263298513633329
878.25,0.04510999276313324
878.367,0.04907400943118586
878.484,0.0486932797132935
878.601,0.04388145229156032
878.718,0.04081887259718161
878.835,0.040080183166019565
878.952,0.03547877632066304
879.069,0.031414875757281704
879.186,0.026928000445048825
879.303,0.025984543040297493
879.42,0.029222663077841483
879.537,0.030872290790363133
879.654,0.0381048736048949
879.771,0.039627668502971974
879.888,0.03750588283376478
880.005,0.032151051675136474
880.122,0.02301262627849773
880.239,0.010090606643848556
880.356,-0.006615007228811042
