wavelength_nm,intensity
792.446,0.1837779077561157
792.565,0.21047723432441956
792.684,0.22580515105056198
792.803,0.22976165793454298
792.922,0.2223467549763623
793.041,0.1921745260535455
793.16,0.15772883946442545
793.279,0.1322738708424923
793.398,0.11260306193820686
793.518,0.10579772279307102
793.637,0.11216991697638576
793.756,0.12588387683910396
793.875,0.14879909427570473
793.994,0.17217876351066463
794.113,0.2003619936280522
794.232,0.2182363011764579
794.351,0.22140564506310143
794.47,0.20673289181296295
794.589,0.1822412183481183
794.708,0.1594704946639106
794.827,0.1411999637854464
794.946,0.12540600686018952
795.066,0.12414575742437314
795.185,0.1276226634164106
795.304,0.13062424615465706
795.423,0.13412421930459886
795.542,0.13416621578321214
795.661,0.13822399475157326
795.78,0.14634578753984623
795.899,0.1450470928408553
796.018,0.14860508338795092
796.137,0.14850238587607176
796.256,0.1483179048043491
796.375,0.1401384645910546
796.494,0.12209374894615622
796.613,0.14741826491823307
796.732,0.18319698081809338
796.851,0.19690026371369063
796.97,0.20002953833719367
797.089,0.1916362551953757
797.208,0.17703564667327468
797.327,0.1473426629489264
797.446,0.12069526919566956
797.565,0.13267188944994324
797.684,0.14159555108051605
797.803,0.1477000160593179
797.922,0.1529845484253306
798.041,0.15445950471316655
798.16,0.15679074186261105
798.279,0.1492911757160045
798.398,0.14108631374134653
798.517,0.13499104820777796
798.636,0.12783888743930968
798.755,0.12888395578437883
798.874,0.1257238113429689
798.993,0.13386238024608177
799.112,0.1405637953112623
799.231,0.14883237910438274
799.35,0.16020454414284346
799.469,0.1608952170619245
799.588,0.1581272143048919
799.707,0.1500244070288419
799.826,0.1445246935720819
799.945,0.14151693217379901
800.064,0.1416001699347267
800.183,0.15075089776649991
800.302,0.1539440078158326
800.421,0.15395804410304634
800.54,0.15387282171079197
800.659,0.15327313179678748
800.778,0.16120479528354392
800.897,0.171858383403038
801.016,0.18440208046113565
801.135,0.19225545541197342
801.254,0.19581204794949875
801.373,0.20073868986559779
801.492,0.19204382553666366
801.611,0.19060253386153506
801.729,0.19515520821766608
801.848,0.21547323649438405
801.967,0.22297151701444834
802.086,0.22340495617265332
802.205,0.2213716074446408
802.324,0.21599701584439251
802.443,0.19067212867584282
802.562,0.17376465712810135
802.681,0.15240172908085542
802.8,0.13917521673085315
802.919,0.12066043212696598
803.038,0.10408062764571357
803.157,0.09183974725868932
803.276,0.08027256876430947
803.394,0.05673604954183145
803.513,0.04950347816775237
803.632,0.03619130457691247
803.751,0.02793222417498909
803.87,0.02459156718995863
803.989,0.026426214631370473
804.108,0.032861246627959216
804.227,0.03677149861475108
804.346,0.03710717219835495
804.465,0.04794371280134377
804.583,0.048975570692670514
804.702,0.045639270794884085
804.821,0.041698606445643244
804.94,0.039155960903360626
805.059,0.03791732258168162
805.178,0.03904883096273612
805.297,0.043587503094690346
805.416,0.05738620384222161
805.535,0.06681115602388202
805.653,0.07174854369394103
805.772,0.07921551023236659
805.891,0.08107276673888261
806.01,0.08198202549329353
806.129,0.08862401225793323
806.248,0.10493794677731484
806.367,0.12343207312604279
806.485,0.14617274949869608
806.604,0.1729101069007301
806.723,0.20624084377853108
806.842,0.23006421656246204
806.961,0.25352061183427516
807.08,0.26855260143743015
807.198,0.2831749742365829
807.317,0.2755144724999338
807.436,0.2690730351083013
807.555,0.2567942087572459
807.674,0.2489344906568754
807.793,0.24222813045173272
807.912,0.2418323854454487
808.03,0.24287589129145185
808.149,0.25105274096824276
808.268,0.266799113461653
808.387,0.2904701032024558
808.506,0.3146863166755479
808.624,0.3411064922357028
808.743,0.36074003033842317
808.862,0.36863098705815434
808.981,0.3599066000387551
809.1,0.3385050622388394
809.219,0.32449060700666177
809.337,0.301949691407218
809.456,0.2785476019126708
809.575,0.2721306296885121
809.694,0.25375298658844836
809.812,0.24360822184595632
809.931,0.23625178719077558
810.05,0.232622446049143
810.169,0.2444921380050174
810.288,0.2608683138097002
810.406,0.27803366601663293
810.525,0.29488097104639677
810.644,0.2922714778860599
810.763,0.29587753527382343
810.882,0.29935148075722445
811.0,0.29752067892736234
811.119,0.3054710510538172
811.238,0.3196544488479972
811.357,0.33125781998079185
811.475,0.33440253421046406
811.594,0.34283941366726967
811.713,0.3536948496801289
811.832,0.3626888359505689
811.95,0.3690182159806402
812.069,0.37360777310088006
812.188,0.3794737129585053
812.307,0.3851488245098291
812.425,0.38893242911297915
812.544,0.3897760195904756
812.663,0.3915248212645297
812.782,0.3918364691006513
812.9,0.3983133391403544
813.019,0.4045826047589166
813.138,0.4166557071072221
813.257,0.4312857689590084
813.375,0.44511686834155506
813.494,0.4553795482967453
813.613,0.4696733888469534
813.731,0.4789714421988626
813.85,0.48274735774937816
813.969,0.4864135295486509
814.088,0.4859080407911238
814.206,0.48725141968988606
814.325,0.4914753973075779
814.444,0.4929124428475283
814.562,0.4983995221116907
814.681,0.4966532998608123
814.8,0.4929253990444968
814.918,0.4860456856526767
815.037,0.4811050115344093
815.156,0.4774567972635819
815.274,0.4746956200649025
815.393,0.4706734382341073
815.512,0.46847845491126705
815.631,0.4658801458274896
815.749,0.466306430448349
815.868,0.46591487947077403
815.987,0.4732319532620307
816.105,0.46821299060784444
816.224,0.4703839911720298
816.343,0.4752594412493279
816.461,0.4691115858673878
816.58,0.4561043965303746
816.698,0.44203611792975195
816.817,0.4312531618185661
816.936,0.41350811804891396
817.055,0.3877014520940118
817.173,0.3737072680005973
817.292,0.36022195939065293
817.41,0.3435547809994498
817.529,0.33268095426621536
817.648,0.3282456606074923
817.766,0.3233196655897086
817.885,0.31620788260927213
818.004,0.3051362375218867
818.122,0.3028524805913525
818.241,0.30189543474272296
818.359,0.30143118726750906
818.478,0.3060570926365672
818.597,0.3142220592320126
818.715,0.32223850431568635
818.834,0.3314257043246027
818.953,0.3152106151739067
819.071,0.33117072918995993
819.19,0.34505660466142274
819.308,0.4464331229208019
819.427,0.5715248056618645
819.546,0.7044448132089705
819.664,0.8044413820574214
819.783,0.8292996214769839
819.901,0.7688166733814814
820.02,0.6672777702574464
820.138,0.5224934707014244
820.257,0.4375331135970258
820.376,0.3555043230787923
820.494,0.30734026349683397
820.613,0.2736842316801472
820.731,0.2498788164246622
820.85,0.2428648941141245
820.969,0.25137307205899856
821.087,0.25534261193495483
821.206,0.2693764227051477
821.324,0.2891392766930904
821.443,0.32310668836284073
821.561,0.3514271678002088
821.68,0.37499030501524266
821.798,0.38333121357852984
821.917,0.3779164055289722
822.035,0.35412615824259364
822.154,0.33275097103924955
822.273,0.3117874962051683
822.391,0.3027126933050443
822.51,0.2985662158634962
822.628,0.2890052745061407
822.747,0.2801480765775943
822.865,0.27820613298691976
822.984,0.2773490448225444
823.102,0.2745941586669305
823.221,0.26860987040467865
823.339,0.27365937267343954
823.458,0.28007962332555897
823.576,0.2784312617445786
823.695,0.2866032183878745
823.813,0.29779347769274256
823.932,0.3030505843826447
824.05,0.303265769558439
824.169,0.3006115400918634
824.287,0.3013460858229027
824.406,0.30036946784029495
824.524,0.2923706477877124
824.643,0.2927752632602383
824.761,0.2919335532011333
824.88,0.28740668991557927
824.998,0.28352430904178294
825.117,0.2920632431971978
825.235,0.2986652350934148
825.354,0.30231952381134364
825.472,0.30178188083370794
825.591,0.30801060417474235
825.709,0.3119997161846798
825.828,0.3088736584882392
825.946,0.2959209915244575
826.064,0.2898045913578442
826.183,0.28012116977344437
826.301,0.2704433402273242
826.42,0.26101086136073404
826.538,0.2590479476265102
826.657,0.26687878993473285
826.775,0.2704226358966329
826.894,0.2706804603643112
827.012,0.2715170607939583
827.13,0.2727206387357236
827.249,0.26967007355606065
827.367,0.26064371646954754
827.486,0.2553808011454021
827.604,0.25018009724712037
827.723,0.2448633585545309
827.841,0.24520716061076264
827.959,0.24569635566227155
828.078,0.2441046134688754
828.196,0.2508051650397749
828.315,0.2611503275595944
828.433,0.27712247859855577
828.552,0.29087039641168977
828.67,0.3061568237565794
828.788,0.3112706344655594
828.907,0.3058427540121571
829.025,0.28982075703749843
829.143,0.2666640182224818
829.262,0.2339587684445047
829.38,0.1986241221384385
829.499,0.16526301896262566
829.617,0.13580615206884222
829.735,0.11435629255998761
829.854,0.09745039579598427
829.972,0.09125187625180248
830.091,0.09595233088972953
830.209,0.10714553579996985
830.327,0.11976507232467401
830.446,0.14014477305111478
830.564,0.16128658844304775
830.682,0.19273825904907885
830.801,0.21956921940466867
830.919,0.23392458157059393
831.037,0.2539998998920643
831.156,0.25789675246502064
831.274,0.25355303762777065
831.392,0.23694388582836162
831.511,0.22513340187788528
831.629,0.21813696388161147
831.747,0.2035675080447933
831.866,0.18505846123979072
831.984,0.18672059551514542
832.102,0.18429215378875885
832.221,0.17445839306142918
832.339,0.1641516806354557
832.457,0.1702691999273403
832.576,0.167282541833045
832.694,0.16245201760211542
832.812,0.16602948286327415
832.93,0.1700020424044685
833.049,0.16531903970790163
833.167,0.15226487429160968
833.285,0.1482905475746154
833.404,0.1551935287450601
833.522,0.15766179010187234
833.64,0.16474226592409558
833.759,0.17338355890512927
833.877,0.17469412999271342
833.995,0.17755089966468796
834.113,0.18047826881994608
834.232,0.1881644625513928
834.35,0.20558709393291716
834.468,0.22423997373601784
834.586,0.24608520839215198
834.705,0.26306536974477973
834.823,0.2761933157273466
834.941,0.2792569908156769
835.059,0.2708632784732925
835.178,0.25668040850164947
835.296,0.23356355837309328
835.414,0.21519924177766075
835.532,0.20553124371224613
835.651,0.20102120195524723
835.769,0.20642165003978777
835.887,0.22251477432026767
836.005,0.23866381898354655
836.124,0.25503374915888116
836.242,0.2627758632731267
836.36,0.2773046148448067
836.478,0.28917505121918274
836.596,0.2982047321473733
836.715,0.3095669920430641
836.833,0.32459413402643944
836.951,0.3306705197380617
837.069,0.3418859886289053
837.188,0.35127076398786905
837.306,0.36042207174864727
837.424,0.37064006081131495
837.542,0.37913430407420584
837.66,0.388293300887619
837.779,0.3986196356919598
837.897,0.4029499074506858
838.015,0.4092220145021045
838.133,0.4125254482316853
838.251,0.41549405866925737
838.369,0.4211125962467137
838.487,0.42309840595659487
838.606,0.4271029414855173
838.724,0.4312892182585363
838.842,0.42745791014775925
838.96,0.4206327645428847
839.078,0.41823022221261996
839.196,0.41862719404622634
839.315,0.4188291435448215
839.433,0.4132300523328132
839.551,0.4162014587895251
839.669,0.4191127508347282
839.787,0.4171946188204592
839.905,0.4167835411226213
840.023,0.4174594158654375
840.142,0.42119064052343014
840.26,0.41689030020192713
840.378,0.4090019683190883
840.496,0.4084657687647382
840.614,0.40306868993559175
840.732,0.396180633900069
840.85,0.39528025285274115
840.968,0.39919811178832565
841.087,0.40196540884782217
841.205,0.4032717859066969
841.323,0.40608381927243287
841.441,0.41025891196889264
841.559,0.41014700831902984
841.677,0.4184532192947602
841.795,0.43112890918144153
841.913,0.4492414582857484
842.031,0.4650507866235245
842.149,0.4820589081675528
842.267,0.49505544125054324
842.385,0.5081701061421965
842.504,0.5148769941698779
842.622,0.5284257410330078
842.74,0.5322142840833702
842.858,0.5377028067708198
842.976,0.5416423348547393
843.094,0.5414745108220776
843.212,0.5512905721333792
843.33,0.5537013767525332
843.448,0.5543947266149754
843.566,0.5538130917496018
843.684,0.5526904271806488
843.802,0.5542002146319551
843.92,0.5526231969527607
844.038,0.5574504611136131
844.156,0.5702386907706776
844.274,0.575533589132686
844.392,0.585379707649742
844.51,0.5876535073310385
844.628,0.5991003468057139
844.746,0.5973611600164028
844.864,0.5886375174155059
844.982,0.5778546067180385
845.1,0.5560064502742338
845.218,0.5313503916091382
845.336,0.5027827021672577
845.454,0.474955957797463
845.572,0.45074796119954375
845.69,0.4236383957391452
845.808,0.3998686751414125
845.926,0.3835042112358277
846.044,0.36816169232589313
846.162,0.34927661716564673
846.28,0.32074387796301584
846.398,0.3030135587075672
846.516,0.2859207318160262
846.634,0.27171339667690964
846.752,0.2582560936720836
846.87,0.24939404812375915
846.988,0.24201389271960624
847.106,0.2209681937689661
847.224,0.2007997458234841
847.342,0.18727463935451455
847.46,0.18064940911814742
847.578,0.17247029124475505
847.696,0.16999575142163803
847.814,0.16346628484081382
847.932,0.16021515070157655
848.05,0.15096096346887455
848.168,0.14726316527203065
848.285,0.15029189012111233
848.403,0.15935582228376788
848.521,0.17001698038011756
848.639,0.1852936670717335
848.757,0.19529566365584075
848.875,0.2028812006982495
848.993,0.21179554583691768
849.111,0.21534712626516897
849.229,0.22733849046734797
849.347,0.22697494509488955
849.465,0.23266687817476966
849.582,0.2382134182593727
849.7,0.23589545550809193
849.818,0.23752896680634025
849.936,0.2384473962095474
850.054,0.2405031063979276
850.172,0.2564655167836153
850.29,0.2627816611364883
850.408,0.2831009683469971
850.525,0.29445903421397807
850.643,0.30317066796500003
850.761,0.3126959432857466
850.879,0.3097649533380328
850.997,0.3060643591220489
851.115,0.3094516734258288
851.233,0.3058111936213538
851.35,0.30985137839431115
851.468,0.314753436067157
851.586,0.32814403309768336
851.704,0.3474153573843016
851.822,0.3726509399988177
851.94,0.4017132243087428
852.057,0.4357108319030653
852.175,0.47422575792036337
852.293,0.524031358727157
852.411,0.5822442395853766
852.529,0.6421399744634513
852.647,0.7000715058957134
852.764,0.7539647119339121
852.882,0.8047291725545106
853.0,0.832450241433242
853.118,0.8526388347489579
853.236,0.8744672932902523
853.353,0.8862678291861297
853.471,0.8898865140737392
853.589,0.8762873130975598
853.707,0.862783176772139
853.824,0.8380732947385987
853.942,0.8070723696401794
854.06,0.7704423590082631
854.178,0.7350936241472272
854.296,0.7088948619216655
854.413,0.6807123241163118
854.531,0.6455299523941027
854.649,0.6145185422239086
854.767,0.5684743351477936
854.884,0.5246131200151916
855.002,0.46824041823611495
855.12,0.4097930702551982
855.238,0.3665616584338689
855.355,0.3186308374430749
855.473,0.2768582486080126
855.591,0.2397703898419304
855.708,0.20072322066353093
855.826,0.16962443489521373
855.944,0.14038451893730367
856.062,0.11932094640526018
856.179,0.09856479211094142
856.297,0.07579008980471277
856.415,0.061875663866561965
856.532,0.05001664941433695
856.65,0.03326863012714559
856.768,0.030374827696994428
856.886,0.030998020797384243
857.003,0.03595725931072401
857.121,0.03183516309240478
857.239,0.028339836756663975
857.356,0.02323182901801732
857.474,0.022315707654564247
857.592,0.014042235487443405
857.709,0.012339576273446628
857.827,0.019460364882783954
857.945,0.026336223573056556
858.062,0.03276402716637997
858.18,0.038389256888466096
858.298,0.04176121765920748
858.415,0.048086540507173814
858.533,0.04798010848461721
858.651,0.04686468259507842
858.768,0.0486215040291501
858.886,0.05670249289636113
859.003,0.05898226825179482
859.121,0.061099328909483844
859.239,0.06257664795046083
859.356,0.0557788873611996
859.474,0.0478210191336252
859.592,0.039904145200680974
859.709,0.034278851111070596
859.827,0.029076002900426594
859.944,0.02744050580552941
860.062,0.02897515789273405
860.18,0.03135875001975043
860.297,0.028631075142075243
860.415,0.029754253846470905
860.532,0.034324565762185635
860.65,0.041613128697070886
860.768,0.043042429365505085
860.885,0.05074447764713895
861.003,0.052388625795661656
861.12,0.060512320072541606
861.238,0.06275011317968246
861.356,0.06369692526090842
861.473,0.07036372015535022
861.591,0.07716728179917798
861.708,0.08003065029749445
861.826,0.08531230588387892
861.943,0.08345959026049127
862.061,0.0885310990477102
862.178,0.08297703793406691
862.296,0.07564426540795313
862.414,0.07443728984662051
862.531,0.07375713267477484
862.649,0.07430273591367494
862.766,0.08180716152987724
862.884,0.07825956443733906
863.001,0.08516803472791906
863.119,0.0850883729714472
863.236,0.08817729990531956
863.354,0.09032816241774001
863.471,0.08971166498639853
863.589,0.09330876839895592
863.706,0.09317807929317995
863.824,0.08876948090328618
863.941,0.09897986858660135
864.059,0.1109608353902875
864.176,0.12909863634013546
864.294,0.14006744421516124
864.411,0.14558541277686177
864.529,0.14160740133451993
864.646,0.13208837896158976
864.764,0.12779022332772433
864.881,0.12526963686207968
864.999,0.1258169823977411
865.116,0.1356212483009795
865.233,0.15027730641680964
865.351,0.1611671267511322
865.468,0.1680020203277477
865.586,0.18825990279046018
865.703,0.2073315741330503
865.821,0.2260432580113724
865.938,0.23963682885402296
866.056,0.24610124989459548
866.173,0.24882459732592
866.29,0.24036037317353448
866.408,0.22668576735385926
866.525,0.21694306344973352
866.643,0.20799792400527747
866.76,0.2116250846235899
866.878,0.21362356409288377
866.995,0.21481049900680826
867.112,0.21993562687934706
867.23,0.22096109168793954
867.347,0.22239407628617913
867.465,0.22114567852921016
867.582,0.21924441030306374
867.699,0.2160968165452863
867.817,0.21498542372617474
867.934,0.21491484903190816
868.051,0.21714050505632254
868.169,0.22072292936839583
868.286,0.22900056882122394
868.404,0.23636321101050478
868.521,0.2457159198226424
868.638,0.25910677927764747
868.756,0.2725857133355608
868.873,0.2882560273944068
868.99,0.3110799564228053
869.108,0.33032358294250264
869.225,0.35193194264980965
869.342,0.37616087129603126
869.46,0.4161600468963348
869.577,0.4533310491365826
869.694,0.4856607442360136
869.812,0.5191361081780376
869.929,0.5467789761941335
870.046,0.5654969511155211
870.164,0.5767229927514226
870.281,0.583950028012416
870.398,0.59374380884388
870.516,0.5845372416098394
870.633,0.5721376205179804
870.75,0.5552371076155931
870.867,0.5413737705039721
870.985,0.5279913486844219
871.102,0.5081396375798208
871.219,0.4896530828202984
871.337,0.4732712314683704
871.454,0.4583230389304499
871.571,0.43747105197853287
871.688,0.4098506016935908
871.806,0.39574680693593384
871.923,0.3698123561923792
872.04,0.34905613289600484
872.157,0.32565487549324124
872.275,0.31421498797116776
872.392,0.30637777111091513
872.509,0.2911206184580301
872.626,0.2712821884443433
872.744,0.26086144989878035
872.861,0.24938451512310275
872.978,0.23816900813701009
873.095,0.22204159452681693
873.213,0.21260924874722517
873.33,0.19143991362292417
873.447,0.17374742829914633
873.564,0.1464058809234141
873.681,0.12489193644011488
873.799,0.10984867925143618
873.916,0.0937653029426975
874.033,0.08386881798587495
874.15,0.08035774173990459
874.267,0.07086654493077219
874.385,0.06815149697693765
874.502,0.05832990916074542
874.619,0.047635779308898715
874.736,0.044460251293680156
874.853,0.04022355184255315
874.97,0.036567178362657764
875.088,0.03386155948980087
875.205,0.03086642525693046
875.322,0.02972498213260183
875.439,0.031113285901520182
875.556,0.031387573736405425
875.673,0.03838169218888807
875.791,0.03590782659682554
875.908,0.03888454484792958
876.025,0.03322767523591137
876.142,0.028877210170833997
876.259,0.02971959128294884
876.376,0.030698364716612424
876.493,0.030533247351020643
876.61,0.03259326967683768
876.728,0.03098289675635102
876.845,0.03925384491831348
876.962,0.0394035095340486
877.079,0.04521857284107064
877.196,0.04462186634113367
877.313,0.04471896083065798
877.43,0.04508302770134548
877.547,0.04396178822170495
877.664,0.0410417361711654
877.781,0.04095334342358581
877.898,0.04146467748045654
878.016,0.04142415264090549
878.133,0.031475624307744005
878.25,0.032361719025266446
878.367,0.03415348745928797
878.484,0.027243410487661608
878.601,0.02509260746598236
878.718,0.022184591895759054
878.835,0.019268676369584667
878.952,0.018056091522701656
879.069,0.01915452878850836
879.186,0.022309872390228386
879.303,0.02394412837111654
879.42,0.022341323499714953
879.537,0.023727338006555812
879.654,0.02332510740122376
879.771,0.017371459869530554
879.888,0.01638002367636543
880.005,0.015443593297259067
880.122,0.01498761599196248
880.239,0.015012091760475688
880.356,0.015517020602798687
