wavelength_nm,intensity
792.446,144.9827688784121
792.565,187.71610221174535
792.684,214.84467364031673
792.803,226.36848316412625
792.922,222.28753078317362
793.041,187.80181649745938
793.16,145.67108056672356
793.279,106.68926238490542
793.398,90.7048468004899
793.518,84.76025805590118
793.637,92.9637212593644
793.756,102.761123856767
793.875,120.4018164974596
793.994,149.57411086975395
794.113,177.2442407398838
794.232,187.59748749313044
794.351,193.7810372766802
794.47,188.35246584810875
794.589,168.57151346715642
794.708,141.30051779616076
794.827,116.4087429043859
794.946,110.20354809919111
795.066,111.61653511217816
795.185,111.6052797009227
795.304,121.22432731997031
795.423,133.3516000472431
795.542,138.8295221251652
795.661,136.02172991737297
795.78,136.0632883589314
795.899,132.23731433295737
796.018,134.86934896499204
796.137,122.85809355373662
796.256,118.27714117278433
796.375,110.94467364031681
796.494,111.30051779616099
796.613,103.14900264464586
796.732,100.36545286109609
796.851,97.87194636758957
796.97,89.09705459269779
797.089,75.81480351044672
797.208,80.78969528533848
797.327,82.80008489572805
797.446,99.77237926802235
797.565,117.44337493901801
797.684,124.33428402992708
797.803,134.4251931208362
797.922,141.02346151910464
798.041,138.61047450611773
798.16,135.36285545849867
798.279,113.21826671390994
798.398,104.16978186542502
798.517,103.31523641087958
798.636,98.42346151910465
798.755,109.21220610784924
798.874,117.43038792603105
798.993,118.52302861867176
799.112,118.84856974421285
799.231,125.62952212516521
799.35,127.70744420308728
799.469,135.66501996066307
799.588,144.099651995295
799.707,150.89705459269766
799.826,139.33861303425613
799.945,132.08579918144224
800.064,127.78276887841196
800.183,129.61913251477557
800.302,121.45289874854183
800.421,128.8814701771133
800.54,139.21047450611763
800.659,147.24770394334712
800.778,147.13688143252458
800.897,155.39142688706988
801.016,163.4070113026543
801.135,165.1706476662906
801.254,171.6269247225676
801.373,184.8918597875027
801.492,187.40527970092262
801.611,188.0381801338231
801.729,186.29878619442917
801.848,198.72735762300061
801.967,211.87454377018673
802.086,223.45722775287072
802.205,224.02865632429928
802.324,214.39229268793565
802.443,179.28320177884473
802.562,143.21047450611755
802.681,105.8052797009228
802.8,83.00111787732726
802.919,63.97795126531706
803.038,50.885470326692406
803.157,39.360322914125696
803.276,34.333102495942605
803.394,15.929708500878652
803.513,7.695939475930622
803.632,-4.030137749024741
803.751,-12.423752460490574
803.87,-22.696355894232575
803.989,-32.14790791644331
804.108,-28.628134597392535
804.227,-23.957909631748695
804.346,-31.231587313615183
804.465,-27.997996071088757
804.583,-24.465382683689718
804.702,-18.095213862229528
804.821,-14.748133053536158
804.94,-15.109324390944057
805.059,-2.500534503913719
805.178,7.802054630483534
805.297,7.173002387272472
805.416,15.017843931716218
805.535,24.630050249317527
805.653,27.20862379072407
805.772,30.959703777872562
805.891,37.43577690768208
806.01,45.304197301102306
806.129,54.84336960538619
806.248,64.54345495305657
806.367,92.42436230686582
806.485,116.58895226831457
806.604,145.91852910648922
806.723,178.82299771955564
806.842,214.6988949040507
806.961,243.11851503226876
807.08,259.6905161128675
807.198,268.7040756350249
807.317,275.728024767572
807.436,271.8982942464395
807.555,264.36293601967935
807.674,246.42411458945614
807.793,230.79698147092117
807.912,226.06595224849002
808.03,220.7089490000846
808.149,233.53030073003407
808.268,256.4685355768665
808.387,288.0422682591966
808.506,326.17011349563904
808.624,349.5239327580555
808.743,367.6916048343247
808.862,374.41945007076686
808.981,364.8148277747414
809.1,353.6006816691921
809.219,332.1614273385346
809.337,303.01135049705465
809.456,286.46906586336684
809.575,260.90427040716827
809.694,249.86155287304774
809.812,234.96169248178438
809.931,228.1336935623828
810.05,229.01651715380382
810.169,243.60929745518158
810.288,255.70943706391878
810.406,280.27537753845667
810.525,283.34694571862224
810.644,286.9899424702163
810.763,288.4312076200786
810.882,297.181563679032
811.0,299.37174657781213
811.119,315.4822757969386
811.238,332.19193921519934
811.357,343.7474900793474
811.475,336.74892838938297
811.594,329.96681691586866
811.713,330.9734500310987
811.832,348.23289699914267
811.95,358.1503526251952
812.069,375.6366394200788
812.188,394.9792032712395
812.307,397.4594294600625
812.425,401.3396556488856
812.544,399.54628876411545
812.663,397.7399348663583
812.782,404.3110701460903
812.9,407.3133742569912
813.019,417.64728009949397
813.138,426.672095032906
813.257,438.14366321307125
813.375,455.5935863715915
813.494,470.54221082881304
813.613,477.45966645486556
813.731,489.78404848784453
813.85,503.5551837675766
813.969,513.5825961035857
814.088,517.3762422058287
814.206,526.6382865764697
814.325,526.3661318129118
814.444,525.2022021575788
814.562,516.3828612468345
814.681,512.4604900330601
814.8,507.5234002045669
814.918,500.7482151379786
815.037,497.33753223589247
815.156,492.2939489009059
815.274,480.761188076742
815.393,475.3678211919722
815.512,469.35886989161816
815.631,462.82091426226003
815.749,459.89767724762066
815.868,464.72162638016755
815.987,469.75856252570145
816.105,479.1574034331402
816.224,486.21685040118507
816.343,495.42521511814766
816.461,497.7539261554566
816.58,489.8999532100817
816.698,475.093599312326
816.817,451.9478514751762
816.936,427.13457117049387
817.055,408.5992129437337
817.173,381.8396122927311
817.292,368.44191640363323
817.41,350.4329651032799
817.529,337.44565882457186
817.648,328.9674434549546
817.766,319.8632540593634
817.885,322.76512526983265
818.004,323.07565448896
818.122,319.45977678168055
818.241,323.79281682331873
818.359,319.4661166052169
818.478,322.2675549152535
818.597,327.94085469715174
818.715,337.17413022656194
818.834,349.80013246324
818.953,335.32114543045464
819.071,348.3191603295536
819.19,359.61138568029475
819.308,474.4406071874765
819.427,618.44909261833
819.546,770.2385403227244
819.664,882.6400215268588
819.783,913.9199227263521
819.901,841.8890464879207
820.02,713.5560372578517
820.138,541.3480391289678
820.257,453.68392560368693
820.376,371.57656040416225
820.494,328.55527728235637
820.613,300.2908470933247
820.731,279.3321122431895
820.85,264.6642864839632
820.969,241.26226159053778
821.087,234.32863496551062
821.206,250.68158842706356
821.324,276.6977453518201
821.443,319.5658503285248
821.561,366.4763795476539
821.68,406.4994628793372
821.798,419.82297911145355
821.917,411.50580270287713
822.035,381.47780378347807
822.154,345.3164715307454
822.273,315.93436005723333
822.391,294.5539801854528
822.51,278.5753319154038
822.628,261.4027442514154
822.747,254.37561113288183
822.865,262.5354910013614
822.984,257.79840117287137
823.102,256.32278320585317
823.221,266.5536587453287
823.339,269.3325862328562
823.458,274.3556695645394
823.576,276.72161003907956
823.695,288.57153319760243
823.813,292.9305472652162
823.932,291.7432409865096
824.05,280.16026371213195
824.169,281.99373665420455
824.287,275.40816197722944
824.406,280.08405916172615
824.524,287.0586576449241
824.643,291.27654617141224
824.761,289.40698881045444
824.88,291.88634919841434
824.998,281.03237625304087
825.117,284.33165006091406
825.235,278.11404075190404
825.354,277.6176435641062
825.472,273.8450559001178
825.591,269.0690050326664
825.709,267.7804000526608
825.828,266.8528340336943
825.946,258.76682645628625
826.064,254.8877452858046
826.183,248.59481130147012
826.301,254.94516736042573
826.42,248.13188705574493
826.538,246.7618967943543
826.657,256.7936381346952
826.775,266.99594224559894
826.894,265.0268177850742
827.012,253.12176258861874
827.13,247.19246496792096
827.249,242.69693358098948
827.367,222.90962730228318
827.486,209.96647686773267
827.604,206.45276366261925
827.723,212.211777730233
827.841,208.36992599698084
827.959,215.98435132000577
828.078,230.03860348285747
828.196,247.59328854614208
828.315,260.0986229600761
828.433,278.4888058588586
828.552,291.0296381082903
828.67,291.36527555252724
828.788,280.1571900530412
828.907,275.83481883926925
829.025,246.3938329068826
829.143,220.33985996150886
829.262,188.40914860843736
829.38,151.4386667972821
829.499,113.29522711106031
829.617,76.04136075048586
829.735,59.07597784787772
829.854,47.60787983407178
829.972,41.16175522128502
830.091,47.62586151889312
830.209,58.90733484874497
830.327,70.57111665496645
830.446,89.30817953823501
830.564,115.11677800975264
830.682,143.21098802717967
830.801,165.72496392434817
830.919,187.41046984884457
831.037,198.0359521412737
831.156,199.8190101912787
831.274,193.53366997288538
831.392,173.2786327847953
831.511,159.30411507722476
831.629,139.12611142859973
831.747,122.75389494414094
831.866,116.53546218323615
831.984,124.5081825100898
832.102,137.09836519328925
832.221,135.42988915049864
832.339,134.40901076770066
832.457,142.9927970238287
832.576,136.70860601024782
832.694,124.29991977690021
832.812,118.55198584264237
832.93,108.83312345061327
833.049,97.78409937026936
833.167,85.4167142783287
833.285,85.50597569474459
833.404,88.39193774487603
833.522,97.93547039838839
833.64,107.91203993229551
833.759,113.78927625005821
833.877,113.89521574263097
833.995,119.4466217512742
834.113,136.36895992628584
834.232,151.58533679882623
834.35,166.16714913156733
834.468,191.8017753171223
834.586,219.81389068016645
834.705,235.82946924667388
834.823,250.64071880885223
834.941,248.87188179094412
835.059,247.82512269511392
835.178,230.56277918369935
835.296,212.30649627834538
835.414,194.13765926043712
835.532,189.17228544599192
835.651,185.1445739692089
835.769,189.98958976515308
835.887,195.30040642689804
836.005,223.21555209297202
836.124,236.93762416597235
836.242,260.96792134719783
836.36,268.47873800894274
836.478,287.0977797789131
836.596,298.88045791252
836.715,305.42071180370283
836.833,317.50642024034016
836.951,338.38347066831966
837.069,345.6631184988963
837.188,362.9808615675681
837.306,366.2302063678417
837.424,390.73323082179513
837.542,399.81114705064033
837.66,408.46135765177974
837.779,419.68992323127407
837.897,427.17303426531385
838.015,424.2760587192669
838.133,423.031031225168
838.251,425.37821152327695
838.369,429.8033138993079
838.487,428.0474638943863
838.606,435.5167221145727
838.724,438.9755907243695
838.842,433.5894376891447
838.96,426.23185608249116
839.078,423.16778096934405
839.196,425.994614947106
839.315,431.9660376694566
839.433,439.99806645241335
839.551,446.93312553840053
839.669,448.4214313776348
839.787,443.57294068007263
839.905,440.9244499825105
840.023,436.4274744364635
840.142,434.28634304626064
840.26,430.6023545132007
840.378,424.2118724736472
840.496,426.7642475769509
840.614,432.493246056878
840.732,423.48891120347173
840.85,418.2490785145677
840.968,412.53305534947316
841.087,407.24560361294994
841.205,393.5278488461237
841.323,393.3927780619814
841.441,404.9235081436401
841.559,419.3988269698875
841.677,427.3512020731913
841.795,445.15465942757737
841.913,459.3330085568551
842.031,471.3529161276912
842.149,479.25594058164415
842.267,489.8221684988007
842.385,504.39878602634684
842.504,521.5935853720748
842.622,541.266306795725
842.74,560.2100238903711
842.858,572.0403210715972
842.976,578.198756780962
843.094,586.8835994167335
843.212,590.2065372906004
843.33,595.3615097965019
843.448,586.0532788392
843.566,581.1104158472662
843.684,576.8342195219991
843.802,582.2108370495461
843.92,581.3718701615086
844.038,588.4186175591853
844.156,595.5900402815373
844.274,607.7268309692575
844.392,610.8298554232115
844.51,620.9034426477284
844.628,631.6159909112064
844.746,642.578755624901
844.864,639.2229056199808
844.982,633.4194365674416
845.1,616.2878289867639
845.218,595.3891218389864
845.336,558.9917133925076
845.454,523.2869456386693
845.572,484.4462471489003
845.69,450.16312441670686
845.808,412.6289194334313
845.926,394.04709540253646
846.044,371.033236739607
846.162,344.3224083797076
846.28,315.4955627037909
846.398,294.8860330451903
846.516,278.45399256407893
846.634,266.72584818686363
846.752,246.5734613854059
846.87,237.8288667917402
846.988,225.67647999028247
847.106,202.6695477342792
847.224,181.44876266442316
847.342,160.87646244305196
847.46,147.2037293212479
847.578,135.08684035528793
847.696,121.40544922482566
847.814,117.41756458786973
847.932,121.8366063578402
848.05,121.46603773820013
848.168,121.01408383717481
848.285,131.15347192749144
848.403,133.96731889226712
848.521,138.48333035920746
848.639,143.85821628502245
848.757,158.11968229741765
848.875,171.5153474440121
848.993,186.74391302350705
849.111,207.8833011138246
849.229,227.85905284050563
849.347,228.83826777064996
849.465,229.53696322027474
849.582,228.2512430854841
849.7,230.85296883813925
849.818,234.44517078127058
849.936,243.83650692353595
850.054,261.5161547541128
850.172,270.2235082123951
850.29,275.56982270963834
850.408,281.1949250856695
850.525,289.9221919638651
850.643,303.66071425331614
850.761,308.6061629496936
850.879,318.3940358884952
850.997,325.8970603424483
851.115,327.7550631513798
851.233,330.88233002957537
851.35,341.1368696350436
851.468,350.0831841322868
851.586,357.90742070745205
851.704,365.27364862460854
851.822,385.0242921261805
851.94,413.04419969701655
852.057,450.983587787333
852.175,499.0467854014587
852.293,565.7576020632034
852.411,628.2770767336062
852.529,697.1264215338791
852.647,759.3930823514681
852.764,819.8181847274986
852.882,878.3125511727933
853.0,928.9956622068328
853.118,962.2579940200931
853.236,995.8917544047818
853.353,1015.9532204171765
853.471,1015.4354656503499
853.589,997.1843775501904
853.707,972.2432461599878
853.824,939.23717970485
853.942,914.8250526436518
854.06,873.3687697382977
854.178,835.1514478719045
854.296,802.9713554427407
854.413,762.499488121802
854.531,716.1496987229415
854.649,668.7159266400984
854.767,615.5869164620174
854.884,565.3089885350187
855.002,509.36093073789
855.12,447.7730461009345
855.238,396.263949342767
855.355,349.3089651387119
855.473,294.50116708184294
855.591,247.52453785614267
855.708,200.73319001572372
855.826,159.67777291123534
855.944,132.5028752872664
856.062,102.3682996945958
856.179,75.12199140343145
856.297,57.55858751203746
856.415,31.555329786782387
856.532,13.789250653502123
856.65,-1.375169122344417
856.768,-10.614209005845417
856.886,-20.33403141907357
857.003,-17.928728970216394
857.121,-20.92059790282229
857.239,-21.08559723029054
857.356,-27.50086100325054
857.474,-28.735217163605142
857.592,-34.43221947329202
857.709,-32.63892343936877
857.827,-30.16753624119368
857.945,-14.386286102560689
858.062,-5.626453974145374
858.18,2.136805377629433
858.298,4.189689048890397
858.415,8.614580987135628
858.533,-2.909757603314498
858.651,1.1555412850740074
858.768,-1.146517784091862
858.886,7.105955067707289
859.003,12.973648973270707
859.121,13.519254980262959
859.239,11.151826484742466
859.356,8.595318715822282
859.474,-4.875704267028475
859.592,-8.54955168913148
859.709,-17.487835741629162
859.827,-9.749301376130127
859.944,-8.089474097568687
860.062,-6.39590986934032
860.18,-3.697252174170468
860.297,-3.393488080681685
860.415,-5.109428094670324
860.532,-10.303900648911153
860.65,-7.839247284310835
860.768,5.925003137293804
860.885,9.510595013922506
861.003,18.96696470321638
861.12,24.266561658898617
861.238,32.10809391067091
861.356,36.238882167486224
861.473,39.91304081082282
861.591,43.27105789239979
861.708,55.549687493598014
861.826,62.33960610757184
861.943,70.88536887738996
862.061,60.33509779759379
862.178,53.57006140541912
862.296,47.367665489676995
862.414,42.9183362076365
862.531,37.2030092625144
862.649,41.2918312021762
862.766,54.60476547974244
862.884,61.12717686917286
863.001,62.457450512885345
863.119,61.785992554866226
863.236,61.405443687756275
863.354,68.27944027519173
863.471,65.09283080202127
863.589,64.86985769248729
863.706,67.98627852234728
863.824,67.08884653835439
863.941,71.68751845046539
864.059,80.51822499461096
864.176,87.18702677685195
864.294,102.36924847251284
864.411,113.16185977856358
864.529,120.16139749154087
864.646,115.41548065906363
864.764,112.94055949758204
864.881,103.1903136607758
864.999,104.41755700145873
865.116,108.47077436811581
865.233,125.59758480836584
865.351,148.38326970749046
865.468,166.72826196592243
865.586,181.0594014105016
865.703,201.75504301958279
865.821,213.0004681784474
865.938,230.01299290441148
866.056,241.92681633167427
866.173,239.01553153382872
866.29,223.8938571255935
866.408,217.94101388618947
866.525,209.25743471604943
866.643,210.39809797015175
866.76,220.09460538009802
866.878,234.7677361666677
866.995,241.21229552466605
867.112,246.55382457963407
867.23,234.91699865624707
867.347,236.34943680212413
867.465,221.68577105189718
867.582,215.15803603760082
867.699,209.66579885880202
867.817,200.52767423411575
867.934,201.42851064839022
868.051,218.98648991980764
868.169,222.47607092282678
868.286,232.41586837606224
868.404,232.10804678167875
868.521,242.8616970487673
868.638,245.18504428555286
868.756,251.27722269116956
868.873,266.3676694950546
868.99,295.74902538984884
869.108,322.6870912413531
869.225,352.8346809023811
869.342,390.91820129933984
869.46,445.6666567612337
869.577,480.3622983703138
869.694,518.4527451741992
869.812,546.6453564802491
869.929,577.9687037170352
870.046,607.0807955425659
870.164,624.069077844287
870.281,636.9699142585623
870.398,650.4586294607163
870.516,634.48760440313
870.633,625.7962330251976
870.75,605.6633032057066
870.867,592.3857846416267
870.985,582.2009067701879
871.102,557.442868725589
871.219,536.4372116333711
871.337,517.393459303058
871.454,498.05620047923856
871.571,486.6271667636441
871.688,462.21371746363417
871.806,444.27905604241204
871.923,420.5651738419692
872.04,388.565577355812
872.157,361.07160857528265
872.275,337.40274801986146
872.392,321.61787014842287
872.509,304.3767152207073
872.626,283.51218366961507
872.744,270.2312019020728
872.861,251.09394307825346
872.978,233.07789637564628
873.095,215.97094058213003
873.213,201.47004539467434
873.33,186.25226709033535
873.447,157.20938056088812
873.564,133.90069316563995
873.681,109.41451659290266
873.799,87.45734434916979
873.916,68.96770457296958
874.033,55.94992626863095
874.15,56.008338440482774
874.267,43.55353593082562
874.385,26.233797801397753
874.502,12.081071098452522
874.619,6.423878844678374
874.736,7.546247310872754
874.853,3.494135568410865
874.97,-2.344941360340065
875.088,0.2342276033477413
875.205,-11.518543008967594
875.322,-11.348957910725302
875.439,-19.22574662055218
875.556,-22.256230815207754
875.673,-20.555902710937453
875.791,-21.965420697726326
875.908,-19.94413379774266
876.025,-19.851951956840928
876.142,-15.56240428737512
876.259,-7.257595950851589
876.376,-15.52354166854747
876.493,-24.557062778447975
876.61,-22.153655626260523
876.728,-18.289566626825092
876.845,-10.048964682944549
876.962,-10.392481438387353
877.079,-5.848009768206082
877.196,0.3761905727157844
877.313,-1.621203527977855
877.43,1.1783038328261357
877.547,5.064995963762382
877.664,3.702208445313099
877.781,-1.4523628063219731
877.898,-7.464340026258661
878.016,-8.786588829579458
878.133,2.1093361078875197
878.25,3.465430914308505
878.367,1.875857296869734
878.484,-3.6312522294963436
878.601,-7.320602737818644
878.718,-12.277724431815741
878.835,-15.693384312325502
878.952,-15.716807721475774
879.069,-12.151931200342197
879.186,-16.5822460654702
879.303,-17.64889398676131
879.42,-19.02153744409454
879.537,-15.068590137488851
879.654,-13.365963655093864
879.771,-13.114611128566505
879.888,-15.909128141966736
880.005,-20.614171946429174
880.122,-27.503222874672986
880.239,-36.57628092669819
880.356,-47.8333461025048
