wavelength_nm,intensity
792.446,172.11981256927777
792.565,211.44344893291418
792.684,235.17271300217828
792.803,243.30760477707005
792.922,235.8481242575893
793.041,193.03427144373654
793.16,143.9147909242561
793.279,114.23340564287086
793.398,98.25245326191855
793.518,92.31219352165881
793.637,93.3753969848623
793.756,105.69747490694024
793.875,125.72344893291421
793.994,155.27150088096613
794.113,186.28795109741625
794.232,215.5217173311824
794.351,229.06630607577114
794.47,210.22128443074945
794.589,184.81002901949415
794.708,155.0299424394077
794.827,138.3546177640831
794.946,135.27150088096616
795.066,129.86976927923453
795.185,140.48535369481897
795.304,147.2446610541263
795.423,138.13903334849854
795.542,139.77366538313058
795.661,132.0005052099704
795.78,144.35288616235135
795.899,146.57453118399633
796.018,136.4074316168968
796.137,128.2948775043427
796.256,119.85678226624748
796.375,116.0186870281523
796.494,106.07842728789262
796.613,100.76500737447267
796.732,112.90786451732978
796.851,114.41262642209165
796.97,107.83686884633404
797.089,102.3857865952518
797.208,105.07496408442927
797.327,115.2567822662475
797.446,121.44639265585792
797.565,138.5987736082389
797.684,156.31132772079303
797.803,168.3866523961177
797.922,176.29054850001376
798.041,168.80656581603108
798.16,160.0541848636501
798.279,145.6784272878926
798.398,134.0455268549922
798.517,121.2689034783688
798.636,112.08448789395325
798.755,117.51046191992725
798.874,126.38924979871504
798.993,129.53730174676699
799.112,137.98578659525182
799.231,152.6247476342128
799.35,157.7762627857279
799.469,147.88448789395304
799.588,142.2974749069401
799.707,144.9113277207929
799.826,141.03773464719987
799.945,131.15808096754628
800.064,127.60050520997054
800.183,138.68621949568478
800.302,136.08102469048998
800.421,135.36240997187525
800.54,139.30266971213493
800.659,150.8818904913557
800.778,159.46544027490546
800.897,164.88275629222153
801.016,171.28015888962403
801.135,184.77626278572794
801.254,191.18838399784923
801.373,194.93124114070633
801.492,187.56673897620414
801.611,185.47582988529507
801.729,194.70959611906133
801.848,210.64899005845524
801.967,214.85937966884484
802.086,227.86284287230802
802.205,226.58145759092278
802.324,212.8117606212258
802.443,184.35115456061973
802.562,159.59617620564146
802.681,138.78838399784928
802.8,119.03773464719994
802.919,92.60913694081171
803.038,72.75893688142403
803.157,57.21225793072885
803.276,37.96227808182414
803.394,24.95251596405931
803.513,12.639078244471712
803.632,-2.3123235575811982
803.751,-9.767877399251727
803.87,-18.844575662050147
803.989,-26.15207233593813
804.108,-22.37182815305863
804.227,-27.363377261100204
804.346,-18.527281415929025
804.465,-4.6014693753078575
804.583,-1.4330876198468925
804.702,3.694500160774214
804.821,6.049409353388398
804.94,1.6270270054981832
805.059,3.1199683158993596
805.178,6.8871864862058985
805.297,13.748913725203753
805.416,31.08148247530867
805.535,28.76251200953555
805.653,28.71883991272976
805.772,29.63530862430275
805.891,23.171523202990688
806.01,30.44817964624003
806.129,49.6920965960567
806.248,75.8056468859954
806.367,105.66178087808004
806.485,132.66364139453623
806.604,169.18633957485267
806.723,200.9075357862174
806.842,230.1940999629502
806.961,259.1300147890337
807.08,279.31701186619944
807.198,296.6312816706378
807.317,288.7507462802711
807.436,279.6918559115495
807.555,265.7178140276764
807.674,253.1195297195609
807.793,254.23120212140213
807.912,251.31430309467194
808.03,260.3168845874221
808.149,272.30734486805096
808.268,289.92031597119046
808.387,322.1791745202173
808.506,347.4059984372094
808.624,376.8215669429461
808.743,408.2483908599381
808.862,416.1228338245492
808.981,407.8301772220609
809.1,379.57475005680226
809.219,350.41196358418426
809.337,318.30025936264866
809.456,292.0015421541002
809.575,275.992868235595
809.694,271.02142375431913
809.812,262.88894031200414
809.931,261.6101365233691
810.05,269.06206866547
810.169,273.87330816687825
810.288,282.51571649945527
810.406,298.60834128224866
810.525,308.5823513464271
810.644,314.16242201666597
810.763,316.54682169123384
810.882,325.54161097619135
811.0,331.03510155985026
811.119,340.10002071493784
811.238,352.3805242856098
811.357,359.0792096744635
811.475,363.648024933447
811.594,371.9692211448115
811.713,381.24712731288594
811.832,394.9717867277138
811.95,403.7890868351823
812.069,410.37694971321343
812.188,424.2513926778246
812.307,433.6046235212234
812.425,441.5007115074792
812.544,443.53879083572656
812.663,444.63487882198245
812.782,446.33183260910425
812.9,445.98116734860685
813.019,442.67812113572853
813.138,458.0625208102961
813.257,480.63393347187645
813.375,500.1057790338898
813.494,504.96377178205034
813.613,521.4858337942802
813.731,530.200103598718
813.85,537.4407803295625
813.969,540.7247471036973
814.088,550.1160731851912
814.206,566.1411655004514
814.325,565.7974266468802
814.444,557.0458955855169
814.562,560.4095160393049
814.681,555.9714048913613
814.8,554.5471465572705
814.918,544.6986457989376
815.037,540.6432186336782
815.156,544.8198261004536
815.274,533.026736597532
815.393,523.0449025058658
815.512,523.2327653838968
815.631,516.618896660196
815.749,519.7271058585732
815.868,513.8283886500238
815.987,512.5417926535958
816.105,518.2196988216699
816.224,517.4127565048952
816.343,521.2110089933153
816.461,520.497573170047
816.58,507.46032782296913
816.698,497.83433788714683
816.817,481.82999297296965
816.936,460.63776927091396
817.055,440.42649794981077
817.173,419.09661191009286
817.292,406.4472453508945
817.41,386.9052380990553
817.529,370.82297110695623
817.648,360.50001147416435
817.766,351.82899989332054
817.885,346.98829134277975
818.004,343.5094875541436
818.122,339.4254889603126
818.241,344.22633885132984
818.359,336.55013246529074
818.478,333.4124542177796
818.597,339.11200540749775
818.715,345.9845965370969
818.834,359.0482370297642
818.953,345.2537739588713
819.071,361.676817518479
819.19,378.0961472496092
819.308,500.55595249559667
819.427,641.6983871619548
819.546,825.0840017842261
819.664,971.0369433165696
819.783,1049.0133039198954
819.901,991.8942887478431
820.02,865.905750260069
820.138,675.9697788203421
820.257,549.2706500804543
820.376,417.7912082475183
820.494,352.9694333622723
820.613,309.8741326296106
820.731,301.23726015575966
820.85,279.02165983032666
820.969,268.0943711932053
821.087,268.4597232487246
821.206,276.13416621333477
821.324,299.059691429027
821.443,340.4129222724248
821.561,385.0258933755628
821.68,430.42328006311647
821.798,447.25876198876546
821.917,446.78688460705513
822.035,417.20764791798564
822.154,379.3002727007778
822.273,343.44484553551797
822.391,326.65521923605894
822.51,316.7642942353012
822.628,303.41795797913204
822.747,299.13136198270297
822.865,300.5798309213388
822.984,294.20319163486624
823.102,290.1252536470952
823.221,292.66116847317676
823.339,291.50444260661743
823.458,294.44468643702766
823.576,293.04293892544644
823.695,305.70266327533704
823.813,318.07840494124514
823.932,327.0411595941664
824.05,320.3969878401614
824.169,321.489612622953
824.287,308.06362268712985
824.406,304.84282755650133
824.524,308.03415363799405
824.643,306.44279573680274
824.761,309.7735157576893
824.88,313.550989025329
824.998,313.20984757435394
825.117,315.81242906710185
825.235,311.52756467240374
825.354,313.6955141305192
825.472,316.37255449772556
825.591,314.46604508138216
825.709,310.53009843560164
825.828,303.71796131363067
825.946,293.51101899685455
826.064,278.2477996238015
826.183,273.73436380053204
826.301,280.3170318733662
826.42,285.9074921539926
826.538,296.702281438948
826.657,301.13256855940125
826.775,296.8728123898112
826.894,284.43470124186615
827.012,264.84594074327185
827.13,258.3827213702187
827.249,261.27967515733866
827.367,256.90649907432885
827.486,258.58527104326714
827.604,256.71945426761675
827.723,253.81381065213958
827.841,249.73673846523369
827.959,247.8622636809252
828.078,252.4977456065734
828.196,264.1834439824381
828.315,282.9842938734543
828.433,298.33146411079076
828.552,307.81283348232625
828.67,314.7677959274547
828.788,310.4240570738817
828.907,300.92187666186726
829.025,278.2638520940088
829.143,247.82833834866148
829.262,219.72393033069181
829.38,176.3477706476001
829.499,133.21221805893123
829.617,100.81655877685397
829.735,77.83056525852271
829.854,67.75901906393827
829.972,65.06313638599747
830.091,67.32695991305184
830.209,75.80830514634513
830.327,88.65532038234313
830.446,104.52453347551447
830.564,124.81622875834172
830.682,167.98159990257847
830.801,203.79621813768802
830.919,230.3089293665551
831.037,249.54672064224587
831.156,262.8632997967244
831.274,259.5686235399475
831.392,242.01247542169875
831.511,217.3636866108094
831.629,204.23610992113228
831.747,184.423684746607
831.866,167.22078338160554
831.984,161.03779543651746
832.102,166.08857372519577
832.221,166.60168967621158
832.339,167.8169701293919
832.457,163.60367915400082
832.576,156.45792064614213
832.694,148.81172923785047
832.812,138.15341661743741
832.93,135.25441135633164
833.049,130.20724643703335
833.167,127.36563672997887
833.285,131.47697906593768
833.404,130.55151361890125
833.522,129.9614017214923
833.64,134.88394055132426
833.759,138.1639007933386
833.877,145.6797604060391
833.995,137.48829336607992
834.113,142.489472193272
834.232,165.59201817934596
834.35,184.87627966086322
834.468,204.69041127225066
834.586,242.15562513472034
834.705,271.0970294733805
834.823,282.16051173411853
834.941,276.34780351866596
835.059,274.8260043941225
835.178,271.2860234513972
835.296,251.89755766018726
835.414,230.90389706378244
835.532,231.19941395655488
835.651,232.9477447021411
835.769,228.23979839145017
835.887,233.09462264352982
836.005,258.90702265318544
836.124,277.1930157364343
836.242,292.10411704479156
836.36,306.19097592890637
836.478,325.0622503974366
836.596,342.3378538702958
836.715,355.1312062609039
836.833,362.768714495668
836.951,381.79583312004263
837.069,391.19438031584605
837.188,405.7496374683595
837.306,419.8235093394877
837.424,431.9657794790144
837.542,435.58510589559734
837.66,446.1308392385873
837.779,451.15016565517044
837.897,457.5668946691561
838.015,457.6286453281635
838.133,455.88087217764695
838.251,464.78331547734695
838.369,466.768009859298
838.487,463.7310592196041
838.606,470.38761507341655
838.724,473.29265577571397
838.842,472.7734540537689
838.96,467.8334731110446
839.078,460.33851381334193
839.196,473.20459347667816
839.315,474.3659112352524
839.433,478.12896059555806
839.551,477.21149047534436
839.669,475.19531905642947
839.787,469.54884460721166
839.905,469.9889502445742
840.023,464.97537622825723
840.142,479.20595805609605
840.26,471.82441867181376
840.378,466.94937279402495
840.496,461.77302821493754
840.614,458.2737399129063
840.732,453.5917676281912
840.85,457.40589923957987
840.968,462.3473035782412
841.087,469.4618680900626
841.205,461.6543546798063
841.323,463.0511702738791
841.441,466.63759625756205
841.559,471.4482646654875
841.677,475.64767766215743
841.795,485.5864845982211
841.913,500.6006162096094
842.031,512.9766525829025
842.149,526.7171911206979
842.267,552.1512361519999
842.385,567.285714083735
842.504,580.5483305436089
842.622,595.3009902935261
842.74,607.9428275326209
842.858,622.7439721310229
842.976,631.2464154307238
843.094,637.6397678213336
843.212,642.32662670545
843.33,628.1909747670554
843.448,626.7090024823403
843.566,630.0616622322573
843.684,641.0160535839059
843.802,649.4180639831737
843.92,650.5811133434805
844.038,659.7779289375535
844.156,674.8569956138776
844.274,677.5880103421499
844.392,686.394349745747
844.51,693.0387843874394
844.628,701.3516172975303
844.746,695.1960519392231
844.864,681.6266337670631
844.982,674.7810251187129
845.1,668.2912606262066
845.218,641.3911065233108
845.336,602.7645454940082
845.454,565.0133091400302
845.572,522.3642372882166
845.69,475.1454684667063
845.808,445.1509420694383
845.926,424.4906148063694
846.044,406.7030148160277
846.162,390.1266702369413
846.28,371.54772825525754
846.398,353.1618598666471
846.516,329.0062945083397
846.634,303.5000797993829
846.752,289.6787135752746
846.87,267.77509626891515
846.988,246.99615428723098
847.106,227.7531430414775
847.224,206.18112746671966
847.342,187.1095447923948
847.46,172.32800540811314
847.578,160.93780801517352
847.696,159.7164417910651
847.814,154.23446950635068
847.932,153.14816821730727
848.05,145.00039506679192
848.168,143.17383403748875
848.285,139.30051976143238
848.403,142.24885050702102
848.521,149.22488688031544
848.639,162.98793624062301
848.757,177.98908083902614
848.875,196.69498734219144
848.993,207.52816657262954
849.111,228.65658389830583
849.229,231.96595360493447
849.347,242.55584279208256
849.465,254.26261509611368
849.582,256.07155190230935
849.7,271.0190168470334
849.818,276.3422393675149
849.936,279.15290777544215
850.054,291.7730999928932
850.172,292.5811709982231
850.29,306.0394584537695
850.408,320.6310792426492
850.525,328.9560333648624
850.643,338.88445069053887
850.761,339.9115693149165
850.879,340.10838490899107
850.997,350.8480576459227
851.115,350.09508969021374
851.233,355.5897407821237
851.35,362.67746546710737
851.468,362.25523344213445
851.586,367.54901873317897
851.704,378.8731070545265
851.822,396.57901355769206
851.94,429.05548283142025
852.057,472.23238500558125
852.175,526.2698932403483
852.293,590.0918170595307
852.411,665.5172040821765
852.529,743.6819850442164
852.647,816.207804967295
852.764,879.8764820332308
852.882,937.9676699216775
853.0,984.3991175503838
853.118,1010.6019937505191
853.236,1031.4066015523858
853.353,1056.6848024278459
853.471,1057.7517478920504
853.589,1044.3381738757353
853.707,1019.9081496429699
853.824,992.6963072283861
853.942,944.7303522596901
854.06,901.8752198018165
854.178,862.1387020625575
854.296,836.2868163579307
854.413,802.1596059779794
854.531,760.8726553382878
854.649,715.1168735297651
854.767,666.04723890739
854.884,599.9858293932398
855.002,541.4053722600418
855.12,474.42534802727675
855.238,422.3089601581479
855.355,360.18391428036097
855.473,310.86557835928375
855.591,264.3697532607175
855.708,221.92501041323345
855.826,173.64217232765398
855.944,133.17751606025632
856.062,92.19146145354208
856.179,68.86353965023952
856.297,40.76968774654229
856.415,35.83540940160344
856.532,27.60923266805041
856.65,7.818139361135287
856.768,-2.3010191919787912
856.886,-12.366245537009718
857.003,-22.222100339875155
857.121,-23.557886711154982
857.239,-29.71047366239805
857.356,-27.83205739680986
857.474,-31.25945174682461
857.592,-42.147586095776056
857.709,-35.538012685297296
857.827,-33.016640924426866
857.945,-32.02356245033026
858.062,-26.78131850418231
858.18,-25.811406370195904
858.298,-18.941490440801395
858.415,-10.075867703762391
858.533,-6.627698004207726
858.651,4.566494541658764
858.768,6.369539201617934
858.886,7.603082147808654
859.003,10.974091253724012
859.121,6.996725791354155
859.239,8.906893172751078
859.356,11.667545699432546
859.474,12.743749969545343
859.592,19.82744650253669
859.709,15.857186326785355
859.827,12.070592647417417
859.944,3.754042856865317
860.062,-9.551690695986245
860.18,-19.773058901542804
860.297,-21.316525999877904
860.415,-16.857145771163296
860.532,-12.098796229970446
860.65,-4.563330425631171
860.768,2.521071850116974
860.885,12.461753174284151
861.003,8.830375749591479
861.12,7.95947576000221
861.238,17.026900758945303
861.356,25.09157155089171
861.473,33.96092401780169
861.591,47.50541619960367
861.708,56.53420080571732
861.826,73.65555597837216
861.943,73.13122612971077
862.061,69.56014303429629
862.178,68.58992573974787
862.296,59.039621865113155
862.414,56.43910154026199
862.531,53.89658987341961
862.649,49.3367621892611
862.766,58.314596842764786
862.884,64.14005054388734
863.001,64.82524450474992
863.119,65.3545943097683
863.236,62.82160645244905
863.354,62.6903501968613
863.471,60.353899136078766
863.589,53.703162361010655
863.706,51.59181952533645
863.824,59.42939443857992
863.941,67.80809489294901
864.059,82.30887326939617
864.176,102.8841105203023
864.294,120.7303434422042
864.411,130.28566727319705
864.529,128.18990885310785
864.646,121.21363095249917
864.764,119.91354352808105
864.881,118.24981974002662
864.999,123.07354183941817
865.116,136.32064056218627
865.233,145.45172196893697
865.351,151.60617999906418
865.468,160.49310556165895
865.586,184.32981467403727
865.703,206.61414283403485
865.821,225.28461818017968
865.938,240.25292902416007
866.056,251.92167276857342
866.173,246.52115244372277
866.29,241.53621653445657
866.408,240.87595594986567
866.525,252.6035741531536
866.643,250.9337897590391
866.76,244.31422181514102
866.878,241.04357162016072
866.995,233.71837597063495
867.112,224.95768248561137
867.23,216.61690242050116
867.347,217.51854659781517
867.465,225.0704072253456
867.582,226.3841726147807
867.699,225.5732626795405
867.817,227.87144365339122
867.934,229.10382376144105
868.051,226.67906101234811
868.169,225.62832423728125
868.286,236.03905932368633
868.404,249.97879873909585
868.521,266.4111788471462
868.638,290.12840744004495
868.756,309.5936879809957
868.873,327.04598150895936
868.99,338.07922741787536
869.108,357.4561962705142
869.225,377.20632529631325
869.342,408.0066707723288
869.46,460.2624275037556
869.577,508.59870371570184
869.694,548.8423392350076
869.812,582.32580159414
869.929,611.0387011827096
870.046,635.44424146392
870.164,643.4142839096326
870.281,664.7003436713626
870.398,681.0461436928329
870.516,676.4144545368139
870.633,669.5732415712712
870.75,653.3155783892785
870.867,632.5574823068525
870.985,620.9309879560285
871.102,595.8360953368059
871.219,581.0399040162846
871.337,555.675747327798
871.454,535.3115906393114
871.571,514.1439707473617
871.688,476.6932339722953
871.806,440.84422879896044
871.923,418.10258293298455
872.04,385.51245221852366
872.157,356.3041396858807
872.275,339.70361936102984
872.392,331.5619734950532
872.509,317.3969510057001
872.626,291.0102834947021
872.744,278.68422204430993
872.861,260.9945242302814
872.978,238.60093031235675
873.095,221.85495544205088
873.213,213.32802819079268
873.33,195.33962907806256
873.447,164.38932520342786
873.564,132.4675927573647
873.681,110.81339277883401
873.799,84.73148717259778
873.916,64.4625685793487
874.033,53.33284192744563
874.15,46.52244186009986
874.267,28.22400814254901
874.385,18.590351532540502
874.502,9.809462028708133
874.619,0.6836038582416784
874.736,-5.971707327837798
874.853,-7.547420473134576
874.97,-16.538594076350194
875.088,-14.401710597660632
875.205,-16.621612769760695
875.322,-12.945921629688728
875.439,-14.60293616441735
875.556,-13.479402286726547
875.673,-11.191228462346842
875.791,-14.105905425964266
875.908,-16.126970798376863
876.025,-16.597168495570706
876.142,-15.820281722991728
876.259,-17.81457049849793
876.376,-23.137815243567125
876.493,-25.702503347324598
876.61,-19.050838791962043
876.728,-14.94470025766465
876.845,-5.261623258843581
876.962,-9.11251521676863
877.079,-7.4869316040851475
877.196,-2.076137135995122
877.313,-6.3451085150575945
877.43,-14.217661492171835
877.547,-11.134754065034679
877.664,-8.470779233146555
877.781,-9.860992128397516
877.898,-12.719049622683917
878.016,-14.901072106112519
878.133,-5.438756217525689
878.25,-1.0989321448728324
878.367,-2.2412488263040373
878.484,-2.597002347758123
878.601,-0.8085046207779409
878.718,-4.932489854054905
878.835,-8.002110882950692
878.952,-13.900637488297704
879.069,-11.252731170097185
879.186,-14.216776909347228
879.303,-15.372275633632661
879.42,-18.666694454990214
879.537,-17.868607824346313
879.654,-19.572895849643743
879.771,-24.54837082124439
879.888,-32.73137350796361
880.005,-37.147190380742984
880.122,-41.36650406687785
880.239,-45.389314566368256
880.356,-49.21562187921419
