wavelength_nm,intensity
792.446,0.16460189206689904
792.565,0.19510996978389505
792.684,0.21366203244788887
792.803,0.22025808005888048
792.922,0.2148981126168696
793.041,0.18282868315632805
793.16,0.15534704487293022
793.279,0.12966234365801854
793.398,0.10729871780705241
793.518,0.09844328820724235
793.637,0.09334477787458592
793.756,0.10873069178185259
793.875,0.12624307749754227
793.994,0.14705087140120915
794.113,0.17353937757389282
794.232,0.196799282052042
794.351,0.20574806495646897
794.47,0.20110687699346616
794.589,0.1768582192573317
794.708,0.15445507829562846
794.827,0.1338466794779555
794.946,0.12315696366844997
795.066,0.1206828651390833
795.185,0.12336239159540374
795.304,0.13284642372863917
795.423,0.13762957133059503
795.542,0.13614487289084481
795.661,0.13124558055663701
795.78,0.13378265596655486
795.899,0.1370058940900843
796.018,0.13772354524397135
796.137,0.13553505401060922
796.256,0.131331797234813
796.375,0.13011930723026727
796.494,0.12346053291202953
796.613,0.12264366190269071
796.732,0.12519131536060868
796.851,0.12802598652093156
796.97,0.12352090277553018
797.089,0.12157782225577213
797.208,0.11445784504472661
797.327,0.11567407486102202
797.446,0.12121531590299067
797.565,0.13238901490345453
797.684,0.143547199433518
797.803,0.15217582008513875
797.922,0.15629114025668298
798.041,0.16124353662664143
798.16,0.15635552754363352
798.279,0.14871087915177894
798.398,0.14287437176475498
798.517,0.13034266519681764
798.636,0.12488837794419996
798.755,0.12753969627251938
798.874,0.13145262312565995
798.993,0.13994302395007807
799.112,0.1435202740800131
799.231,0.14762713181315718
799.35,0.14695976388222048
799.469,0.14639465041528543
799.588,0.1470918506763718
799.707,0.14927420887668316
799.826,0.14514006201448765
799.945,0.13979649166427166
800.064,0.1371587859925014
800.183,0.1396309827080175
800.302,0.139060932818682
800.421,0.14835526529111331
800.54,0.15267297878106056
800.659,0.15044147015249698
800.778,0.15613785589846757
800.897,0.16212619576924314
801.016,0.17171177716327957
801.135,0.18647425524860373
801.254,0.19336525521539488
801.373,0.201720257025411
801.492,0.19733858384001182
801.611,0.18636396593770121
801.729,0.18657034477157952
801.848,0.1891229346518974
801.967,0.19858510548593195
802.086,0.20809875615356743
802.205,0.21256385711231757
802.324,0.21158549457017567
802.443,0.1971476237526062
802.562,0.1736902040068842
802.681,0.1588609454133082
802.8,0.1392886052774007
802.919,0.12303590804264586
803.038,0.10657049779908215
803.157,0.08909311856778312
803.276,0.07565458435948745
803.394,0.05967343793153017
803.513,0.04501967313802763
803.632,0.03966665410199505
803.751,0.03018745702379151
803.87,0.025474008298303888
803.989,0.03107165610814875
804.108,0.029075737112399122
804.227,0.033515043529129554
804.346,0.03407524622824587
804.465,0.04025806460894785
804.583,0.03879603487080635
804.702,0.03740627851763251
804.821,0.039910360579581625
804.94,0.0444432866068716
805.059,0.04620268140326857
805.178,0.051433469563575945
805.297,0.05781712686354501
805.416,0.07268681650403933
805.535,0.07406211866623669
805.653,0.07475079368172169
805.772,0.07859665782668909
805.891,0.07996903028031604
806.01,0.0856257067117987
806.129,0.09376614612804486
806.248,0.11237263574323358
806.367,0.13622286657414429
806.485,0.1515505888006607
806.604,0.18197177511703233
806.723,0.2090164485117469
806.842,0.22948228125355033
806.961,0.2542829980658271
807.08,0.2671989253483031
807.198,0.2830555499748286
807.317,0.28051765433224307
807.436,0.2679355495118877
807.555,0.26268262154925626
807.674,0.24641089358643864
807.793,0.23456854692289597
807.912,0.2331357046947293
808.03,0.2381343156506714
808.149,0.25342466210758735
808.268,0.27031299901573036
808.387,0.293852107303186
808.506,0.32041230609949267
808.624,0.33731122105563616
808.743,0.353109313816561
808.862,0.3593441459821243
808.981,0.3547428257763042
809.1,0.3418624200023442
809.219,0.32580789462513055
809.337,0.307927598163086
809.456,0.2866623263409841
809.575,0.26550847662448407
809.694,0.2494144598680696
809.812,0.23539585612929034
809.931,0.22442302501136252
810.05,0.2302509549305189
810.169,0.23917402169452745
810.288,0.25233747530020767
810.406,0.26724912763871744
810.525,0.27965448780438484
810.644,0.2866460030035607
810.763,0.29338435025393217
810.882,0.2960917560130354
811.0,0.305559944850653
811.119,0.3105211800369943
811.238,0.3210401216426294
811.357,0.32939267901782804
811.475,0.33420088510976664
811.594,0.34019453778092523
811.713,0.3440253322376472
811.832,0.3467672929535507
811.95,0.3529132695159116
812.069,0.3640732408303573
812.188,0.371859520035946
812.307,0.3759209159390717
812.425,0.3785486337365732
812.544,0.3753816968395769
812.663,0.3715455221057694
812.782,0.36727494220075446
812.9,0.37402457270232603
813.019,0.38489470550156724
813.138,0.3951703520031982
813.257,0.4114895899289312
813.375,0.4242694129938043
813.494,0.4365591198346689
813.613,0.4454758397698766
813.731,0.45138063683783325
813.85,0.46399826316670356
813.969,0.46347583826975175
814.088,0.468995594390502
814.206,0.473135973052029
814.325,0.4668181882573792
814.444,0.471416243795714
814.562,0.46878526133072673
814.681,0.4802371867699777
814.8,0.49043949213880755
814.918,0.48426909481296054
815.037,0.4868234714776611
815.156,0.48175460155023275
815.274,0.46797012527385723
815.393,0.4620310345976145
815.512,0.4527344714861152
815.631,0.45162461232355455
815.749,0.44892804596096714
815.868,0.44389514139674
815.987,0.4484847344966756
816.105,0.44915974463334485
816.224,0.4548536859444989
816.343,0.4580321674412104
816.461,0.4555238903330256
816.58,0.44759189541354927
816.698,0.4412600065549
816.817,0.4248225558400799
816.936,0.4047822219763988
817.055,0.3896783105128013
817.173,0.37597704821402744
817.292,0.3666473405521275
817.41,0.3568902797510203
817.529,0.35317116874841525
817.648,0.34219692722408745
817.766,0.3280788898341065
817.885,0.3195636918682203
818.004,0.30988631902871444
818.122,0.30950352436536593
818.241,0.32437074890227535
818.359,0.32854638772380423
818.478,0.33710204362060703
818.597,0.33791285524718684
818.715,0.3445816729031065
818.834,0.3478809955229768
818.953,0.3247565306012392
819.071,0.33769534870589585
819.19,0.352239872971649
819.308,0.44875446605072267
819.427,0.5623834276561683
819.546,0.7070647727975645
819.664,0.8237108766728605
819.783,0.8860572276970743
819.901,0.8449353871901826
820.02,0.7502810857234169
820.138,0.5999338241807699
820.257,0.5025068989550867
820.376,0.40090808853774074
820.494,0.34572383952695895
820.613,0.31380521827358154
820.731,0.30211102102011445
820.85,0.2821688691595992
820.969,0.2732583873250891
821.087,0.26752502227485125
821.206,0.2763182011213958
821.324,0.2958860527621009
821.443,0.31975449094396247
821.561,0.3615879806461276
821.68,0.3861277722744004
821.798,0.39161649945435095
821.917,0.3907379469413939
822.035,0.369471264712892
822.154,0.3420128983882853
822.273,0.3177039695549319
822.391,0.3048665811761726
822.51,0.30128427959437
822.628,0.2870477680667872
822.747,0.28022858379692994
822.865,0.2780602146311514
822.984,0.272646500338918
823.102,0.2700803965683327
823.221,0.27795694178352404
823.339,0.28695334968033426
823.458,0.29377632131470766
823.576,0.2977545032402329
823.695,0.3083446703690699
823.813,0.30709377056650655
823.932,0.3072800748855674
824.05,0.30003565308610275
824.169,0.3019772081699933
824.287,0.2994407229338082
824.406,0.29660382113441786
824.524,0.29973575921992857
824.643,0.29882688296937093
824.761,0.2934773421683381
824.88,0.2984992248298808
824.998,0.29900710180814716
825.117,0.3058808480729214
825.235,0.30826597596961985
825.354,0.3076018052294667
825.472,0.30186581307482774
825.591,0.29075335172329786
825.709,0.28427971702144644
825.828,0.28805762123816836
825.946,0.2858666855699893
826.064,0.28021531779935177
826.183,0.27735937551356155
826.301,0.27368328190615737
826.42,0.2620567274218188
826.538,0.26198492736967566
826.657,0.26898631541365225
826.775,0.2774312544080532
826.894,0.27734182427590987
827.012,0.27358181148770444
827.13,0.27532097325319194
827.249,0.2705066816809686
827.367,0.2622911950750877
827.486,0.25745222139086366
827.604,0.25469923877227485
827.723,0.25201748167688703
827.841,0.24505020473502664
827.959,0.2494606762221585
828.078,0.25471739154930456
828.196,0.2623753237724912
828.315,0.2722088078677145
828.433,0.2800705438157044
828.552,0.29350620585658854
828.67,0.29865361468773266
828.788,0.29649652877315325
828.907,0.2965770526122116
829.025,0.27633009421092625
829.143,0.25525452204962695
829.262,0.22596137816741096
829.38,0.1881228857229328
829.499,0.15822445882524647
829.617,0.1279214021216226
829.735,0.10730664645219432
829.854,0.09488502254226812
829.972,0.08968080663139957
830.091,0.09375525730668095
830.209,0.10523657578548876
830.327,0.11168702370212891
830.446,0.12953446439965183
830.564,0.14940088195194146
830.682,0.17266869113719208
830.801,0.19293241421461754
830.919,0.21983503795482606
831.037,0.2362073623520472
831.156,0.2487299824804033
831.274,0.24552798165489348
831.392,0.228389755190748
831.511,0.21637200916188923
831.629,0.20407218185302586
831.747,0.18902840889291622
831.866,0.18603867423061055
831.984,0.1805440578018625
832.102,0.18474034374767853
832.221,0.17920129951733
832.339,0.17527858102140872
832.457,0.18676666805534803
832.576,0.18423901702757384
832.694,0.18011795987755674
832.812,0.1756525383091325
832.93,0.17187101468988714
833.049,0.16986224812796236
833.167,0.16136264215829538
833.285,0.162780083533595
833.404,0.17026897236758154
833.522,0.17003817730956122
833.64,0.17301253079559517
833.759,0.1735729737279882
833.877,0.17752897006843854
833.995,0.1795844437848567
834.113,0.1879373820773813
834.232,0.1965829796979108
834.35,0.2149406357890046
834.468,0.23183640564647365
834.586,0.25626445088327016
834.705,0.2703210726574913
834.823,0.27750972046679634
834.941,0.27527403271114204
835.059,0.27555168916033035
835.178,0.26274006901409724
835.296,0.2436239322597577
835.414,0.22470172638542155
835.532,0.2253545509370165
835.651,0.22390163873337582
835.769,0.22267439155373908
835.887,0.22555142699817177
836.005,0.2524801227822112
836.124,0.2672144448316446
836.242,0.28317793605869856
836.36,0.3005765157977767
836.478,0.31547373978641263
836.596,0.3232745039733285
836.715,0.32057408730886694
836.833,0.322638023463686
836.951,0.34652940906527413
837.069,0.3577539347882481
837.188,0.37735697973056354
837.306,0.3937400668616244
837.424,0.40454499668059096
837.542,0.4097541391074627
837.66,0.4095607198190433
837.779,0.4162712398587404
837.897,0.42728279421531035
838.015,0.42471213493965054
838.133,0.4168009718303003
838.251,0.41694957609388633
838.369,0.4258927694648209
838.487,0.4228122482755523
838.606,0.42281134946073573
838.724,0.4250276095067568
838.842,0.4312762214504461
838.96,0.4319410344564409
839.078,0.4307300069504039
839.196,0.43770920940930536
839.315,0.4442074632857986
839.433,0.438894973968492
839.551,0.43678340197603965
839.669,0.42848719791948275
839.787,0.4259757757126238
839.905,0.4212267437521269
840.023,0.42004815559329056
840.142,0.4241000595689426
840.26,0.42191937766288934
840.378,0.41944533122563105
840.496,0.4205403181836331
840.614,0.42093503836402324
840.732,0.42478384381807155
840.85,0.42567996347367004
840.968,0.4193660856123466
841.087,0.4168081199942868
841.205,0.4112100233809756
841.323,0.4079369817181038
841.441,0.4129275111529719
841.559,0.4256463624567707
841.677,0.4357037768837245
841.795,0.44728301981630403
841.913,0.45171009189436245
842.031,0.4640015900589538
842.149,0.4792725717435954
842.267,0.49734391533548417
842.385,0.5178799441114147
842.504,0.5344872858600789
842.622,0.5428113108214028
842.74,0.5569180020228247
842.858,0.5587224234000385
842.976,0.5551080633883607
843.094,0.5505028928806662
843.212,0.548807390776221
843.33,0.5449165911101386
843.448,0.5395011421256304
843.566,0.5429818315092725
843.684,0.5535392350050343
843.802,0.5569148491118747
843.92,0.5561325851514447
844.038,0.564068748352762
844.156,0.5754230314645372
844.274,0.5856701455522935
844.392,0.5923707927471897
844.51,0.6025290512317443
844.628,0.6052290806729729
844.746,0.6032677169621224
844.864,0.5973642673632056
844.982,0.5953366145515544
845.1,0.5807704488436913
845.218,0.5612713867517449
845.336,0.5328909955588484
845.454,0.5103567388940509
845.572,0.47812382261948927
845.69,0.44466596838650696
845.808,0.4178264461856367
845.926,0.3949240734504331
846.044,0.3685090835759701
846.162,0.3518801985080724
846.28,0.3372456280898084
846.398,0.3288041521740491
846.516,0.31241785700695546
846.634,0.28928629323174776
846.752,0.2722899972966438
846.87,0.2567203274351638
846.988,0.23995181213366332
847.106,0.2240112053889768
847.224,0.20870246071150106
847.342,0.19208838491080332
847.46,0.17641434497572156
847.578,0.1604631601830354
847.696,0.15804270918897811
847.814,0.1600114429117951
847.932,0.15982578085857557
848.05,0.15726781524051597
848.168,0.159420606998536
848.285,0.16570518430542572
848.403,0.17017597898188472
848.521,0.17479204551754618
848.639,0.18479798011089865
848.757,0.19510785728345642
848.875,0.20728229171684578
848.993,0.21521845491816366
849.111,0.22452412273390465
849.229,0.23920132332413646
849.347,0.23698115003888248
849.465,0.24051825567852583
849.582,0.24410190472936996
849.7,0.24466516847456307
849.818,0.249228344770224
849.936,0.2506618292642321
850.054,0.2623341590192134
850.172,0.27335840703338393
850.29,0.27324044448736606
850.408,0.2845841495511421
850.525,0.2929878624740683
850.643,0.3014486968561955
850.761,0.31114222643194367
850.879,0.32213332989571364
850.997,0.3329248608538805
851.115,0.33264822758786017
851.233,0.3346190769202781
851.35,0.33439815470705897
851.468,0.3370375366730882
851.586,0.34830084857206356
851.704,0.36001196450304657
851.822,0.3828310021107014
851.94,0.399613496000697
852.057,0.4265189720734913
852.175,0.4645330605021908
852.293,0.5126502498378444
852.411,0.5668410089955841
852.529,0.6234890559657487
852.647,0.6839392132507609
852.764,0.7435632322489424
852.882,0.7887319226597989
853.0,0.8279291493783146
853.118,0.8546828882504309
853.236,0.878347198421616
853.353,0.8911901654886181
853.471,0.8945234674034594
853.589,0.8896087126909613
853.707,0.8734896895366736
853.824,0.849623304027055
853.942,0.8146936907156492
854.06,0.7762345353881841
854.178,0.7416984254623854
854.296,0.7159449161895353
854.413,0.692505178615924
854.531,0.6615994547637866
854.649,0.6319602758588705
854.767,0.5975750794178738
854.884,0.5511118677702731
855.002,0.49252832872406727
855.12,0.4320195849418289
855.238,0.38075111868934686
855.355,0.3314741462736983
855.473,0.2835920657876734
855.591,0.2487097010906683
855.708,0.2163082412513051
855.826,0.18495189255435962
855.944,0.15314421380940652
856.062,0.1292785335029878
856.179,0.11551687657441859
856.297,0.09424848731066296
856.415,0.07695977337525979
856.532,0.06429521380143899
856.65,0.049836188167405024
856.768,0.04308762898256502
856.886,0.033655044112726795
857.003,0.030104316769807425
857.121,0.031594874786962726
857.239,0.029550853151089396
857.356,0.028236031062919262
857.474,0.021675426939465715
857.592,0.018716006288494527
857.709,0.02348744294041736
857.827,0.025988087301871035
857.945,0.02531842462697336
858.062,0.03313177298341343
858.18,0.0467991566812619
858.298,0.05244151632167124
858.415,0.054345118087038916
858.533,0.0595934749751245
858.651,0.06722621053485635
858.768,0.07054104374826632
858.886,0.07329196198114646
859.003,0.07631035254448387
859.121,0.07414172791105494
859.239,0.066278069533136
859.356,0.055973882896401844
859.474,0.0439337639934895
859.592,0.03691961521212088
859.709,0.03274384546947812
859.827,0.03591534574357069
859.944,0.0344504065830088
860.062,0.03821972498617947
860.18,0.04175954433578284
860.297,0.0434816351791132
860.415,0.04815833533838587
860.532,0.04944433848925883
860.65,0.05018171999189673
860.768,0.06382908993935657
860.885,0.08442780516261333
861.003,0.09947425819695055
861.12,0.10318884186956068
861.238,0.10367075288286795
861.356,0.10267984806268976
861.473,0.08766534726855851
861.591,0.08132008986838307
861.708,0.08954384626216477
861.826,0.10326304525437505
861.943,0.10463797113927287
862.061,0.10131765411849122
862.178,0.09994792914894252
862.296,0.0943554474177223
862.414,0.08739487147847885
862.531,0.08571133108492458
862.649,0.08836337996504368
862.766,0.09648780567725516
862.884,0.09389173234288536
863.001,0.0945261948677702
863.119,0.09877552899591617
863.236,0.0956463220423375
863.354,0.09558192819601069
863.471,0.09450768336726678
863.589,0.10084159815464808
863.706,0.10696042596602555
863.824,0.11033178211015647
863.941,0.11548095552151738
864.059,0.12214278979690399
864.176,0.12792946690107593
864.294,0.1366455580980975
864.411,0.1410302912406459
864.529,0.14673304916401647
864.646,0.14779415962490855
864.764,0.150354532089026
864.881,0.13972901511932054
864.999,0.13740091900095558
865.116,0.14494919369875758
865.233,0.1505454659389267
865.351,0.16091102742077634
865.468,0.1745720034562816
865.586,0.1928252627302645
865.703,0.21732873796595314
865.821,0.230187897963045
865.938,0.2470166467730041
866.056,0.2558984607220289
866.173,0.24814241557317224
866.29,0.24015576897791163
866.408,0.22908808960179886
866.525,0.22512744807540605
866.643,0.22499112350267783
866.76,0.22876162465801575
866.878,0.23540371324380224
866.995,0.23708822333350477
867.112,0.233253107976714
867.23,0.22650550340387388
867.347,0.22311537126629055
867.465,0.21922313445029856
867.582,0.22011429093998747
867.699,0.22792419602499342
867.817,0.22974269472269798
867.934,0.23140816432599987
868.051,0.2388407856989993
868.169,0.2435647215807527
868.286,0.25069622118734664
868.404,0.25075563724967764
868.521,0.2578583629843405
868.638,0.2632546223951924
868.756,0.28045612033846334
868.873,0.29686863286514076
868.99,0.3132079412232366
869.108,0.3329408243440094
869.225,0.354764066713837
869.342,0.37172506998380184
869.46,0.4041378713574405
869.577,0.43422010927125865
869.694,0.4766470290384496
869.812,0.5036814785589804
869.929,0.5240277809305982
870.046,0.5539888237311785
870.164,0.5670242845282728
870.281,0.5774370946245229
870.398,0.5904422316840168
870.516,0.5907769828488965
870.633,0.5785541806311638
870.75,0.5571284766532755
870.867,0.5413168953506822
870.985,0.531950871296198
871.102,0.5099384382559
871.219,0.4955901535933317
871.337,0.48111916357396156
871.454,0.4569304734584273
871.571,0.4423283156438552
871.688,0.437352181509446
871.806,0.43370817621985935
871.923,0.42256715571094583
872.04,0.3987628013394181
872.157,0.3700149725358067
872.275,0.34402166743144164
872.392,0.30747499643889825
872.509,0.2911641312706972
872.626,0.2828220622626312
872.744,0.27594187948819016
872.861,0.2609476286944119
872.978,0.23716372521568507
873.095,0.21878520426504966
873.213,0.20453705845688405
873.33,0.1840168353878125
873.447,0.1677292419252126
873.564,0.14900235059377148
873.681,0.13647560579683532
873.799,0.12174228018706186
873.916,0.10515074414525685
874.033,0.0963947208587844
874.15,0.08925431810353918
874.267,0.07927095346632437
874.385,0.07506270330214956
874.502,0.06422325841044205
874.619,0.050690540740099765
874.736,0.04610228595633439
874.853,0.04329756921709338
874.97,0.03606050363456826
875.088,0.036873905172941056
875.205,0.04188035453458987
875.322,0.05130155934710659
875.439,0.05124187503275027
875.556,0.0483904102500273
875.673,0.05395037901231115
875.791,0.05159459630728742
875.908,0.04307381029200084
876.025,0.04205220153187529
876.142,0.043814687746818015
876.259,0.04318804395609502
876.376,0.035360722993810004
876.493,0.03165769645546963
876.61,0.03171216813734583
876.728,0.029462274953543824
876.845,0.03948389249382892
876.962,0.04080654640758517
877.079,0.043887206464655715
877.196,0.0448915409282938
877.313,0.04432440187951936
877.43,0.04164897505765587
877.547,0.0377903744887418
877.664,0.036500410240912676
877.781,0.039426966840009195
877.898,0.03513358089728462
878.016,0.03679084555168585
878.133,0.046311219304225985
878.25,0.05251210857927876
878.367,0.05494744221298191
878.484,0.047706538420845115
878.601,0.043993970380536034
878.718,0.04152481736906823
878.835,0.0348763027099279
878.952,0.03183491821686642
879.069,0.03689801291551008
879.186,0.032479658992869184
879.303,0.031901606879484484
879.42,0.02463963166343947
879.537,0.021466197637903688
879.654,0.0253809833651862
879.771,0.02122378108691761
879.888,0.02566515700402656
880.005,0.023888817075771885
880.122,0.02092843436475201
880.239,0.01678400887096696
880.356,0.011455540594416731
