wavelength_nm,intensity
792.446,89.89453495090335
792.565,123.18847434484272
792.684,145.71271676908512
792.803,157.46726222363054
792.922,158.45211070847893
793.041,146.7594700158382
793.16,114.98284663921493
793.279,93.6763531327215
793.398,65.04951330588173
793.518,55.03739209376056
793.637,52.14908040544893
793.756,60.654708111076644
793.875,72.02959988596834
793.994,88.55773841410675
794.113,102.23652629289455
794.232,122.1239721803404
794.351,128.2330630894313
794.47,124.04864750501581
794.589,114.50319295956135
794.708,98.96812802449647
794.827,85.96553062189909
794.946,80.85817131453983
795.066,81.5144483708169
795.185,81.15947001583852
795.304,81.79323624960475
795.423,75.35860421497276
795.542,74.2798163361848
795.661,67.36639642276485
795.78,68.23133148769992
795.899,64.00102845739691
796.018,62.66076871713718
796.137,50.87089981435125
796.256,51.2174225899016
796.375,49.60919973469528
796.494,49.437263148990425
796.613,50.4129091804925
796.732,50.79540425205893
796.851,37.70395146983721
796.97,43.744375830656736
797.089,35.86503906590926
797.208,41.828895154200886
797.327,51.88757851474464
797.446,56.88382702269983
797.565,75.42637378406468
797.684,84.65358349931194
797.803,86.1113745413115
797.922,99.9527153668609
798.041,101.44340684176086
798.16,99.85877364133609
798.279,90.56591533268622
798.398,78.07738602836524
798.517,75.80703854222607
798.636,66.65443997383572
798.755,63.22911413271818
798.874,63.75443764225012
798.993,65.81136288338377
799.112,62.51071236694156
799.231,62.159845400283075
799.35,63.16395678860296
799.469,63.87802488687951
799.588,66.26222285528586
799.707,70.39793597520729
799.826,72.51806467954435
799.945,70.96806351375139
800.064,68.1531272830233
800.183,75.4282343423385
800.302,72.89208599039831
800.421,67.7663272488477
800.54,64.98948625621472
800.659,61.737320588256885
800.778,62.03407266921684
800.897,68.56199358134567
801.016,74.16004436360448
801.135,90.57454536231359
801.254,99.55181692379344
801.373,101.54380709999205
801.492,99.4206457610392
801.611,93.54683507143699
801.729,93.50419321300365
801.848,92.84856434158321
801.967,91.33232940955665
802.086,102.95462261605809
802.205,116.49293313857675
802.324,116.81479344464516
802.443,105.7314589455188
802.562,93.94076513903326
802.681,79.42453020700657
802.8,58.02039036817129
802.919,39.86469795461575
803.038,23.234753834412093
803.157,13.794354482662872
803.276,3.1849749428311336
803.394,-9.674871223821352
803.513,-14.305089986073618
803.632,-23.082022515882265
803.751,-24.942197193258476
803.87,-25.413555810303407
803.989,-28.37876551949362
804.108,-24.120323178741472
804.227,-19.589303618775073
804.346,-21.621415860095063
804.465,-18.057565041451547
804.583,-25.25905944753478
804.702,-18.972067797591308
804.821,-13.925593120429276
804.94,-10.588414301486862
805.059,-3.457790913684935
805.178,-3.7970621190799982
805.297,-0.26371697555732143
805.416,0.40370187425684456
805.535,0.03868274020339424
805.653,4.222720856599608
805.772,6.720068786628515
805.891,3.876916960808869
806.01,3.055404112907202
806.129,7.3193525134636985
806.248,22.664190165665275
806.367,32.83795093222646
806.485,47.53569628160357
806.604,66.90762145374492
806.723,91.95251978298744
806.842,111.45064007144722
806.961,133.64226685341356
807.08,159.2079196094059
807.198,181.8211914130174
807.317,178.6543766365423
807.436,169.89535406785956
807.555,156.37615833900375
807.674,146.2976552508404
807.793,144.91179285531769
807.912,142.31380924767353
808.03,147.38076070496442
808.149,152.8684913830345
808.268,159.01509651997887
808.387,179.46992676514856
808.506,195.6580903436518
808.624,209.74149201739306
808.743,226.20498027122107
808.862,238.04422610080667
808.981,240.53109097801126
809.1,231.77206840932848
809.219,224.0615306891304
809.337,217.38216180010127
809.456,197.069026677306
809.575,171.48229848091768
809.694,147.73279972175897
809.812,134.43784641714564
809.931,123.91172428136336
810.05,116.33884889882792
810.169,123.40060555092452
810.288,136.37751371817262
810.406,152.92411885511746
810.525,164.88804000937807
810.644,172.04503475671225
810.763,179.402895304912
810.882,188.1131368054925
811.0,184.60259908529383
811.119,188.29898777202155
811.238,197.14429420766712
811.357,207.19999025370225
811.475,205.41585945991056
811.594,205.19449922888947
811.713,208.8259528506822
811.832,219.79939781446623
811.95,226.52435792976544
812.069,228.04066003640656
812.188,245.2660530521386
812.307,251.30616468258933
812.425,255.13502090178466
812.544,252.7058684629714
812.663,252.8065861540282
812.782,253.46314800092898
812.9,258.0513115794314
813.019,258.11566563412424
813.138,271.4865131953105
813.257,290.01060750974364
813.375,315.9719312614061
813.494,326.7306576104712
813.613,338.252154522307
813.731,337.6515735120647
813.85,342.32371977454955
813.969,336.1802816214501
814.088,340.84636727787455
814.206,346.8899421117883
814.325,357.6495342617194
814.444,352.25587965840396
814.562,352.66915146201484
814.681,343.3300423132447
814.8,339.0775132510544
814.918,320.27952964340966
815.037,317.2122819665008
815.156,302.8307485753063
815.274,299.68990782480466
815.393,291.9577250829609
815.512,292.4688323844071
815.631,294.4362167421302
815.749,298.89710759335975
815.868,301.1320244186152
815.987,311.28728756421685
816.105,318.59579746306514
816.224,324.25668831429437
816.343,324.44918089712513
816.461,319.2165652548475
816.58,306.52680675542706
816.698,293.37471059366874
816.817,283.28668369597955
816.936,274.4973580969918
817.055,274.60327059324186
817.173,263.0511744314834
817.292,254.93284450349114
817.41,248.91235007333432
817.529,236.20960456092632
817.648,226.64105818271736
817.766,217.573810505807
817.885,211.11522083755457
818.004,205.7752458879168
818.122,199.8058337088419
818.241,196.132525425871
818.359,203.29731238099532
818.478,203.9521426261631
818.597,213.85286031721841
818.715,229.18128363597947
818.834,242.50671548679512
818.953,237.36294558331193
819.071,243.00391433370572
819.19,259.7436690762051
819.308,327.18846218211866
819.427,445.0618232049864
819.546,575.071779416967
819.664,683.6703564892762
819.783,726.6368025961697
819.901,692.7446506010356
820.02,609.23835769342
820.138,489.3957906595142
820.257,384.87963361287575
820.376,319.2228440339443
820.494,262.96384048110633
820.613,234.4559701560716
820.731,209.26491295535254
820.85,186.82537090614858
820.969,171.10963838075412
821.087,152.25537771683148
821.206,149.58813003992165
821.324,157.3736962158256
821.443,168.0718165042838
821.561,204.00283722564257
821.68,228.1277973409409
821.798,238.18349338697539
821.917,233.52576951959009
822.035,221.98146556562455
822.154,208.1159494904468
822.273,188.44264120747675
822.391,167.93296928814303
822.51,164.5349856804977
822.628,153.16730510315548
822.747,150.42300114918973
822.865,143.20510412163082
822.984,140.66512917199395
823.102,139.3987472959501
823.221,141.420677108218
823.339,142.84866752654654
823.458,146.5857488539661
823.576,142.09252715108266
823.695,143.25904570793935
823.813,140.69742573665758
823.932,138.53667156624178
824.05,134.92137194128063
824.169,142.28962209986932
824.287,138.27172507231083
824.406,130.96032155124593
824.524,122.48095266221563
824.643,125.90547987708138
824.761,125.4295741915143
824.88,128.86362521590394
824.998,134.84832559094298
825.117,147.510948043904
825.235,144.6159947392893
825.354,143.05697217060543
825.472,145.58712709109923
825.591,157.0843815786929
825.709,162.01367069832136
825.828,165.2780247530149
825.946,166.11553898086862
826.064,153.28465494032406
826.183,136.3368877828965
826.301,131.02721586356418
826.42,126.49763052431862
826.538,128.57930059632872
826.657,138.10512651249476
826.775,137.9703463680549
826.894,139.68231947036833
827.012,133.98909776748707
827.13,132.1521531208829
827.249,132.08317384224407
827.367,123.95618590559656
827.486,124.76166550141657
827.604,125.25805418814554
827.723,125.23236495279674
827.841,130.23611294688524
827.959,129.74202544313823
828.078,133.7275916190449
828.196,139.07592835772206
828.315,143.28660275873693
828.433,152.66437672685151
828.552,161.21617666899186
828.67,174.72122336437917
828.788,186.58298001647645
828.907,188.39105701489416
829.025,186.44502145919932
829.143,176.8556958602145
829.262,156.43779883265836
829.38,123.05274592700214
829.499,93.75423245442198
829.617,63.23061903997076
829.735,42.06960756495381
829.854,29.028702349069725
829.972,30.087098460075598
830.091,29.365208750176855
830.209,37.51862624131637
830.327,46.144165024363964
830.446,66.23755115120379
830.564,81.17058003414891
830.682,110.36167675331663
830.801,144.3755774849412
830.919,178.7700412319154
831.037,204.17071673292145
831.156,219.68134894388425
831.274,221.6950114578774
831.392,204.50434496754173
831.511,179.67991224343984
831.629,152.2693323331908
831.747,125.59121995540931
831.866,107.1312893958096
831.984,98.95187831672942
832.102,97.96467502985708
832.221,86.26185445650624
832.339,71.45573689376593
832.457,77.03118934419504
832.576,70.82008439028135
832.694,75.27835647149777
832.812,75.06810044256022
832.93,75.6966589665968
833.049,74.93340853095062
833.167,59.48533528178534
833.285,47.39005108475341
833.404,50.87839495332549
833.522,44.807348521279465
833.64,44.91734705052267
833.759,42.37268035811838
833.877,41.90345825020225
833.995,44.16274368792121
834.113,50.695543369764124
834.232,55.150802515823045
834.35,65.2277050522885
834.468,75.2187432310041
834.586,93.53846240061372
834.705,116.01601900090424
834.823,133.22078582498202
834.941,136.90347472698193
835.059,141.92036276318083
835.178,133.56668802881688
835.296,120.15587043731001
835.414,105.46886236961254
835.532,97.27882399888472
835.651,95.74246528183642
835.769,90.95935331803503
835.887,89.35805953605197
836.005,106.18447138177457
836.124,124.21434643096049
836.242,143.87798771391277
836.36,157.02647748171364
836.478,167.4996425741898
836.596,179.16761286147107
836.715,183.9948905080597
836.833,187.15550148798172
836.951,192.7100518618431
837.069,197.68797885908106
837.188,207.22694481735806
837.306,210.1433999531244
837.424,222.44946547850105
837.542,233.193626241973
837.66,251.30315497081295
837.779,257.6092204961897
837.897,260.7473206536012
838.015,262.5269792525711
838.133,262.54819629309964
838.251,263.10880727302225
838.369,272.24257842610496
838.487,270.91834092117904
838.606,282.7447527669026
838.724,279.42397846544
838.842,272.97419983497275
838.96,271.1772350573194
839.078,266.6079759073716
839.196,267.9365522552592
839.315,278.07898141699945
839.433,278.2577742151034
839.551,277.0833202599607
839.669,273.00323859919047
839.787,267.6201266353898
839.905,261.4543306889054
840.023,252.59589404978033
840.142,250.98940546260337
840.26,252.7915748840844
840.378,241.9972075090287
840.496,238.79245052358345
840.614,244.2552260056707
840.732,241.63142140117785
840.85,235.82233541140374
840.968,226.52840093678114
841.087,222.59204221973425
841.205,215.1976748446789
841.323,208.17733344364967
841.441,214.0539617395903
841.559,221.9409796459206
841.677,228.54574647
841.795,238.4561409997071
841.913,243.0106913735699
842.031,252.00420278639376
842.149,265.16654536804873
842.267,273.94793556875135
842.385,291.5518365919646
842.504,297.23798869742893
842.622,302.4687295474821
842.74,307.89773879580366
842.858,308.5414666588439
842.976,308.84580058249026
843.094,313.7172340732362
843.212,322.13585371116824
843.33,334.39083698546386
843.448,340.92460813854746
843.566,344.5103273435791
843.684,345.00686905943337
843.802,348.1215925934695
843.92,342.00168409287346
844.038,345.923334033836
844.156,350.0527761825908
844.274,349.710356859484
844.392,361.0770284454684
844.51,367.73634072409334
844.628,370.44933265639804
844.746,373.9597271861054
844.864,370.34458059027156
844.982,376.0922045572082
845.1,363.5861488704651
845.218,354.95974686337547
845.336,332.7826955056364
845.454,310.12252726478033
845.572,286.5783763399415
845.69,259.8316280125051
845.808,240.5766545768438
845.926,228.57103179053294
846.044,209.8026384414515
846.162,197.76065201877697
846.28,168.1221287995656
846.398,154.1424800392285
846.516,138.43988755594756
846.634,126.33383186920346
846.752,119.63037358505686
846.87,113.82994560394056
846.988,101.28225157240806
847.106,85.98713606222117
847.224,71.34621965494125
847.342,65.68757426660463
847.46,50.11939451765544
847.578,40.34426545719387
847.696,34.155573576337744
847.814,34.926073197574965
847.932,29.454902741022856
848.05,24.895903469246733
848.168,29.452189362695393
848.285,35.750372385258245
848.403,33.0786577223602
848.521,42.944569259009185
848.639,50.67519489233453
848.757,65.21566491166787
848.875,68.21914616547693
848.993,81.09523526086042
849.111,90.60335898827854
849.229,102.28724029145438
849.347,108.94168436519304
849.465,125.48790333070667
849.582,130.51291017500807
849.7,141.58899927039175
849.818,142.5655212662084
849.936,150.0537315737132
850.054,151.38176872104478
850.172,161.73145089002145
850.29,168.00234518021028
850.408,173.21609661325633
850.525,165.5415363579907
850.643,168.39078562653467
850.761,168.31968857473225
850.879,168.91612399046224
850.997,167.8900485836813
851.115,169.92717664010377
851.233,174.43789777011915
851.35,181.09234184385753
851.468,175.66799803880826
851.586,182.81681440691912
851.704,197.25913726853648
851.822,207.09280212149582
851.94,215.64075268874092
852.057,235.87701494429757
852.175,261.8388183253952
852.293,303.5980243038957
852.411,339.919135044301
852.529,383.758860503321
852.647,427.6063781701331
852.764,464.2694802525297
852.882,496.30054770289166
853.0,528.2969831186215
853.118,560.8457994867323
853.236,591.4734037336311
853.353,609.4239517034733
853.471,621.5303438291596
853.589,628.0730995912095
853.707,624.9327384701426
853.824,607.4252777819759
853.942,584.9931417691336
854.06,558.5540793493649
854.178,520.9427225573017
854.296,490.6794177132905
854.413,464.00139425456086
854.531,449.3121153845759
854.649,424.1734858652405
854.767,401.2530381640869
854.884,373.9351878655305
855.002,328.8857358353722
855.12,276.3826041515339
855.238,239.23618242440534
855.355,208.92785593537198
855.473,182.87234329915236
855.591,140.53804278414475
855.708,115.51543058082541
855.826,89.43540161324415
855.944,53.268315459578005
856.062,28.151677152769913
856.179,17.92998730029033
856.297,12.05775445214169
856.415,1.9205749621262984
856.532,-17.44956332844419
856.65,-25.667465885358013
856.768,-29.65921995768634
856.886,-39.943789316577735
857.003,-32.1014727873985
857.121,-33.64958793854552
857.239,-29.653398163448035
857.356,-27.192198397488117
857.474,-33.26976427536267
857.592,-38.858694021282574
857.709,-35.22742839788596
857.827,-34.33377205915437
857.945,-21.910380702091615
858.062,-21.19868256021712
858.18,-3.794572195124736
858.298,3.03021583880665
858.415,3.124936309389935
858.533,1.8217141423551966
858.651,10.826243419643289
858.768,14.118513758444536
858.886,26.305504207326315
859.003,37.65745480115193
859.121,54.65988632457393
859.239,59.206359371811175
859.356,57.46256999682227
859.474,57.79756850062131
859.592,54.452667962783465
859.709,42.28513157680203
859.827,40.5257193850297
859.944,33.427926607050935
860.062,32.24905926393454
860.18,21.139275149421053
860.297,16.9406251158699
860.415,19.783180436484255
860.532,12.741609144427288
860.65,9.895287825970813
860.768,10.883427435474143
860.885,7.314679851974347
861.003,8.805862109522247
861.12,-0.572654124508726
861.238,3.4479946091350957
861.356,8.093858612988477
861.473,20.39343944365844
861.591,31.228917858204714
861.708,40.957052157942655
861.826,50.12646814680766
861.943,54.7578755502315
862.061,53.230341524590095
862.178,52.86124905739007
862.296,44.23146863770259
862.414,42.24214685300674
862.531,37.83467164921374
862.649,29.54624537190817
862.766,28.439594581940973
862.884,29.787708580839613
863.001,32.90587404284231
863.119,32.02440228762558
863.236,32.02888902056393
863.354,34.97488110733817
863.471,41.629856245983355
863.589,36.59798018344539
863.706,41.07519502999817
863.824,47.02773455187555
863.941,45.138715632194476
864.059,48.115497578314304
864.176,59.95548298763762
864.294,70.64308744458005
864.411,76.81640618723692
864.529,75.74730068746955
864.646,75.76650687601375
864.764,74.11298579183062
864.881,65.58500583318863
864.999,66.89598691350753
865.116,74.96887275573117
865.233,82.8590746152708
865.351,86.4228695484036
865.468,97.63514933002139
865.586,107.59807846228853
865.703,123.4978041313522
865.821,132.63043023331625
865.938,149.73015590237966
866.056,164.69654823810976
866.173,167.08112239202163
866.29,157.8016272818643
866.408,155.89875554833048
866.525,148.5283513472641
866.643,141.04452723277794
866.76,135.53472909231775
866.878,144.18856731549408
866.995,149.45885575512068
867.112,150.44602731163033
867.23,147.77172700666807
867.347,152.86019726447623
867.465,144.43351600713277
867.582,137.64146678442143
867.699,133.23123574352817
867.817,124.92316920479956
867.934,119.45492950589782
868.051,121.35205777236396
868.169,128.0552466448905
868.286,140.17921473819618
868.404,143.50578023409912
868.521,159.3474972451536
868.638,171.81691988391356
868.756,176.385043821375
868.873,194.33844914411804
868.99,215.2122007872075
869.108,226.67642862077327
869.225,243.93026684394954
869.342,254.75553363855437
869.46,275.6985493509081
869.577,293.34113216282867
869.694,312.35774094877513
869.812,337.71807267844434
869.929,364.7693134990225
870.046,385.5573508563971
870.164,402.51075617913966
870.281,413.67974591746696
870.398,423.9171339241926
870.516,419.3960803724767
870.633,414.0421263878605
870.75,402.24055335562514
870.867,391.74201062642
870.985,393.82182287556975
871.102,383.84535806844247
871.219,376.60742139984336
871.337,369.7305236922832
871.454,356.7834961145933
871.571,343.8191525195874
871.688,325.2660643358368
871.806,303.9380843771944
871.923,288.12785333630086
872.04,261.70203787982285
872.157,236.46583281295514
872.275,215.9724848889448
872.392,205.39515428095194
872.509,198.52258557772097
872.626,183.8855147099879
872.744,178.6207382145492
872.861,166.8061781693271
872.978,150.35438868687552
873.095,134.7839844858093
873.213,122.99366686482988
873.33,110.01979946030062
873.447,101.6416030514424
873.564,75.11448889366642
873.681,69.37525352376915
873.799,56.87324759110132
873.916,48.77816806535979
874.033,46.410361266891144
874.15,47.36463239050041
874.267,39.33137343698909
874.385,31.156942587247748
874.502,15.315361986278553
874.619,9.132891000671243
874.736,-1.7207264862134029
874.853,0.7879943718361053
874.97,4.550947832330108
875.088,13.350472196112015
875.205,16.717778220606355
875.322,14.171927577122982
875.439,15.826976066949934
875.556,13.58290407614253
875.673,6.806905010633008
875.791,2.46221193075618
875.908,-4.5553592060776955
876.025,-7.764426021824349
876.142,-7.944841331860308
876.259,-8.225459176778777
876.376,-8.558116890912425
876.493,-6.967504979062547
876.61,-5.547294658417852
876.728,-2.1524877040864068
876.845,-0.9495029738563767
876.962,5.29489173450322
877.079,13.949624838931891
877.196,16.05716206185648
877.313,12.487651380645893
877.43,5.9311219957412735
877.547,0.3728128815732329
877.664,0.7675715938713852
877.781,-6.90154553074772
877.898,-3.5626288566768882
878.016,4.426841155967507
878.133,10.949917401212605
878.25,15.649698940208017
878.367,13.003198572990403
878.484,14.605070988837117
878.601,15.14513783571837
878.718,5.598949574081713
878.835,1.148032303303858
878.952,3.1217683472492697
879.069,5.012200056689709
879.186,-1.033906334800389
879.303,-10.638564893441814
879.42,-14.193311697465344
879.537,-17.650714075452107
879.654,-17.56989506307358
879.771,-13.902478030296596
879.888,-10.608259902535588
880.005,-11.337121276974859
880.122,-14.08079550068992
880.239,-18.83928257368078
880.356,-25.61258249594744
