wavelength_nm,intensity
792.446,0.2526633975876048
792.565,0.304695487725534
792.684,0.3397727915814352
792.803,0.3578953091553084
792.922,0.35906304044715326
793.041,0.3243234545619873
793.16,0.29788232169901285
793.279,0.2749343015781191
793.398,0.24567549191453428
793.518,0.236864581275058
793.637,0.23659575104959735
793.756,0.24617282783163677
793.875,0.25460233558874057
793.994,0.2733061985251726
794.113,0.3063723162568453
794.232,0.3303788553904906
794.351,0.32371186579906386
794.47,0.30659242100394113
794.589,0.28097458070644044
794.708,0.25026744820318586
794.827,0.219921556315394
794.946,0.21508261225710051
795.066,0.21233550339067347
795.185,0.21380062811943445
795.304,0.22445302580331689
795.423,0.2232441479234985
795.542,0.22171938250189677
795.661,0.21488146620573145
795.78,0.20838098146397038
795.899,0.20601407079449574
796.018,0.19706389356271997
796.137,0.20013507443187178
796.256,0.22186810148786024
796.375,0.22293398290739894
796.494,0.2284977300366777
796.613,0.21560035755592777
796.732,0.22135815184722235
796.851,0.21065074346867524
796.97,0.2007277984017094
797.089,0.18908310907376374
797.208,0.19744239360888038
797.327,0.1995800712673919
797.446,0.19873603139147877
797.565,0.1869558912382856
797.684,0.19547184777911247
797.803,0.20016416721699257
797.922,0.21457489362488175
798.041,0.22189615621757022
798.16,0.2403806918209965
798.279,0.2376173726277418
798.398,0.22352766629255977
798.517,0.205603778279783
798.636,0.19720627545145974
798.755,0.19814239769822573
798.874,0.2008508333138111
798.993,0.20353071513097987
799.112,0.22169444260191057
799.231,0.22177890183315102
799.35,0.209427333025269
799.469,0.20438944491276917
799.588,0.19581995692796278
799.707,0.19328646118439702
799.826,0.2034562124369071
799.945,0.18422696938858285
800.064,0.20227775404079576
800.183,0.20231918479945377
800.302,0.190542262416292
800.421,0.19785587056148518
800.54,0.19485572393804285
800.659,0.20065713826202425
800.778,0.22651392414771188
800.897,0.2186113497705901
801.016,0.2362681813364954
801.135,0.2382961773781116
801.254,0.23841043825222874
801.373,0.2313855764514538
801.492,0.23114531746574452
801.611,0.21983429375777963
801.729,0.22703727163951476
801.848,0.22983143382369364
801.967,0.24967279267990272
802.086,0.2695880798481135
802.205,0.27527048676708665
802.324,0.2742237371049955
802.443,0.26174788935948845
802.562,0.24103045703407394
802.681,0.22649336100455156
802.8,0.20239976379823638
802.919,0.1893584290085833
803.038,0.1751498415524884
803.157,0.15598784176741032
803.276,0.1351753929860685
803.394,0.08909505930154613
803.513,0.0797440546951804
803.632,0.0725707555313878
803.751,0.07565462136220463
803.87,0.08409923224484242
803.989,0.09917800572047629
804.108,0.10699022916742826
804.227,0.10078396220824905
804.346,0.08367824194023149
804.465,0.0902161659547077
804.583,0.09147466168462456
804.702,0.11342897856488206
804.821,0.10943996286138226
804.94,0.10092125123445156
805.059,0.09469456241816437
805.178,0.09045316602691841
805.297,0.09224555791122499
805.416,0.1107947560120495
805.535,0.12034144148111973
805.653,0.13334506003664542
805.772,0.12390628631070016
805.891,0.11060894014632205
806.01,0.11293009972782544
806.129,0.11041746376523481
806.248,0.13435794123686098
806.367,0.15309480528948605
806.485,0.17260919774983308
806.604,0.19559654902996254
806.723,0.21933107873524055
806.842,0.24019454780150995
806.961,0.2608384335050052
807.08,0.26934993387267686
807.198,0.291551765259939
807.317,0.28993753127274025
807.436,0.2859676724349419
807.555,0.27446048615078783
807.674,0.26115045716713775
807.793,0.24715827148638111
807.912,0.23802183175300914
808.03,0.23628158359762597
808.149,0.2409949410422098
808.268,0.25910948522601185
808.387,0.28379020766669305
808.506,0.3094420792968513
808.624,0.3325333430294959
808.743,0.34872239072343575
808.862,0.35939537822870277
808.981,0.34159420429094833
809.1,0.3260495240581549
809.219,0.3089389077620527
809.337,0.2852419509421622
809.456,0.26259175181265926
809.575,0.2538602376063866
809.694,0.2431571901588356
809.812,0.234664038894036
809.931,0.2183232525053438
810.05,0.22811065070187886
810.169,0.24008826195816946
810.288,0.2559382755093547
810.406,0.2613044375382229
810.525,0.2708748799849796
810.644,0.28334465683802534
810.763,0.2840934358609827
810.882,0.29743019019114003
811.0,0.30791230356468646
811.119,0.3197604105213553
811.238,0.33296611011660093
811.357,0.3275418750874163
811.475,0.32344834967426217
811.594,0.33058688711864004
811.713,0.3241410972327039
811.832,0.3463576499476112
811.95,0.3521621173981397
812.069,0.34892716851755023
812.188,0.35474675766826125
812.307,0.3651213389516229
812.425,0.3588704509791461
812.544,0.3469136414712648
812.663,0.33878934286510864
812.782,0.341398091010473
812.9,0.32944800225822857
813.019,0.3073176489055671
813.138,0.31357912773937996
813.257,0.3209260086084905
813.375,0.3253947258762617
813.494,0.3287780411087352
813.613,0.3461086044758944
813.731,0.3670330919196819
813.85,0.3787400630079837
813.969,0.38643138260346555
814.088,0.403207483630612
814.206,0.4200860761812152
814.325,0.43552138645887584
814.444,0.4410671048173992
814.562,0.44502672484570377
814.681,0.44267387514240814
814.8,0.45233101576157164
814.918,0.4517675672464995
815.037,0.4399770964406229
815.156,0.4485185916241254
815.274,0.4422391404401953
815.393,0.4397770784578082
815.512,0.43430747832807903
815.631,0.4305516708856623
815.749,0.43697444785475326
815.868,0.4359892719234911
815.987,0.4260268466507483
816.105,0.4244368027121989
816.224,0.40768641424657215
816.343,0.4038852417036079
816.461,0.3888788893256579
816.58,0.37959694056111304
816.698,0.36795264619033186
816.817,0.36884424127056736
816.936,0.3621766664486281
817.055,0.35954322519750925
817.173,0.33801269928540834
817.292,0.32354064698056134
817.41,0.3047034638897955
817.529,0.29189983917171464
817.648,0.27656753014539337
817.766,0.2797845066758641
817.885,0.27475231651246357
818.004,0.26669223610238607
818.122,0.23783246281928444
818.241,0.23433078133988045
818.359,0.2233558778791196
818.478,0.20754679585170147
818.597,0.21546950863546258
818.715,0.24198869537527212
818.834,0.2526731963027694
818.953,0.2557156964283208
819.071,0.27678657606292556
819.19,0.3437808274870004
819.308,0.4326311435477842
819.427,0.5843927729331122
819.546,0.7415898134394747
819.664,0.8582690984021747
819.783,0.8908280454403865
819.901,0.8373159552306104
820.02,0.7221224499777736
820.138,0.5721423135503151
820.257,0.4484184892058264
820.376,0.3688704267407623
820.494,0.292998976027128
820.613,0.2571066270449188
820.731,0.2385440254993833
820.85,0.2242930385287097
820.969,0.21238690718162384
821.087,0.21826558427860926
821.206,0.23630108858174753
821.324,0.2449187205897443
821.443,0.27104765018648447
821.561,0.3075067110960269
821.68,0.3318435859422516
821.798,0.3356731897784685
821.917,0.3345143127434793
822.035,0.31919816396016293
822.154,0.2888745678404999
822.273,0.26484159899661885
822.391,0.25601292519570007
822.51,0.22841754561327715
822.628,0.1995320735918779
822.747,0.19488172971216222
822.865,0.19566225473596432
822.984,0.18895526821386244
823.102,0.19580724887038461
823.221,0.2253721387071324
823.339,0.23128381926859676
823.458,0.2160100301302762
823.576,0.1983707085675248
823.695,0.19795053788659545
823.813,0.20720223751720152
823.932,0.19753725250450438
824.05,0.19682445128858495
824.169,0.2178095524741484
824.287,0.216565932554884
824.406,0.21528319919989367
824.524,0.20920744207412656
824.643,0.1999654811703882
824.761,0.21761612002730388
824.88,0.20451247317483323
824.998,0.20353410932103952
825.117,0.20859526377631055
825.235,0.21777274372781685
825.354,0.22179840824169764
825.472,0.23068921289736138
825.591,0.2270175965885417
825.709,0.262436560165325
825.828,0.2668674452325418
825.946,0.25524940495257575
826.064,0.25032320014056425
826.183,0.23446720964209883
826.301,0.21069237840961114
826.42,0.18965907241677515
826.538,0.17638800250594913
826.657,0.20012789852406815
826.775,0.206262236042693
826.894,0.20900271542472854
827.012,0.21713805375588482
827.13,0.2143632183239323
827.249,0.20881833166932018
827.367,0.19119994667899703
827.486,0.18887108842838063
827.604,0.1938034545057633
827.723,0.2034481896966257
827.841,0.20557545243599473
827.959,0.20285478483180763
828.078,0.20386411918108288
828.196,0.2042140023626406
828.315,0.2055060815556501
828.433,0.21976296730851447
828.552,0.23232758809981646
828.67,0.25655165914158184
828.788,0.27018877084635634
828.907,0.27046838072354934
829.025,0.2615825601014396
829.143,0.24942518339898537
829.262,0.21854197708212939
829.38,0.18941740336639168
829.499,0.16022189530867964
829.617,0.13374651913456723
829.735,0.1147988813345774
829.854,0.09431535514405048
829.972,0.08001632930319244
830.091,0.08465961911260106
830.209,0.06910642719002599
830.327,0.07755352571264278
830.446,0.09423876260461736
830.564,0.12088434011054804
830.682,0.1604033486682244
830.801,0.19665109420819815
830.919,0.23144604113065265
831.037,0.25694169723351623
831.156,0.26611390916403993
831.274,0.2685620050802265
831.392,0.2515467926730545
831.511,0.24567459311123105
831.629,0.23177937022475176
831.747,0.2132658169640217
831.866,0.2060116028210855
831.984,0.18362991838118412
832.102,0.1839545230360844
832.221,0.1673289548236105
832.339,0.15929948521461448
832.457,0.1681303780127138
832.576,0.16476079810480346
832.694,0.17562664477228102
832.812,0.16920938331460295
832.93,0.15325202968580104
833.049,0.1367955662101012
833.167,0.11904556963763635
833.285,0.11054672314462735
833.404,0.10202062995595981
833.522,0.10481519660730745
833.64,0.12586887333935232
833.759,0.11423549508250826
833.877,0.12435411469079204
833.995,0.13770768601379066
834.113,0.158757470376117
834.232,0.15781569974947557
834.35,0.16266855913052355
834.468,0.18310783256515462
834.586,0.19293034392266678
834.705,0.19429396202210758
834.823,0.21107155872383515
834.941,0.22733772721490247
835.059,0.2394175771382317
835.178,0.22802431428828263
835.296,0.22663153582547346
835.414,0.22300985879281182
835.532,0.2061969467322252
835.651,0.19636379958836456
835.769,0.18972603499050605
835.887,0.18098104583356417
836.005,0.1813751899112061
836.124,0.19924929365101285
836.242,0.21882626713671663
836.36,0.23858829898163278
836.478,0.25720543641651394
836.596,0.2691790003260747
836.715,0.2809931257047464
836.833,0.2838466289511281
836.951,0.30322310992989127
837.069,0.324513326076153
837.188,0.3352099511503517
837.306,0.3397033187720436
837.424,0.3632853125903584
837.542,0.36354292397213417
837.66,0.3685621907223837
837.779,0.36814604635159864
837.897,0.37654417299810805
838.015,0.3860361026244608
838.133,0.38924244554175924
838.251,0.3876736915793111
838.369,0.402683361583246
838.487,0.3884611049461423
838.606,0.38637989336641
838.724,0.36723636341446564
838.842,0.35985919639315667
838.96,0.3569966969706792
839.078,0.3675286635317836
839.196,0.3759049477224745
839.315,0.39153796781169636
839.433,0.39976807556729266
839.551,0.4236508232003413
839.669,0.4204623671294918
839.787,0.4158659127527916
839.905,0.3999937106069218
840.023,0.40159715330490997
840.142,0.3905571744616968
840.26,0.38137548455198084
840.378,0.3754903252819775
840.496,0.375892432909938
840.614,0.3693133556204643
840.732,0.36009134117693004
840.85,0.3540835281165607
840.968,0.34444986739028916
841.087,0.34011048191668525
841.205,0.33263082337191785
841.323,0.3301883711767214
841.441,0.33104412981014664
841.559,0.33892979883937036
841.677,0.35300192343201
841.795,0.37014879372835685
841.913,0.3794643035192503
842.031,0.4067897582271055
842.149,0.41744773895639403
842.267,0.4347105422874715
842.385,0.44158137721558166
842.504,0.4484992574331474
842.622,0.4616758413372214
842.74,0.47331673257835094
842.858,0.4810343827166627
842.976,0.5059588474733719
843.094,0.5161362941746496
843.212,0.5247394038680726
843.33,0.5297956347743228
843.448,0.5330154192028946
843.566,0.5218830299696806
843.684,0.5181216294808186
843.802,0.5171980680594768
843.92,0.5215956649133486
844.038,0.5182358295737682
844.156,0.5185287249226357
844.274,0.5357495235309849
844.392,0.5391020428833773
844.51,0.5454049739602016
844.628,0.5489809584375087
844.746,0.5499509699167555
844.864,0.5386472014148103
844.982,0.5325957034428044
845.1,0.5332027941176793
845.218,0.5403592611603423
845.336,0.5247424477286606
845.454,0.5221840624987352
845.572,0.4838628563379838
845.69,0.4325269068871135
845.808,0.3839145436579423
845.926,0.3555484567837839
846.044,0.3373559137544059
846.162,0.32285138538056746
846.28,0.3046168376284612
846.398,0.2996507416917522
846.516,0.28465895853426626
846.634,0.2635748103922759
846.752,0.25595030089843496
846.87,0.22578617565059816
846.988,0.20565125134798082
847.106,0.1638741255008313
847.224,0.1392939492173148
847.342,0.122606580718115
847.46,0.11738400898936613
847.578,0.11281452895584654
847.696,0.11465523085112986
847.814,0.10117462552868306
847.932,0.10232563301931878
848.05,0.09401544740485973
848.168,0.10236117445652895
848.285,0.12815894803882605
848.403,0.12841953417111576
848.521,0.1361236350018786
848.639,0.13518620446451074
848.757,0.1469260073127998
848.875,0.15832281523562128
848.993,0.17391235657135806
849.111,0.1872042779442447
849.229,0.21105604376599602
849.347,0.20245751341385126
849.465,0.22104446324456734
849.582,0.21406934016488605
849.7,0.21818160474975506
849.818,0.21966586233104873
849.936,0.21795126047054308
850.054,0.22003251888872
850.172,0.22005020457015262
850.29,0.22911106291174466
850.408,0.23998584215380214
850.525,0.23838168077138383
850.643,0.25402821008317933
850.761,0.26734356640288126
850.879,0.2713792120142874
850.997,0.2891058564293578
851.115,0.28372486277716774
851.233,0.273498204311048
851.35,0.2697738769232607
851.468,0.27689684913281526
851.586,0.28501113279875623
851.704,0.302173233740361
851.822,0.3105395457426714
851.94,0.3348827740818961
852.057,0.35207847880168275
852.175,0.36857522493527145
852.293,0.4216211204091587
852.411,0.4737193893382966
852.529,0.5246348052754073
852.647,0.5776403762154753
852.764,0.6213645836215105
852.882,0.6685281377245345
853.0,0.7148062322724472
853.118,0.7455123360105459
853.236,0.7752657726371679
853.353,0.8091222305798844
853.471,0.836073112106078
853.589,0.8424786436514333
853.707,0.8347907506270084
853.824,0.8114686998031313
853.942,0.7815972726114666
854.06,0.742931736669417
854.178,0.6977437073821258
854.296,0.6771318012686751
854.413,0.6558360582692085
854.531,0.6319729866165917
854.649,0.6015773404852784
854.767,0.5692444365417384
854.884,0.5388067856876965
855.002,0.4940976102395065
855.12,0.4434304849195426
855.238,0.4009744427984956
855.355,0.3530779489896867
855.473,0.30803105557076216
855.591,0.2702404763241022
855.708,0.2404605766219779
855.826,0.20970623761061752
855.944,0.16969786876900944
856.062,0.1550489200450677
856.179,0.1486517132656095
856.297,0.14107516399272346
856.415,0.12345451672879554
856.532,0.11597663851285406
856.65,0.09722138605294194
856.768,0.09660223256436279
856.886,0.07060188133658736
857.003,0.07932660079377081
857.121,0.08320373797404418
857.239,0.09159917481609667
857.356,0.08677317206533429
857.474,0.07446885014867735
857.592,0.05835724188631568
857.709,0.07111898444871498
857.827,0.07324491944532421
857.945,0.09916788137583674
858.062,0.10921037630230666
858.18,0.1333381967719963
858.298,0.1502094433049711
858.415,0.1408173885890725
858.533,0.12663757010814747
858.651,0.1316219151556468
858.768,0.1456043811960156
858.886,0.15948793232982805
859.003,0.1670071468176662
859.121,0.1598737887247732
859.239,0.1722235816960399
859.356,0.16125430244305206
859.474,0.15075715358114344
859.592,0.1518426705322188
859.709,0.16186512529371977
859.827,0.16419182544402813
859.944,0.17120456063395384
860.062,0.15778573289213874
860.18,0.1495788850988783
860.297,0.1454200566810563
860.415,0.1414736496722591
860.532,0.13846592756664242
860.65,0.1420783262511865
860.768,0.13784645719799238
860.885,0.14152445188930368
861.003,0.14016969802100085
861.12,0.13002496235797772
861.238,0.14037839077263845
861.356,0.1478658648571557
861.473,0.17056186333287232
861.591,0.18990939794035588
861.708,0.20824217323587352
861.826,0.22596625741887216
861.943,0.2312762911103099
862.061,0.21466798961450645
862.178,0.17927027395981487
862.296,0.16153719190876265
862.414,0.1547625799905829
862.531,0.15551396843853377
862.649,0.1536130512779228
862.766,0.17105255499377386
862.884,0.16995743488945578
863.001,0.17221815861490292
863.119,0.15190036519858824
863.236,0.15272267329865644
863.354,0.16419618289029292
863.471,0.1695568176920652
863.589,0.17514544092545228
863.706,0.1887131620587295
863.824,0.19151205379053882
863.941,0.2060215105806813
864.059,0.1981545647796773
864.176,0.20275008072589032
864.294,0.21582353571364443
864.411,0.22852863052673617
864.529,0.23384439206608987
864.646,0.22909124983692303
864.764,0.22848911890081547
864.881,0.23163369556261765
864.999,0.2088636441814841
865.116,0.20372317327766665
865.233,0.2069155529392631
865.351,0.21937404609312883
865.468,0.22151445146780352
865.586,0.24232787967307168
865.703,0.2715202590457008
865.821,0.29611343329730944
865.938,0.29889434715124025
866.056,0.32390079989513887
866.173,0.31269078070274614
866.29,0.30133626526416774
866.408,0.29361095786930935
866.525,0.3087009356715234
866.643,0.3176565437665047
866.76,0.323011507029221
866.878,0.3275179748928267
866.995,0.33997341648552504
867.112,0.31505137560572366
867.23,0.30062883521907396
867.347,0.2919256578791021
867.465,0.2934161866508207
867.582,0.30077393509322053
867.699,0.2979413378017487
867.817,0.3025704594557219
867.934,0.3075826641809765
868.051,0.30089907390977916
868.169,0.3035640547289796
868.286,0.3157842698744009
868.404,0.32182475021204354
868.521,0.34436132525952196
868.638,0.34774878730964925
868.756,0.36336298405151346
868.873,0.373825721597986
868.99,0.3872405510577993
869.108,0.4151234872141284
869.225,0.43876058599708645
869.342,0.45828290214158585
869.46,0.5032315170479451
869.577,0.5352661999987336
869.694,0.563206262577973
869.812,0.5906977147184751
869.929,0.6097966232578742
870.046,0.6372259084087384
870.164,0.6423254829572689
870.281,0.6475342697848927
870.398,0.6577567403173594
870.516,0.6584071746345143
870.633,0.66617992973747
870.75,0.6493345569438571
870.867,0.62963958376036
870.985,0.6294213604114947
871.102,0.6205417632360657
871.219,0.612367845402471
871.337,0.5916025918838583
871.454,0.5895243994125864
871.571,0.5897195025353675
871.688,0.5436388427228978
871.806,0.5298463731771736
871.923,0.5181222161785879
872.04,0.4834769220816547
872.157,0.4483796571681651
872.275,0.41924874307099513
872.392,0.39550955518322295
872.509,0.37910439188380235
872.626,0.3459561461049041
872.744,0.3406872748951954
872.861,0.3316766229848548
872.978,0.3063513367668648
873.095,0.28368410940311795
873.213,0.2832726643297033
873.33,0.28444731758650743
873.447,0.27755332541143435
873.564,0.251194596917584
873.681,0.2330409334060239
873.799,0.22187614831385527
873.916,0.19764756857349486
874.033,0.16967883063567035
874.15,0.16934395159802718
874.267,0.16542249354286243
874.385,0.1505329368541714
874.502,0.1376839475993799
874.619,0.1344901660878835
874.736,0.13952788933164095
874.853,0.149480605910144
874.97,0.1511884840699173
875.088,0.16096776792129502
875.205,0.16424773094470602
875.322,0.1673695427245352
875.439,0.15628869032587894
875.556,0.15413991530283183
875.673,0.1556028474899835
875.791,0.15724798484550784
875.908,0.15456230390142595
876.025,0.161082259062925
876.142,0.17310820649267786
876.259,0.16784410938035643
876.376,0.16438117757358775
876.493,0.15545082325363466
876.61,0.15147132219596512
876.728,0.1379736691812953
876.845,0.13556693248439564
876.962,0.13567174445313768
877.079,0.14964649127555146
877.196,0.15963722491111104
877.313,0.16431155209749027
877.43,0.16865901418807824
877.547,0.17420719694528267
877.664,0.17382525961294065
877.781,0.17433775748194846
877.898,0.16228088289423628
878.016,0.161938006665186
878.133,0.1612121053302744
878.25,0.1610362821191363
878.367,0.16589442866567938
878.484,0.17318775750165188
878.601,0.1836391327642351
878.718,0.18674871270104
878.835,0.17606500269557018
878.952,0.17119924748013815
879.069,0.16488971100490996
879.186,0.16184978452491133
879.303,0.15772496386456675
879.42,0.15975209267585513
879.537,0.15164509598896217
879.654,0.1532062115473461
879.771,0.1446124426465516
879.888,0.1505849996642294
880.005,0.15516833160450208
880.122,0.16208803645897565
880.239,0.17134411422765028
880.356,0.182936564910526
