wavelength_nm,intensity
792.446,0.19360060896732367
792.565,0.235270231699752
792.684,0.2630653349019931
792.803,0.27698591857404686
792.922,0.2770319827159131
793.041,0.25383144863526996
793.16,0.22075125288954697
793.279,0.19019624953033368
793.398,0.1647416434410235
793.518,0.14272210621661457
793.637,0.1435223061667525
793.756,0.1536353594839559
793.875,0.164016023530098
793.994,0.18269349758556475
794.113,0.21905609246886015
794.232,0.2487398254876272
794.351,0.26377691621730204
794.47,0.2561425524386288
794.589,0.24327530214392212
794.708,0.2213005129430406
794.827,0.19014272738454577
794.946,0.17535218949038495
795.066,0.17452829941014425
795.185,0.1694954628816453
795.304,0.1651110339881814
795.423,0.16107581516067682
795.542,0.16228576662036998
795.661,0.15545774467741694
795.78,0.1601001327653333
795.899,0.16912431751003545
796.018,0.1722786144626075
796.137,0.16928488394739855
796.256,0.16699922509859447
796.375,0.16615427712492908
796.494,0.16403795883574854
796.613,0.1517550651584917
796.732,0.14659295658699625
796.851,0.142191062897925
796.97,0.13408678456945283
797.089,0.12903841961211385
797.208,0.1279029797364011
797.327,0.13296696950123418
797.446,0.13850981782302343
797.565,0.1475343743015797
797.684,0.15572919228350926
797.803,0.16877226811714996
797.922,0.17445302242005573
798.041,0.18271687831638922
798.16,0.18265847924884315
798.279,0.17936593871615633
798.398,0.17504156140566027
798.517,0.17253167257859106
798.636,0.16505650796442703
798.755,0.1600670521866015
798.874,0.15787654140980664
798.993,0.1629773262313079
799.112,0.17145439329856632
799.231,0.18176174226932007
799.35,0.18482605331420923
799.469,0.19223618711461715
799.588,0.19467578065457403
799.707,0.19010572792078978
799.826,0.1906913494271484
799.945,0.18103318319462525
800.064,0.1878914247048608
800.183,0.19488917475903506
800.302,0.18672875119634263
800.421,0.1928227666577078
800.54,0.19421911706091682
800.659,0.199576106252418
800.778,0.2004424996711057
800.897,0.2012790610741083
801.016,0.21339036958157587
801.135,0.21814545398602125
801.254,0.2172298231736452
801.373,0.22877520079532468
801.492,0.23465951473466892
801.611,0.23880655246647697
801.729,0.24566303915226073
801.848,0.2577146836283585
801.967,0.26378939602075047
802.086,0.26504360564334245
802.205,0.2654423383455569
802.324,0.2596754953354698
802.443,0.23932693854101666
802.562,0.21327607968960494
802.681,0.1865790736604157
802.8,0.16064303188413986
802.919,0.1374215627113914
803.038,0.1226447615028273
803.157,0.10605853573926399
803.276,0.09702286390740444
803.394,0.08587541208886149
803.513,0.07705014042114136
803.632,0.06458166906879598
803.751,0.052329381795622215
803.87,0.041062310249343995
803.989,0.03893511588232719
804.108,0.03437364597711622
804.227,0.046592323614223496
804.346,0.05134742581253057
804.465,0.061203470863971515
804.583,0.05974091351372804
804.702,0.06019759035467186
804.821,0.05748250427200262
804.94,0.06706787867730504
805.059,0.06967929251053012
805.178,0.08428013311125221
805.297,0.08774455107853865
805.416,0.09838222372743793
805.535,0.1000950337668369
805.653,0.10127900162480988
805.772,0.09878437967615333
805.891,0.09488907228398732
806.01,0.08952397186129563
806.129,0.10153610226693291
806.248,0.12139270550611528
806.367,0.1464552683750643
806.485,0.17289080578860344
806.604,0.2087170879744248
806.723,0.2448061068526476
806.842,0.2741117332908218
806.961,0.300605253544575
807.08,0.3291571828805907
807.198,0.3507477236152968
807.317,0.3534317857035427
807.436,0.3410638410542711
807.555,0.3341297103207934
807.674,0.32223732309802927
807.793,0.3142116915553723
807.912,0.30428733995559
808.03,0.31248593788442436
808.149,0.31938070124538065
808.268,0.3382038838191931
808.387,0.3565936247533473
808.506,0.38396894429425843
808.624,0.4057876122077315
808.743,0.4222602074280133
808.862,0.43692006898932056
808.981,0.4442289709209617
809.1,0.42714669038123937
809.219,0.4122561855821361
809.337,0.3849020401122993
809.456,0.3596071811369512
809.575,0.3357767231668445
809.694,0.31708702342903794
809.812,0.3107635716048757
809.931,0.29628896020090945
810.05,0.28826069642157415
810.169,0.2950563122009888
810.288,0.3084211133166783
810.406,0.33337214287707284
810.525,0.3508985101808148
810.644,0.3591918686300596
810.763,0.37127126083461703
810.882,0.3712581577400509
811.0,0.37735974044867693
811.119,0.3859031613823402
811.238,0.39517220222692884
811.357,0.40845803624227567
811.475,0.4072376139246947
811.594,0.40978918676680987
811.713,0.41837560089954856
811.832,0.43266431708924613
811.95,0.4458975063710314
812.069,0.4642503959916927
812.188,0.47469867886806405
812.307,0.48094415718175937
812.425,0.48313072653784717
812.544,0.4750638566205667
812.663,0.46177726137064345
812.782,0.4534647160300751
812.9,0.4392752635995685
813.019,0.4498376100653234
813.138,0.4570982543245335
813.257,0.4726372829363217
813.375,0.49628184569216055
813.494,0.5098826706966523
813.613,0.5263991365282366
813.731,0.5378073083798834
813.85,0.5447634905966625
813.969,0.5615668702261585
814.088,0.5633357913626575
814.206,0.5701278974931692
814.325,0.5807191985623839
814.444,0.592228272820024
814.562,0.6003751034275235
814.681,0.6116016509483827
814.8,0.6223464991571523
814.918,0.6235293089266642
815.037,0.6158291973198644
815.156,0.6152957887752644
815.274,0.608350251682849
815.393,0.606826244735063
815.512,0.5983496233082277
815.631,0.5915690397143056
815.749,0.5806286447567828
815.868,0.5702252260815893
815.987,0.5682010941649671
816.105,0.5735507345958877
816.224,0.5778992476769096
816.343,0.5876227880545817
816.461,0.5906604472699172
816.58,0.5782767092005774
816.698,0.5639538901117152
816.817,0.5466733144089111
816.936,0.5291768952985042
817.055,0.5076171801693593
817.173,0.48796934628072997
817.292,0.46791439311922317
817.41,0.4554367719416977
817.529,0.440234785802354
817.648,0.4268007852984577
817.766,0.416158710497784
817.885,0.40389517790341
818.004,0.3908174067632816
818.122,0.3810158928751433
818.241,0.3797709030152342
818.359,0.3843080597248524
818.478,0.39432377837379207
818.597,0.40326817669475123
818.715,0.4100443377969018
818.834,0.410171499691179
818.953,0.40882424856048183
819.071,0.4053492788234665
819.19,0.40061173889482404
819.308,0.3958779601195622
819.427,0.39691357322566334
819.546,0.39289743964958024
819.664,0.393287005522848
819.783,0.3973022861896176
819.901,0.4312900749472858
820.02,0.47492976914632523
820.138,0.5056243394724249
820.257,0.5179119173892043
820.376,0.503364860068984
820.494,0.46713438451835004
820.613,0.42685866872909906
820.731,0.37789533812908227
820.85,0.35414209243486555
820.969,0.34073178206107174
821.087,0.329918611876322
821.206,0.3278207773327126
821.324,0.3338547992999344
821.443,0.3609572436385503
821.561,0.4041996858749588
821.68,0.4421715128696145
821.798,0.47404795713005055
821.917,0.47754011587846734
822.035,0.4638507884167959
822.154,0.4276970757321189
822.273,0.3876037821525743
822.391,0.3548570611415657
822.51,0.33411246197039973
822.628,0.32688088849229746
822.747,0.32982027753831666
822.865,0.32883236946063277
822.984,0.33660542245984243
823.102,0.32935717814944576
823.221,0.3298459548481678
823.339,0.3238927709833894
823.458,0.3120433769597003
823.576,0.30476705545807137
823.695,0.31109764275769114
823.813,0.32234349334752194
823.932,0.32728513709333856
824.05,0.3240027960445909
824.169,0.3267272190952336
824.287,0.3192701506750426
824.406,0.30503595022100827
824.524,0.2971893107724607
824.643,0.30051651602238516
824.761,0.29795891747233705
824.88,0.29387549906122556
824.998,0.30296993487283463
825.117,0.31544679481578325
825.235,0.3215790869523204
825.354,0.3286107266205367
825.472,0.33678124735813797
825.591,0.34249940092399
825.709,0.33981194536449
825.828,0.3310212103607364
825.946,0.32308419745290834
826.064,0.30723380367853015
826.183,0.2933479358782295
826.301,0.28749565441944486
826.42,0.2811958927253856
826.538,0.2835105642664732
826.657,0.29342889015832296
826.775,0.3067059500514095
826.894,0.3213517730171004
827.012,0.3291792255743247
827.13,0.3346920646792863
827.249,0.3283080714115285
827.367,0.3085075677955702
827.486,0.29574127799568156
827.604,0.28493863675764436
827.723,0.2803603578510526
827.841,0.2803305839241921
827.959,0.28646814053408554
828.078,0.2914861191435668
828.196,0.29686646900239777
828.315,0.3069243034381862
828.433,0.32800155802066544
828.552,0.3426254456807055
828.67,0.3624286977109913
828.788,0.3677923767375275
828.907,0.3672089556960434
829.025,0.3537407361153322
829.143,0.3279352232244356
829.262,0.2939287626406001
829.38,0.25234939141611085
829.499,0.21531078415754457
829.617,0.18813422327312945
829.735,0.16071495676210412
829.854,0.14322451589756324
829.972,0.1371926261370445
830.091,0.13942609204997664
830.209,0.14768258278771
830.327,0.15995257971036925
830.446,0.1861759573892028
830.564,0.21548723267807685
830.682,0.252324522935753
830.801,0.2946085543704099
830.919,0.33679712712369975
831.037,0.3654814483061864
831.156,0.38205397112057693
831.274,0.3741896860278503
831.392,0.34543772548229135
831.511,0.3173648819996783
831.629,0.2816945260518853
831.747,0.2542130584096154
831.866,0.23504507160896446
831.984,0.22300869138147267
832.102,0.22317097333245378
832.221,0.22333501010788728
832.339,0.2300954319986025
832.457,0.2432337633603183
832.576,0.23598805388694222
832.694,0.2299575603466154
832.812,0.21470210941501394
832.93,0.20664718498289344
833.049,0.19509957708265707
833.167,0.18996748994527013
833.285,0.19285231874541303
833.404,0.1894642983196927
833.522,0.19284382942080153
833.64,0.1950682655005677
833.759,0.1903031609743236
833.877,0.1945624694052403
833.995,0.19663310536497858
834.113,0.21075912943626537
834.232,0.22465478450080278
834.35,0.237741162513294
834.468,0.25814282245174813
834.586,0.274026242542036
834.705,0.28543135063067493
834.823,0.3032933352906571
834.941,0.3139078949636447
835.059,0.3202336636758054
835.178,0.3116460567821613
835.296,0.29395091098234216
835.414,0.2764680989412217
835.532,0.26480603960757376
835.651,0.25877082487944586
835.769,0.26102364603838224
835.887,0.259947565211767
836.005,0.2700541032058837
836.124,0.28449067053545063
836.242,0.2967679263767615
836.36,0.32005231859359884
836.478,0.3398428553263909
836.596,0.360009801904149
836.715,0.3705752264924783
836.833,0.37848472427261937
836.951,0.3982059454395551
837.069,0.4141578036834728
837.188,0.42406516910228087
837.306,0.433629466340712
837.424,0.4356603022064632
837.542,0.43365240959580575
837.66,0.44099509907793294
837.779,0.45210013218526995
837.897,0.46958044252692943
838.015,0.477895304755496
838.133,0.4830076123590587
838.251,0.48498755831569984
838.369,0.48788878710967054
838.487,0.4899485775788797
838.606,0.49418610519309153
838.724,0.49918698144394796
838.842,0.4915776891823243
838.96,0.4773255089574395
839.078,0.46830797007304026
839.196,0.46297468512573425
839.315,0.4628742866944615
839.433,0.468517428694771
839.551,0.47018150625004174
839.669,0.4776417689704562
839.787,0.4778756645973006
839.905,0.47423754007068153
840.023,0.4718821922185159
840.142,0.46090539183339485
840.26,0.4510981819455697
840.378,0.4521849222561133
840.496,0.4517712876601483
840.614,0.45396970926107
840.732,0.45604266091366974
840.85,0.44817277722091553
840.968,0.4432018635229592
841.087,0.43415449262287475
841.205,0.42555109230916044
841.323,0.43353780236519124
841.441,0.43397701245292547
841.559,0.43832158435871216
841.677,0.44380065027275356
841.795,0.4455480819894961
841.913,0.46231505619139285
842.031,0.4826381821453828
842.149,0.5007256617474521
842.267,0.5274065166912437
842.385,0.5393257883443334
842.504,0.5513714073579712
842.622,0.5573023405684169
842.74,0.5652162254096869
842.858,0.5843829220497714
842.976,0.5954791810348468
843.094,0.6022629589289923
843.212,0.6109972242015991
843.33,0.6182416435144096
843.448,0.6127188375262809
843.566,0.6037390273676
843.684,0.6059146362506445
843.802,0.6096827483239304
843.92,0.6007722537311061
844.038,0.6047851638154542
844.156,0.613820381481589
844.274,0.6291369932738613
844.392,0.6361927689580759
844.51,0.6421026442750972
844.628,0.6477317476797897
844.746,0.6508224975145817
844.864,0.6369265466534639
844.982,0.6342535755754753
845.1,0.61790701236706
845.218,0.6043488652129629
845.336,0.58399867001718
845.454,0.5576039819962875
845.572,0.5304406808653942
845.69,0.5003950805719977
845.808,0.4610497880949261
845.926,0.4248280831425154
846.044,0.39915287314696607
846.162,0.38209560603546766
846.28,0.3504741733841237
846.398,0.33154889564341083
846.516,0.31622188544164054
846.634,0.2941028271981843
846.752,0.27174423541702236
846.87,0.2478335014080163
846.988,0.23825266387450633
847.106,0.21687384577937086
847.224,0.189382586356536
847.342,0.17530770631174902
847.46,0.16139874631230294
847.578,0.1431057582058074
847.696,0.1318354113622
847.814,0.1241293817025321
847.932,0.11880454472164476
848.05,0.10780409204983657
848.168,0.11405909754883006
848.285,0.12257954110877373
848.403,0.13461203956666068
848.521,0.1484809266520761
848.639,0.16385919530138138
848.757,0.18359911549004565
848.875,0.19693950060088244
848.993,0.21323169028438854
849.111,0.22696183626789174
849.229,0.23369198751214026
849.347,0.23888140288748283
849.465,0.25391626085109026
849.582,0.2558101159054702
849.7,0.26454866373509767
849.818,0.2721895688699637
849.936,0.27982871918037777
850.054,0.2793351355677346
850.172,0.2823669942792735
850.29,0.28410466995742034
850.408,0.2957509619041061
850.525,0.2920100756429316
850.643,0.3002844724049901
850.761,0.3080745376182809
850.879,0.31317357953434266
850.997,0.32218412515403916
851.115,0.32539497595968764
851.233,0.32046519613224445
851.35,0.3209604560983349
851.468,0.32146449018668577
851.586,0.3315621495544313
851.704,0.34735509168132717
851.822,0.3607834078590764
851.94,0.37822939461980976
852.057,0.4001273710154111
852.175,0.4298097486803365
852.293,0.47788882848839975
852.411,0.5329056067676695
852.529,0.5997797338694872
852.647,0.6730124673733328
852.764,0.734410664772507
852.882,0.7908128769566756
853.0,0.8522707383872199
853.118,0.8883187417519817
853.236,0.9222846459043782
853.353,0.947583472088066
853.471,0.9685549011729817
853.589,0.9708664044469513
853.707,0.9578337227121361
853.824,0.9354625233026437
853.942,0.9112452485695876
854.06,0.8527856455974336
854.178,0.8139734958966209
854.296,0.7838955461998081
854.413,0.7565924126678096
854.531,0.7250763843325362
854.649,0.688661324833233
854.767,0.643364660075957
854.884,0.5970282618308376
855.002,0.5229654178901637
855.12,0.46764322168523087
855.238,0.41614127831242553
855.355,0.37693538987518227
855.473,0.33688981793762984
855.591,0.29541143183497304
855.708,0.2562599429557434
855.826,0.2191193832110942
855.944,0.1694152933644093
856.062,0.1387645896496074
856.179,0.11550637106284603
856.297,0.10412101743989975
856.415,0.09075137700856964
856.532,0.08280365140478649
856.65,0.06487405049656604
856.768,0.055649667653681116
856.886,0.040250641378281216
857.003,0.03597472830798966
857.121,0.032588360942163816
857.239,0.038780076291168405
857.356,0.04167506044163083
857.474,0.04147938557474712
857.592,0.03271664386335262
857.709,0.04206606486282716
857.827,0.05014022870536705
857.945,0.06359503896068966
858.062,0.06981727487092595
858.18,0.08411359478841107
858.298,0.09501829759195501
858.415,0.10419599841791372
858.533,0.11287809296539972
858.651,0.12754514760079788
858.768,0.14236809797752706
858.886,0.15481717236153508
859.003,0.16183433127997038
859.121,0.16646405153138236
859.239,0.16825973029272254
859.356,0.1599756974014485
859.474,0.1502079604359605
859.592,0.1376785273698497
859.709,0.12600079651726923
859.827,0.123254007716148
859.944,0.11848993249963127
860.062,0.11640600895530495
860.18,0.11497064115833251
860.297,0.10816273744837444
860.415,0.09852984524902295
860.532,0.08813609069705206
860.65,0.08188865746645402
860.768,0.08218764945193627
860.885,0.07530565355145186
861.003,0.08072978066682326
861.12,0.08718587451259488
861.238,0.09620089483243488
861.356,0.1066312591707734
861.473,0.11863445292563796
861.591,0.1305069112599167
861.708,0.1378816043274222
861.826,0.14343767040101335
861.943,0.15091614666183273
862.061,0.1472266090928524
862.178,0.1442623138379204
862.296,0.13580084968051842
862.414,0.12698295772136375
862.531,0.12123212482621382
862.649,0.10904748859547701
862.766,0.1100378361927864
862.884,0.11283113816295406
863.001,0.11109933960824535
863.119,0.11310056890513723
863.236,0.11768749975416996
863.354,0.12486653405258366
863.471,0.1267802353276981
863.589,0.127524102843462
863.706,0.13071507305761912
863.824,0.13654793148434785
863.941,0.14565704716306654
864.059,0.1542063738415791
864.176,0.1724625119766437
864.294,0.18971225828845364
864.411,0.1954801882104557
864.529,0.19751209687402888
864.646,0.19078743152183864
864.764,0.1813515623912207
864.881,0.16747072292354287
864.999,0.1552060767762093
865.116,0.16283587544184372
865.233,0.17722438048457498
865.351,0.19058192616172276
865.468,0.20509326891609808
865.586,0.22937371939507384
865.703,0.24824843314948858
865.821,0.2639126955688653
865.938,0.2817160889952992
866.056,0.2951324212915909
866.173,0.29294660938464545
866.29,0.2869791507835176
866.408,0.28150479785341787
866.525,0.2772351319096552
866.643,0.2785019371121318
866.76,0.2798003291547454
866.878,0.2893964086189096
866.995,0.29349023601364954
867.112,0.29046386319416884
867.23,0.28877642143160737
867.347,0.287431170437197
867.465,0.2767835950224333
867.582,0.27119342367849747
867.699,0.25949821806585605
867.817,0.25745805658843146
867.934,0.26221520762604905
868.051,0.26812352350421587
868.169,0.27951742061951224
868.286,0.2961617524953628
868.404,0.3080373489227487
868.521,0.31671214554958305
868.638,0.33114978567697184
868.756,0.34463367871466777
868.873,0.36678991419442836
868.99,0.38120210936726207
869.108,0.40578263482753896
869.225,0.42990515110582905
869.342,0.4582050269922405
869.46,0.4949447310808193
869.577,0.5399707162320104
869.694,0.5780353127818921
869.812,0.6158314211906092
869.929,0.6353369943355383
870.046,0.6671456417138375
870.164,0.6785298872946476
870.281,0.6944257865416958
870.398,0.7094451509749419
870.516,0.718383171269585
870.633,0.7237369626209018
870.75,0.7149284432318941
870.867,0.6936773410655777
870.985,0.6900736310013704
871.102,0.6687883097582388
871.219,0.648054880805279
871.337,0.6211646502622779
871.454,0.6003908603469208
871.571,0.5842217297937609
871.688,0.554309691544318
871.806,0.5272281851360426
871.923,0.5001633495600619
872.04,0.4641094257284202
872.157,0.42687450504054403
872.275,0.3961692861387712
872.392,0.3793420964160896
872.509,0.3703537075207459
872.626,0.36273671393468476
872.744,0.35994987465290995
872.861,0.3379126111320721
872.978,0.31123383693554385
873.095,0.28570535016733895
873.213,0.25867297884372137
873.33,0.24127898082302573
873.447,0.22348312800280917
873.564,0.2040368627854332
873.681,0.19231884445491554
873.799,0.172908553138807
873.916,0.15762648634616216
874.033,0.14409222470776614
874.15,0.12748168331996174
874.267,0.12052207983659334
874.385,0.10480368871966261
874.502,0.09126936783799583
874.619,0.08612849963249769
874.736,0.08211055786391913
874.853,0.08142224968830253
874.97,0.07790603657929529
875.088,0.07425739671936538
875.205,0.07314361762874269
875.322,0.06810935559351786
875.439,0.06722887239566022
875.556,0.06542457105201893
875.673,0.0648461181737317
875.791,0.05901504862884737
875.908,0.054905613374094484
876.025,0.04997286847718794
876.142,0.04623190582477463
876.259,0.050732650715104105
876.376,0.05395077438875028
876.493,0.05626842195398572
876.61,0.06033493370228289
876.728,0.06674897460853797
876.845,0.07866608735533306
876.962,0.08573950482983372
877.079,0.08609149371806701
877.196,0.09117221408179235
877.313,0.08689194732858808
877.43,0.08318906728535495
877.547,0.07876418656625876
877.664,0.07945720910219378
877.781,0.07621692399454924
877.898,0.07485969347860498
878.016,0.07223254356674577
878.133,0.07273312998349193
878.25,0.0807679187354268
878.367,0.08045523462032664
878.484,0.08397941466922487
878.601,0.08152806814055463
878.718,0.07351979345790224
878.835,0.07238219311896904
878.952,0.06489488235258217
879.069,0.060779333616868526
879.186,0.06318762245032017
879.303,0.0586812883906743
879.42,0.061623732402142244
879.537,0.056687013625190616
879.654,0.056510746764930314
879.771,0.06241348151543115
879.888,0.0520995487765669
880.005,0.050187639833642536
880.122,0.04914824917279784
880.239,0.048981376794032874
880.356,0.04968702269734764
