wavelength_nm,intensity
792.446,122.81237809298516
792.565,130.92752960813678
792.684,134.01930449991173
792.803,132.08770276831004
792.922,125.13272441333159
793.041,101.12839540900262
793.16,88.48423956484677
793.279,72.97428285489002
793.398,65.18034346095064
793.518,62.62017030077752
793.637,69.47904475965197
793.756,77.03055991116722
793.875,94.75177203237939
793.994,105.10415298476036
794.113,127.54657722718451
794.232,127.94397982458707
794.351,129.90415298476017
794.47,117.45826553887264
794.589,93.73445601506313
794.708,79.47558155618873
794.827,69.28337376398096
794.946,58.03921791982518
795.066,59.98207506268233
795.185,53.859997140604484
795.304,68.13618761679493
795.423,62.51111930005767
795.542,54.50968960140496
795.661,55.67244058003237
795.78,56.961619549379336
795.899,62.74472886067906
796.018,65.58586789430012
796.137,61.53726391206582
796.256,60.26599659442206
796.375,49.29454212917321
796.494,38.054191686578946
796.613,31.04359302221046
796.732,34.89866916415965
796.851,38.73542409174016
796.97,41.69527306923568
797.089,37.375328457541805
797.208,35.62248766006274
797.327,49.271643650478396
797.446,63.0697385360096
797.565,79.02180377752262
797.684,104.65554655315259
797.803,124.88105874189237
797.922,134.72128954535074
798.041,129.20221298950185
798.16,118.2753442258608
798.279,100.93450758873416
798.398,80.16719643147826
798.517,61.745907265755406
798.636,42.39263069835516
798.755,30.320930554081905
798.874,22.892722581985765
798.993,24.92996276705098
799.112,32.394301009849734
799.231,35.18102052048124
799.35,41.852114338704055
799.469,51.26674367949622
799.588,49.10636537919758
799.707,46.842090975002876
799.826,47.60032739331889
799.945,45.58784366090896
800.064,46.509663982806885
800.183,47.088548381779525
800.302,44.01564204897614
800.421,45.54441473786796
800.54,37.885209232263094
800.659,36.74211341380076
800.778,44.49879533582477
800.897,50.631490236370425
801.016,66.58259349177516
801.135,75.50207489807244
801.254,85.59741960093783
801.373,86.10505666711782
801.492,71.03235042642129
801.611,67.35271777879827
801.729,64.33455699264704
801.848,70.20124469134421
801.967,78.64628736839626
802.086,81.09652485064322
802.205,89.0991432852712
802.324,75.17420938023528
802.443,58.891886125884675
802.562,40.41657428497782
802.681,27.186715407565465
802.8,19.887252962694134
802.919,12.980377316537297
803.038,-0.9383204252330897
803.157,-2.4053545547296835
803.276,-15.847552533236346
803.394,-29.17657178088995
803.513,-39.10645818722401
803.632,-45.66747415648234
803.751,-47.164709441683094
803.87,-48.70781961103535
803.989,-49.20047100864637
804.108,-42.19038736403533
804.227,-38.50631572507095
804.346,-37.88670658368144
804.465,-27.67816446894315
804.583,-24.920169721631005
804.702,-13.965825916257238
804.821,-15.05987246493833
804.94,-9.63628641259374
805.059,-12.086282530032841
805.178,-8.45898591773473
805.297,-10.484144249060327
805.416,-1.8910287543964217
805.535,-4.023574363294309
805.653,-4.434469566743535
805.772,-8.789890296382389
805.891,-8.570288291611199
806.01,-14.19188837935953
806.129,-8.687716971890058
806.248,-2.2801064699613036
806.367,15.85238417079514
806.485,19.250142613505936
806.604,38.07868120094747
806.723,61.11012485382754
806.842,78.09991799809933
806.961,93.13569694245797
807.08,107.83035034569113
807.198,118.8159128398334
807.317,112.63177836427889
807.436,98.97837981946039
807.555,92.9379682876289
807.674,82.85686411510504
807.793,75.09870366552498
807.912,74.49205836746015
808.03,84.03000181398417
808.149,93.38959028215308
808.268,100.5587025598457
808.387,123.47153778126125
808.506,143.21640763471135
808.624,151.919719046603
808.743,160.33298716845133
808.862,157.5020994461437
808.981,156.43051908314334
809.1,136.93123309243725
809.219,119.4683107380948
809.337,105.81058318894723
809.456,94.01086429780828
809.575,82.48733588285987
809.694,73.40789698947634
809.812,60.78766537031653
809.931,68.0084969340513
810.05,70.53067405705225
810.169,77.38468047516602
810.288,85.27856059107411
810.406,98.03947791585088
810.525,104.7591696144185
810.644,99.63723654883674
810.763,100.48932945728089
810.882,114.71458253888522
811.0,118.53983562048967
811.119,127.92785926486465
811.238,138.25874005209687
811.357,143.72208837179653
811.475,139.62959253565214
811.594,135.70073306314396
811.713,139.70001211877423
811.832,147.99626087137426
811.95,153.21978235124695
812.069,157.71429950211535
812.188,160.81141405558117
812.307,160.7128576133759
812.425,160.20217995904954
812.544,165.62916464238555
812.663,165.80073807031036
812.782,167.31083963676332
812.9,173.6702918525669
813.019,180.14835878698517
813.138,184.75023524521302
813.257,192.8707264220555
813.375,203.83017863785898
813.494,207.6900637540952
813.613,213.0018969222794
813.731,212.59511537184892
813.85,218.12686195994644
813.969,231.32354361297908
814.088,232.62412136990787
814.206,246.31777271991024
814.325,248.2183504768392
814.444,245.48256459740435
814.562,249.8368220080129
814.681,245.32527855282058
814.8,247.63278271667588
814.918,249.63292757317186
815.037,248.28761788421323
815.156,262.661788714735
815.274,257.43076474006205
815.393,250.63437280002088
815.512,246.00334882534776
815.631,237.26323394158368
815.749,230.52398485868548
815.868,225.34057993163145
815.987,219.1727594201619
816.105,216.30796921172268
816.224,212.04404480414928
816.343,209.06237147882695
816.461,210.56554663835294
816.58,202.00551833467546
816.698,195.99700518251296
816.817,192.0144660563244
816.936,182.55833385654284
817.055,167.6338033883631
817.173,156.36295257386314
817.292,151.83409310135465
817.41,143.9147574383699
817.529,125.21187199183544
817.648,112.84751468382905
817.766,106.99571148837683
817.885,99.80637524432288
818.004,91.76875655936561
818.122,87.94895589849688
818.241,93.08429587837401
818.359,92.89933858333735
818.478,87.82709768662252
818.597,92.76055360187479
818.715,96.85351928401599
818.834,93.94384696390821
818.953,102.47253614613885
819.071,125.87542796229448
819.19,176.9705707465688
819.308,265.62532707778223
819.427,356.69648231523934
819.546,435.4584778791269
819.664,468.29256556684203
819.783,452.3892215688611
819.901,397.84854692070337
820.02,318.4221445331717
820.138,248.62445857808842
820.257,200.0931938652941
820.376,152.75182805368468
820.494,121.28457588667483
820.613,104.31100419120983
820.731,90.24732669969708
820.85,79.05598094415046
820.969,70.35088071435666
821.087,78.63166349871376
821.206,81.48628788682883
821.324,84.77198595046995
821.443,100.07413770244086
821.561,118.428349018659
821.68,121.9689364866403
821.798,121.12986596796983
821.917,110.3652543237582
822.035,105.03354311244702
822.154,95.40313060243462
822.273,80.9546297669225
822.391,77.07172316861215
822.51,74.60447472829523
822.628,66.84620426321946
822.747,65.97412500225815
822.865,62.89441248138017
822.984,67.89415259559811
823.102,72.16082211844869
823.221,67.9424618621662
823.339,74.79648612121301
823.458,80.88064596940109
823.576,79.94600936028387
823.695,85.67111301090695
823.813,89.96331622862951
823.932,93.31093070176338
824.05,97.8516187679709
824.169,100.19057523244686
824.287,101.45420702159834
824.406,93.06005060414053
824.524,81.25016280349872
824.643,75.39669923566325
824.761,70.454728162003
824.88,73.84707897411428
824.998,78.75092228040087
825.117,89.9090253173291
825.235,95.91633203600844
825.354,92.69182457405255
825.472,93.50887555365517
825.591,89.79432480165607
825.709,90.02696019684309
825.828,86.3764787089132
825.946,75.63508813007425
826.064,77.38547244301017
826.183,72.37741519750456
826.301,73.01957440221537
826.42,70.64416603688093
826.538,69.14742465186525
826.657,72.7095301517266
826.775,65.86616263162881
826.894,60.240561961169206
827.012,55.687251032560184
827.13,42.89280400837569
827.249,43.53902769322155
827.367,32.44999648160018
827.486,33.98747496602882
827.604,31.679684174469656
827.723,34.705916228617085
827.841,37.8260526228418
827.959,46.8426353425438
828.078,59.81656172282296
828.196,73.01268326313209
828.315,89.01081004990809
828.433,104.49975767681329
828.552,110.58277707382797
828.67,119.28657569162166
828.788,120.44059075963176
828.907,119.9954716285076
829.025,111.381977377175
829.143,81.76155152293681
829.262,64.64082640271576
829.38,39.39836379468303
829.499,16.482195597560832
829.617,-2.036619683998875
829.735,-12.295326533636736
829.854,-13.511373158432574
829.972,-15.034185934149807
830.091,-12.787275558687277
830.209,0.6227300141702647
830.327,17.018551649707693
830.446,35.3658132801356
830.564,57.404128508316035
830.682,89.30844970873679
830.801,134.6080456532099
830.919,175.7128184022103
831.037,216.58988552350525
831.156,239.50158467943243
831.274,247.23839206046787
831.392,227.5760652423693
831.511,192.94750465803702
831.629,146.59530387204558
831.747,100.77873095098246
831.866,61.87129477210571
831.984,39.67068182380454
832.102,33.302652309495194
832.221,28.901437703566156
832.339,24.058787659802505
832.457,33.49822870236655
832.576,30.490884466438857
832.694,20.004503551108485
832.812,12.010688104210384
832.93,5.465351136528881
833.049,-0.7274894550343953
833.167,-15.193598608067687
833.285,-22.305748678201933
833.404,-15.97938891738665
833.522,-9.983047768517071
833.64,-6.364486354658281
833.759,-0.9331227833728555
833.877,-4.011761605653327
833.995,3.7338087136925333
834.113,15.67781194936282
834.232,21.94532894969531
834.35,33.26551693368133
834.468,45.221088071804196
834.586,60.226673020276394
834.705,71.15840288117428
834.823,75.96637646193278
834.941,81.2217959169609
835.059,81.01064262943146
835.178,61.79602552124785
835.296,45.60622503806627
835.414,28.45493550759429
835.532,20.19004616359375
835.651,15.43025956989952
835.769,16.52360035231939
835.887,17.786308859788303
836.005,28.92676367845778
836.124,30.02870427765513
836.242,39.776247435945564
836.36,56.20677138708169
836.478,64.60324436724841
836.596,73.01874641006339
836.715,86.25778825858126
836.833,98.31760932787839
836.951,110.41812303786816
837.069,116.7818402110614
837.188,128.92650976520696
837.306,139.1889282371014
837.424,143.23922549687478
837.542,142.53454440166976
837.66,152.00302347962483
837.779,154.95461944069672
837.897,155.15037124592442
838.015,161.22491092993994
838.133,165.14533805984283
838.251,167.5436872676678
838.369,175.90653863999498
838.487,175.30402204695417
838.606,180.5067002591084
838.724,175.98123994312425
838.842,171.55794412930464
838.96,173.4411418219786
839.078,174.58061657092955
839.196,178.68805668784583
839.315,189.5115141207793
839.433,188.84146506020636
839.551,190.5792082074258
839.669,184.91435395204797
839.787,179.9785040256746
839.905,173.7023943590416
840.023,173.11199897812278
840.142,174.78134385694403
840.26,176.3182212032976
840.378,179.2221981167506
840.496,177.28288498691344
840.614,175.83015194365635
840.732,168.17568729866778
840.85,157.97317070562724
840.968,156.12043766237025
841.087,154.16640591781447
841.205,152.46518802607264
841.323,160.30163247199312
841.441,162.4618864417231
841.559,171.53902352833614
841.677,175.69321689200558
841.795,183.40671761498237
841.913,194.54619236393322
842.031,206.98610001331704
842.149,214.13856177525508
842.267,217.273707519877
842.385,222.57681863246427
842.504,224.74659641171814
842.622,230.56485903945685
842.74,239.2913467754207
842.858,247.23255312610308
842.976,251.0949715979977
843.094,247.99288790539015
843.212,244.82413754611594
843.33,240.34889368034817
843.448,242.76455890548962
843.566,243.23390378431088
843.684,240.58896294884644
843.802,241.2184809878409
843.92,232.0800336588701
844.038,234.23595862427163
844.156,236.8810610788507
844.274,247.59369600096204
844.392,263.97646079320333
844.51,274.60338142960046
844.628,275.2484838841794
844.746,279.69878114395317
844.864,267.35427320892165
844.982,269.31452717865216
845.1,258.3353872089887
845.218,254.08611736919542
845.336,241.17970467225916
845.454,225.61701491904586
845.572,203.46471477622214
845.69,183.78167870266256
845.808,154.54193267239307
845.926,139.1524030923402
846.044,119.460709010123
846.162,104.69801925691033
846.28,88.27039443876261
846.398,78.48519386303913
846.516,73.35102583266804
846.634,63.93732991165284
846.752,48.782797302451414
846.87,40.91305962200305
846.988,33.616465697305834
847.106,22.555174865186245
847.224,8.812680711676421
847.342,4.863143028742769
847.46,-0.7516685119974245
847.578,-8.017370288678428
847.696,-13.574935091992437
847.814,-14.106045927273797
847.932,-13.046688064792495
848.05,-16.717029881396407
848.168,-17.4340850033096
848.285,-16.000285237028738
848.403,-14.898213103806935
848.521,-5.900845837852302
848.639,0.4881562458149906
848.757,9.056917102578014
848.875,14.07798924679372
848.993,20.363080739449494
849.111,27.575085039156836
849.229,33.109767116007674
849.347,37.9110803715918
849.465,57.06689310251906
849.582,65.94814190311405
849.7,71.99355038301674
849.818,73.25350416945162
849.936,75.0078302502587
850.054,85.77947234838166
850.172,94.08358197897219
850.29,102.32275654462768
850.408,121.98703933539137
850.525,122.06604074087372
850.643,127.26279106410479
850.761,131.30109982889428
850.879,126.4251228793982
850.997,133.21408099483727
851.115,130.42901313625055
851.233,129.48377211749082
851.35,132.68744884764882
851.468,125.96038964707104
851.586,128.1095209226837
851.704,130.6309465705909
851.822,139.01990468603074
851.94,156.93959873220655
852.057,185.97704169613147
852.175,220.1850474306193
852.293,264.59132156337563
852.411,305.4227039212402
852.529,342.04109926611795
852.647,372.4828712343723
852.764,405.38524926323277
852.882,430.566415170881
853.0,456.6116503425985
853.118,469.43783789526833
853.236,485.26575704966956
853.353,496.8858839962786
853.471,505.14064297751963
853.589,499.1408565042153
853.707,487.53500942485044
853.824,468.4261320424554
853.942,447.06530660811234
854.06,421.3443080135961
854.178,404.3306687264392
854.296,386.86334978560274
854.413,373.5388879876237
854.531,350.40317077838927
854.649,325.2916959933973
854.767,296.5481865763709
854.884,266.84190659657395
855.002,234.09753137868182
855.12,208.651857459491
855.238,177.1412484753651
855.355,150.43150529210516
855.473,121.34946773655084
855.591,94.0965889639225
855.708,69.54608244667027
855.826,43.3966317514732
855.944,22.763191228032742
856.062,6.8001914038313584
856.179,-9.244359385227321
856.297,-19.211249347529414
856.415,-31.596601953771817
856.532,-40.197335315339885
856.65,-45.6746151336736
856.768,-41.425080273059415
856.886,-40.946783873844026
857.003,-37.050449906637844
857.121,-35.37208483785081
857.239,-31.887545720175446
857.356,-29.968372474559168
857.474,-33.16334989192676
857.592,-37.23058881080389
857.709,-27.144689243273277
857.827,-29.164237303244185
857.945,-21.557827670621364
858.062,-18.4790628213754
858.18,-11.04095108179365
858.298,-2.8985584608740655
858.415,2.7834598745858603
858.533,12.03815829798764
858.651,32.76840765810253
858.768,42.969487149776086
858.886,61.10196310169887
859.003,55.679373844218766
859.121,48.80127058543694
859.239,41.03614787620531
859.356,34.04099889124652
859.474,38.21111941792093
859.592,44.563201716737666
859.709,41.786102633730685
859.827,44.09653326700563
859.944,28.353136378792733
860.062,17.51908256413851
860.18,7.634604981302645
860.297,-2.714596000130924
860.415,-0.7261309942211156
860.532,-1.9357713980010076
860.65,-6.43563702300302
860.768,-7.851836290015507
860.885,-6.152002665624277
861.003,-6.245269070179177
861.12,-0.961183921126552
861.238,2.077824880346955
861.356,9.333746643785148
861.473,17.8871075607238
861.591,26.98270431715934
861.708,31.806111966751857
861.826,36.969112332694934
861.943,28.202560781885843
862.061,14.186498663880448
862.178,5.094464817002666
862.296,-5.297560301914462
862.414,-6.95273942924155
862.531,-4.229134589695789
862.649,-4.190977184415326
862.766,4.939862834686954
862.884,1.4419136709762097
863.001,1.8197841116963054
863.119,6.76159865468973
863.236,7.06861588953535
863.354,12.987042603237462
863.471,10.574710423864609
863.589,9.45345233399066
863.706,12.910460478785982
863.824,12.626236899828388
863.941,16.464312474167688
864.059,21.587759118427655
864.176,31.72159386258928
864.294,36.55404684548047
864.411,38.35593705559921
864.529,42.17840284578044
864.646,37.44918461957939
864.764,36.444871559671924
864.881,28.594803752813746
864.999,33.11023897417117
865.116,43.49899338756517
865.233,50.92301730304678
865.351,60.48492813658963
865.468,72.16803653143003
865.586,78.37186855323093
865.703,89.49577090618052
865.821,87.87636429920352
865.938,96.98682782209663
866.056,102.46092770862617
866.173,107.3670622271901
866.29,104.45155172410907
866.408,105.95249143747805
866.525,104.70537920279506
866.643,105.81237952222472
866.76,102.97912010139478
866.878,101.49477842948271
866.995,97.08316403029798
867.112,99.58929854886213
867.23,84.88677505876814
867.347,89.08122126564356
867.465,96.61073240758385
867.582,104.72985393913441
867.699,105.24637806808765
867.817,109.12220955634822
867.934,113.37639602296386
868.051,117.94573400473112
868.169,116.68476895619528
868.286,133.45064373449927
868.404,143.89097738726204
868.521,152.08369199240562
868.638,154.34567066681325
868.756,164.6552683888398
868.873,172.44538559138573
868.99,187.4701348285637
869.108,204.30700527786283
869.225,222.35686274014887
869.342,243.62230461801923
869.46,272.1890451971883
869.577,299.397344217916
869.694,326.72512375812414
869.812,344.840782086211
869.929,359.81964387750133
870.046,364.7413628116486
870.164,362.8648133475274
870.281,364.62462751976983
870.398,369.11084861841914
870.516,371.3572428772416
870.633,371.51186224428926
870.75,361.66128680614224
870.867,354.18993214721604
870.985,341.0086207783331
871.102,321.5900799722208
871.219,303.7732707678402
871.337,290.55819316519126
871.454,284.0617302811571
871.571,266.6371288689846
871.688,243.35884780313245
871.806,233.94290439961793
871.923,220.5512034203457
872.04,202.4244375060087
872.157,180.01715211115217
872.275,165.54579745222645
872.392,158.31426963312754
872.509,139.54507947636625
872.626,123.81485035856609
872.744,124.07769483383962
872.861,122.52668649526032
872.978,107.68909807010104
873.095,90.46016765359984
873.213,76.21132381718533
873.33,62.86031547860618
873.447,49.24350627422615
873.564,38.10808235123148
873.681,39.870493926072385
873.799,29.512350283385146
873.916,19.62274417388404
874.033,15.276304117994961
874.15,16.25273798553118
874.267,10.99394640445447
874.385,7.308683662800483
874.502,10.483698330568933
874.619,4.150319928097057
874.736,-0.13784885938974067
874.853,-0.4183930072858031
874.97,3.036263986408766
875.088,5.477621795514953
875.205,-0.1598753906306758
875.322,-1.1873266885529752
875.439,-2.9058492860204552
875.556,-15.792765176450583
875.673,-6.864418104700998
875.791,-9.358668989292894
875.908,1.778793543151809
876.025,0.9563057751404629
876.142,3.7247072596567605
876.259,8.113085411576353
876.376,4.0190247058736635
876.493,-2.191016952869951
876.61,0.656832881422695
876.728,0.03742791431120196
876.845,15.073140260077498
876.962,13.693165078956106
877.079,13.799875348523798
877.196,14.691008075555745
877.313,8.323046181544925
877.43,-0.39028231297005256
877.547,-0.35090717493683043
877.664,-1.785498421533689
877.781,3.726002281405355
877.898,4.556993021864839
878.016,9.261529348510473
878.133,17.704165289965786
878.25,16.83735342899823
878.367,13.67945706585885
878.484,14.51275123031287
878.601,10.502495103367064
878.718,6.487459024599933
878.835,2.8075976517038774
878.952,3.699251695029102
879.069,3.457221126601654
879.186,-0.9744242249641255
879.303,-4.242588887660664
879.42,2.177702706895613
879.537,0.2980238970764497
879.654,-2.912593202731241
879.771,-8.456445230128653
879.888,-9.271780959384522
880.005,-10.549847804560317
880.122,-11.36783675825211
880.239,-11.725747820459919
880.356,-11.623580991183736
