wavelength_nm,intensity
792.446,0.2694215039202248
792.565,0.2903762990630735
792.684,0.30274373967694457
792.803,0.30652382576183806
792.922,0.30171655731775343
793.041,0.2808353912864495
793.16,0.2500574226048924
793.279,0.22758741785078043
793.398,0.2128465947041609
793.518,0.20150596142853916
793.637,0.2068350090094448
793.756,0.20696376619941267
793.875,0.23979309943181798
793.994,0.25728907642979004
794.113,0.28656821141453603
794.232,0.3011090233922734
794.351,0.31007452403741903
794.47,0.29052218220937653
794.589,0.26871721459179804
794.708,0.23328398595450736
794.827,0.219326956575945
794.946,0.18688139477383237
795.066,0.1779783976189625
795.185,0.17982100051229
795.304,0.18657512767148135
795.423,0.18951529185404994
795.542,0.20283228549218923
795.661,0.20889637411873713
795.78,0.21567675274384437
795.899,0.20301854589321092
796.018,0.1881277143699297
796.137,0.17087175077461625
796.256,0.1665965120397588
796.375,0.16939041805508223
796.494,0.17126302262374193
796.613,0.18233489089117833
796.732,0.19488684180834306
796.851,0.19091036975700346
796.97,0.1848537815492888
797.089,0.17435444525277785
797.208,0.17715710175674007
797.327,0.18193986883263608
797.446,0.18444750886249683
797.565,0.21638929253298736
797.684,0.24204697529115962
797.803,0.2603917496870757
797.922,0.27762521202588997
798.041,0.27783772389282735
798.16,0.26400195128539994
798.279,0.23903555712967683
798.398,0.20733753707126149
798.517,0.19184917218094458
798.636,0.16995544960717454
798.755,0.170445476970936
798.874,0.1769883423329956
798.993,0.18214113007132376
799.112,0.18696514945080184
799.231,0.19835578551864425
799.35,0.20790381869315916
799.469,0.2076250531265295
799.588,0.20542868047824167
799.707,0.20136845374993256
799.826,0.19516810751458374
799.945,0.18309493333293075
800.064,0.1789222003221254
800.183,0.18508254432369775
800.302,0.1836437139775513
800.421,0.17994475742303573
800.54,0.18504254208992132
800.659,0.19313174380140163
800.778,0.2066149967236744
800.897,0.20614622054660664
801.016,0.22165958683303386
801.135,0.22725364921270835
801.254,0.23181140372361192
801.373,0.23862928444288448
801.492,0.2362379009049364
801.611,0.24726351658956885
801.729,0.24153569674070435
801.848,0.24020562246763766
801.967,0.24921362548617068
802.086,0.2500411716974209
802.205,0.2653920289091314
802.324,0.2556489848449562
802.443,0.23957933749507535
802.562,0.213435936879397
802.681,0.1717151632383052
802.8,0.14544555320695693
802.919,0.1194322989544117
803.038,0.10097231389551611
803.157,0.09159362685968828
803.276,0.07696622640579762
803.394,0.07699731945811403
803.513,0.07066482868201526
803.632,0.06131501763940122
803.751,0.05446179806724602
803.87,0.04978382088799049
803.989,0.0471754180746331
804.108,0.03626724217519681
804.227,0.03341253099756837
804.346,0.034924714557114364
804.465,0.050638187270346566
804.583,0.05707545195554648
804.702,0.06569218271629874
804.821,0.07383268051658974
804.94,0.0792618742755336
805.059,0.07526188421820015
805.178,0.06802432053733878
805.297,0.07950242038982708
805.416,0.08587061356920535
805.535,0.08522744258584192
805.653,0.09027549446271117
805.772,0.08628769320477671
805.891,0.08169323129914799
806.01,0.07435113122261336
806.129,0.07641825728912956
806.248,0.1029366714963474
806.367,0.12284165859638209
806.485,0.1421933177210452
806.604,0.1836759098961931
806.723,0.21645852512681107
806.842,0.2504423399912242
806.961,0.2672376950298217
807.08,0.2838742912031188
807.198,0.2930754721732194
807.317,0.3014653578395414
807.436,0.29001663569235814
807.555,0.283856958892304
807.674,0.28092496233008646
807.793,0.28146940989700275
807.912,0.2731533626824366
808.03,0.2762954553052105
808.149,0.2873929921702747
808.268,0.3172178247917423
808.387,0.33813465997911807
808.506,0.3539737116164966
808.624,0.37650938720201294
808.743,0.39210217508770523
808.862,0.39282163242739365
808.981,0.38328051680342434
809.1,0.3713930201545056
809.219,0.3562915940356106
809.337,0.3287532234216579
809.456,0.30153487067791673
809.575,0.2901161502060653
809.694,0.26591171576341777
809.812,0.24750135486932698
809.931,0.24124292255463609
810.05,0.23821092040797648
810.169,0.2480596375373315
810.288,0.2626586199276393
810.406,0.2782114055795541
810.525,0.3105138765555493
810.644,0.32075761574344674
810.763,0.3353178459697834
810.882,0.35629468450782265
811.0,0.35623784849828544
811.119,0.36469398786429785
811.238,0.3711662664489601
811.357,0.36044508492858474
811.475,0.3617820767521964
811.594,0.36216526531420096
811.713,0.36516109976972944
811.832,0.37290719948621054
811.95,0.37332789014238
812.069,0.38124274928260515
812.188,0.3914452361669204
812.307,0.39922633783795536
812.425,0.41781554304746293
812.544,0.4279167742775315
812.663,0.4345628125651598
812.782,0.43143830525289173
812.9,0.428238793752293
813.019,0.42550555828915115
813.138,0.4389207245736376
813.257,0.4610426270535283
813.375,0.49418139472941275
813.494,0.5043351288913136
813.613,0.5116299534080044
813.731,0.5165271440377197
813.85,0.518801688215467
813.969,0.5090368100963104
814.088,0.5133439677778235
814.206,0.5263328602586306
814.325,0.5492360563669682
814.444,0.5499767648933499
814.562,0.5469347621882467
814.681,0.5610299664469329
814.8,0.5737275926630552
814.918,0.5721269204437098
815.037,0.5805843098795294
815.156,0.5860065298275612
815.274,0.5856196753893702
815.393,0.5685256380004862
815.512,0.5488289552765218
815.631,0.5417504771694146
815.749,0.536103328989621
815.868,0.5336326081856382
815.987,0.5312218907323201
816.105,0.5175292932842394
816.224,0.5189450395055994
816.343,0.5106577438965609
816.461,0.5067869449104028
816.58,0.498530901046502
816.698,0.4881709896999215
816.817,0.46815678924535736
816.936,0.4434923291142818
817.055,0.4191628876910842
817.173,0.4084267053330444
817.292,0.385858612265816
817.41,0.3750586763476951
817.529,0.3659013321540194
817.648,0.3458846315598444
817.766,0.32412908386619954
817.885,0.3094539315509852
818.004,0.3066444418297083
818.122,0.30148232073445425
818.241,0.30797210029639477
818.359,0.30983162129871145
818.478,0.3108960979047213
818.597,0.31112552788064746
818.715,0.3142146403400665
818.834,0.30003282357876115
818.953,0.3062735954918302
819.071,0.33083460589880975
819.19,0.42099485611429266
819.308,0.5590339450070898
819.427,0.7096747672950743
819.546,0.8413233864771993
819.664,0.913571044103878
819.783,0.8999557980070849
819.901,0.824534344848784
820.02,0.6995787545847945
820.138,0.5895777454109283
820.257,0.5038373697910802
820.376,0.4262252347606908
820.494,0.36738809428323965
820.613,0.334444421830244
820.731,0.3092924344750162
820.85,0.2869818557877216
820.969,0.2707453662854188
821.087,0.2735474399210922
821.206,0.27584698549494907
821.324,0.2929461074962845
821.443,0.33303901350024223
821.561,0.3736644492413488
821.68,0.386678343118265
821.798,0.39124801545893506
821.917,0.3780041930710324
822.035,0.3511771121764162
822.154,0.3168521125883278
822.273,0.292371412718661
822.391,0.2846253973354085
822.51,0.27801319526575674
822.628,0.2581715044443516
822.747,0.26840274293419353
822.865,0.2696759811977229
822.984,0.2702304293230821
823.102,0.2691497861428293
823.221,0.2733394372626231
823.339,0.28584705286830625
823.458,0.2952419946582598
823.576,0.2884560328856418
823.695,0.307556516645605
823.813,0.31931034015856297
823.932,0.33065039056589596
824.05,0.3226281097556245
824.169,0.3240426059071774
824.287,0.306623550368858
824.406,0.2911571038667513
824.524,0.2746931016598445
824.643,0.26947972770256273
824.761,0.28141856154673683
824.88,0.2939624291767799
824.998,0.30337862215342737
825.117,0.31906516527453266
825.235,0.3136355292408979
825.354,0.3255993644811832
825.472,0.3254250219099287
825.591,0.3254819422526942
825.709,0.3292040672652263
825.828,0.3230693918612814
825.946,0.3079217131595816
826.064,0.29883937315423525
826.183,0.28779317348442685
826.301,0.2848399257355152
826.42,0.2857443934064193
826.538,0.29942582455948075
826.657,0.3069431615015531
826.775,0.3038224043987027
826.894,0.2868396232225091
827.012,0.2766809731146158
827.13,0.25523919294215414
827.249,0.24773194089175551
827.367,0.24080097102169878
827.486,0.24165793603999358
827.604,0.23348814699267292
827.723,0.23340130930780517
827.841,0.24432883667932012
827.959,0.2537462797257741
828.078,0.2586747221006274
828.196,0.2794127973058144
828.315,0.2976444825509459
828.433,0.31662620967938565
828.552,0.32045959090460835
828.67,0.33754996241730595
828.788,0.33701434967225785
828.907,0.3158013322742048
829.025,0.28853547687785375
829.143,0.2542526646502218
829.262,0.22885347515912743
829.38,0.19263429928389023
829.499,0.1592522587358025
829.617,0.13422083545520155
829.735,0.11765499257809368
829.854,0.10714774105912431
829.972,0.11497145262960749
830.091,0.12279895786698679
830.209,0.1534994382127534
830.327,0.1731138805055309
830.446,0.20339412415358016
830.564,0.23475558343555541
830.682,0.28547284673691686
830.801,0.3322859322745418
830.919,0.37386747567609135
831.037,0.40636101159155513
831.156,0.43552936182435203
831.274,0.43188337966240964
831.392,0.4022559466626669
831.511,0.3650568408509266
831.629,0.3189222360693732
831.747,0.26836238417630065
831.866,0.2103096138689779
831.984,0.1927441044226384
832.102,0.18713551266603917
832.221,0.1822632120248876
832.339,0.18265745547436618
832.457,0.19174343428158297
832.576,0.19699794913489999
832.694,0.1868937923620438
832.812,0.1654514853696527
832.93,0.15549754229135085
833.049,0.1357241694115247
833.167,0.12176537452678066
833.285,0.11654952474980977
833.404,0.11879968643987454
833.522,0.12991466202006752
833.64,0.14347715409963346
833.759,0.1484789319913518
833.877,0.14654252170431342
833.995,0.15095430389218334
834.113,0.1605063904881774
834.232,0.175482020771484
834.35,0.1891436704644313
834.468,0.20286514050850227
834.586,0.2273169838056016
834.705,0.24403185897772656
834.823,0.24442457269925683
834.941,0.24716741765515313
835.059,0.2440386847345506
835.178,0.23145442380504122
835.296,0.2106209522289459
835.414,0.19349393762619943
835.532,0.18002349595311334
835.651,0.16689591093098527
835.769,0.15122332041464448
835.887,0.15760147733279906
836.005,0.17071723640297828
836.124,0.18842526800384612
836.242,0.2207117503064298
836.36,0.2449718719120558
836.478,0.26260049194796303
836.596,0.2749438168461579
836.715,0.2799229805200709
836.833,0.283778331438827
836.951,0.298214273191453
837.069,0.3069998994231564
837.188,0.3258673386363293
837.306,0.34139709146878017
837.424,0.3568405894846506
837.542,0.3656162151579099
837.66,0.3654263401860237
837.779,0.3879239821144089
837.897,0.4043150330428589
838.015,0.40685531052621526
838.133,0.41335830929305073
838.251,0.4244715655026212
838.369,0.42415418341057287
838.487,0.42964962591416367
838.606,0.43507881471806187
838.724,0.44400444876798223
838.842,0.44342455201677466
838.96,0.4418733510266827
839.078,0.43372053139367195
839.196,0.43658582702646054
839.315,0.4360784343239726
839.433,0.43269588106880263
839.551,0.422906720060374
839.669,0.4128125420193999
839.787,0.41900802361407696
839.905,0.421698309474093
840.023,0.4211171626530793
840.142,0.43149912802642243
840.26,0.4327555838195141
840.378,0.4195837339173648
840.496,0.411227152906055
840.614,0.40244179795145396
840.732,0.3953827893982673
840.85,0.38964385455970335
840.968,0.3779708383543649
841.087,0.37884727292658016
841.205,0.39251567181861863
841.323,0.39763734345035884
841.441,0.4044603600874036
841.559,0.4028029031638425
841.677,0.4161712853025582
841.795,0.42463439352443766
841.913,0.4340200532627864
842.031,0.4585003059027151
842.149,0.4847094050836695
842.267,0.5000828991904296
842.385,0.5099910881074832
842.504,0.49904936273837097
842.622,0.5082312610984209
842.74,0.5065163009638065
842.858,0.5261412824791195
842.976,0.5416747855209858
843.094,0.5520792521508286
843.212,0.5631687570340933
843.33,0.5561935031578771
843.448,0.5430441545122279
843.566,0.5409304221096549
843.684,0.5348664691216581
843.802,0.5408369381513435
843.92,0.5338754350429878
844.038,0.5389171022071764
844.156,0.5425836925852998
844.274,0.5504305163930614
844.392,0.5687479248918073
844.51,0.5876391154312841
844.628,0.601375018092822
844.746,0.6173922981494229
844.864,0.6069130986083515
844.982,0.6068969833394315
845.1,0.5860897070652045
845.218,0.5603809070835577
845.336,0.5188287223868281
845.454,0.47826409283645477
845.572,0.43663690395139476
845.69,0.4033701819256114
845.808,0.3625867901592734
845.926,0.3501487312329623
846.044,0.32688131758148453
846.162,0.3042751908571236
846.28,0.27829637579748645
846.398,0.26028050539897263
846.516,0.24203462215624422
846.634,0.22092857919850012
846.752,0.20459155254879144
846.87,0.19376358353198259
846.988,0.179734185743253
847.106,0.16142994344399875
847.224,0.14964830257369433
847.342,0.1452007937533718
847.46,0.12056085768851416
847.578,0.09682856501503545
847.696,0.08644018927594566
847.814,0.07237984988373036
847.932,0.06915381147440733
848.05,0.06751582336169959
848.168,0.08381999675829682
848.285,0.10493880985639054
848.403,0.09428355287864455
848.521,0.09197802270742446
848.639,0.0911072464838095
848.757,0.09309681259156496
848.875,0.10236520646158044
848.993,0.1187328536875094
849.111,0.14269837024983942
849.229,0.1626310313356976
849.347,0.16455775568529182
849.465,0.1737924573115014
849.582,0.1819058533766218
849.7,0.1959170787841567
849.818,0.2083632167951882
849.936,0.22537835994537303
850.054,0.24393983944497838
850.172,0.26040870209015354
850.29,0.2728823416369064
850.408,0.2856397470295109
850.525,0.29657580071548206
850.643,0.29114969071708213
850.761,0.29897182051751836
850.879,0.29904976787279614
850.997,0.3050630466646536
851.115,0.3082661685337159
851.233,0.30615399358973333
851.35,0.3156062144165598
851.468,0.3137078014093206
851.586,0.30728413570612123
851.704,0.32480805726715134
851.822,0.34239698245806827
851.94,0.37636557231063367
852.057,0.4205622333119138
852.175,0.45908982774518853
852.293,0.5266915457151051
852.411,0.5726870571665199
852.529,0.6297781882116757
852.647,0.6888881819927364
852.764,0.7439717009302371
852.882,0.7909935196919788
853.0,0.8341563729640997
853.118,0.862804665724399
853.236,0.888875314545729
853.353,0.8924147051924769
853.471,0.9029582369595194
853.589,0.9061351073626687
853.707,0.9020853242201424
853.824,0.8813633600814774
853.942,0.85898130324109
854.06,0.8247048322012374
854.178,0.7867794073990896
854.296,0.7477064185154798
854.413,0.7144962570197302
854.531,0.6818536272156841
854.649,0.6432769160448639
854.767,0.5959234647695312
854.884,0.5449860633617905
855.002,0.4763826754625279
855.12,0.4220350836253455
855.238,0.3738028332767368
855.355,0.33297224624657595
855.473,0.2971369381592484
855.591,0.25432999076656987
855.708,0.213436884438518
855.826,0.17056103873005057
855.944,0.11980928939015006
856.062,0.08687050271053898
856.179,0.06465908204439164
856.297,0.0516670250664682
856.415,0.050736295480343106
856.532,0.04439400455888007
856.65,0.03624182322451437
856.768,0.0349528033621271
856.886,0.0223584594424465
857.003,0.023106104282908692
857.121,0.02150323701271195
857.239,0.023433745169539884
857.356,0.03567600853158568
857.474,0.042597958949719655
857.592,0.040758258380655624
857.709,0.04345831800323155
857.827,0.043570799460228765
857.945,0.052770736275513375
858.062,0.060034775340264815
858.18,0.07754029251008862
858.298,0.09562858309417571
858.415,0.11738927609111752
858.533,0.12369184542603016
858.651,0.13130043619410742
858.768,0.143104111697829
858.886,0.1536035636569868
859.003,0.16361173818257768
859.121,0.16867338648774993
859.239,0.1674359330429375
859.356,0.16840985308407913
859.474,0.15825565171653622
859.592,0.15231293552376973
859.709,0.14562517772691697
859.827,0.13587676625185763
859.944,0.12169310241768043
860.062,0.1058641636255871
860.18,0.08823453262622231
860.297,0.0834799288500308
860.415,0.07302809970566596
860.532,0.0714610900319235
860.65,0.07375774914440152
860.768,0.07280813703055568
860.885,0.07371945566670006
861.003,0.07905238495684253
861.12,0.08392042190691393
861.238,0.0981940395992698
861.356,0.10269617241016818
861.473,0.11101695619317267
861.591,0.11839401551425907
861.708,0.11902003102158851
861.826,0.11587833613509921
861.943,0.11197534873705223
862.061,0.1030855424028631
862.178,0.09231802142367894
862.296,0.0952903427546003
862.414,0.09025338581437173
862.531,0.08799200385962344
862.649,0.08377622272376273
862.766,0.07975862184098556
862.884,0.07971588444114319
863.001,0.08411801182631064
863.119,0.07862837836524852
863.236,0.09668933453247161
863.354,0.11000000758910362
863.471,0.11687653314489692
863.589,0.11788843217622229
863.706,0.10786944872610638
863.824,0.10484122692071643
863.941,0.1157103743799834
864.059,0.1154961578413591
864.176,0.1416351972519251
864.294,0.15522167624694155
864.411,0.17175610905603425
864.529,0.1756410855031318
864.646,0.16480648999030334
864.764,0.16265362927676857
864.881,0.1581043847460636
864.999,0.1495211649529652
865.116,0.16617435439358103
865.233,0.1695168005450852
865.351,0.1935166502327063
865.468,0.20849849634335021
865.586,0.22940317319251907
865.703,0.24558383624665098
865.821,0.2541728253718972
865.938,0.25911661094426497
866.056,0.2753185251850908
866.173,0.2712030548768994
866.29,0.26969022990378755
866.408,0.26714234713170987
866.525,0.2536438528633306
866.643,0.2497883970746851
866.76,0.24567042662688154
866.878,0.2526568262614578
866.995,0.2616520880734949
867.112,0.26341694613043964
867.23,0.26463552368237475
867.347,0.2586549492243552
867.465,0.24676654486547703
867.582,0.2572093875122986
867.699,0.2518238462817035
867.817,0.2670719572609206
867.934,0.2745108821650925
868.051,0.2820373119556504
868.169,0.2907900602254174
868.286,0.29284368440743525
868.404,0.3070879893328242
868.521,0.32168356387356245
868.638,0.3373191964924882
868.756,0.3599702208599579
868.873,0.3786022708027003
868.99,0.39825187756713104
869.108,0.4265344664084407
869.225,0.45158187459308075
869.342,0.4777668463007385
869.46,0.5285306905244103
869.577,0.5785294920271074
869.694,0.6140124829481773
869.812,0.6525468942645065
869.929,0.6815607739420422
870.046,0.7060881530875887
870.164,0.7140758586363813
870.281,0.7203797201571469
870.398,0.7304600425603698
870.516,0.7198267082862275
870.633,0.7057444314186723
870.75,0.6854793092930457
870.867,0.6612889679781055
870.985,0.6428989505607501
871.102,0.622836339743617
871.219,0.5947407803562517
871.337,0.5655576602380893
871.454,0.5396059705671801
871.571,0.5183257917594758
871.688,0.4796971441908497
871.806,0.4466425578850099
871.923,0.4296651193478839
872.04,0.40631982522147014
872.157,0.3780217545256104
872.275,0.3615680952369945
872.392,0.33978038808825106
872.509,0.314339976967796
872.626,0.2894508466315726
872.744,0.2736297226645472
872.861,0.2633076557719773
872.978,0.23656967219339914
873.095,0.22693889390327832
873.213,0.2152142486889219
873.33,0.19262524679484455
873.447,0.16383964887483488
873.564,0.15096993971862777
873.681,0.14699572729845753
873.799,0.1330557019548413
873.916,0.10984282974984913
874.033,0.11096054240393916
874.15,0.10717419688420506
874.267,0.09282347606904376
874.385,0.0853125636717684
874.502,0.09329346736208252
874.619,0.091103757494023
874.736,0.08430703439230297
874.853,0.07526381857726044
874.97,0.07688262504638815
875.088,0.07726431972433122
875.205,0.07401024588214426
875.322,0.07525942838276548
875.439,0.08042973641605825
875.556,0.0671783833809233
875.673,0.06714435800493757
875.791,0.07043153613466106
875.908,0.07306124112831276
876.025,0.07855705867533481
876.142,0.07706931898774211
876.259,0.07718536522614497
876.376,0.07464713892997152
876.493,0.07036411778933213
876.61,0.0806166490609303
876.728,0.08429282181476215
876.845,0.08044275573714471
876.962,0.07649189644161239
877.079,0.07338599472930646
877.196,0.0727813452159162
877.313,0.06733554723243226
877.43,0.06775886636015355
877.547,0.07378820804883185
877.664,0.06316959344846701
877.781,0.06019480417360464
877.898,0.06259881942585553
878.016,0.07366049384550577
878.133,0.08424895309954025
878.25,0.08293672768415626
878.367,0.07858671602925626
878.484,0.0830800498327672
878.601,0.07585235593485605
878.718,0.07730928418211236
878.835,0.07934077230773816
878.952,0.08548245178214406
879.069,0.08584971420487178
879.186,0.07574530859050407
879.303,0.07236470905998009
879.42,0.07229286036144636
879.537,0.06962249914432206
879.654,0.06599095376528417
879.771,0.06609685509964579
879.888,0.065454155110521
880.005,0.058792270372685765
880.122,0.04903067518257685
880.239,0.03616936954019433
880.356,0.020208353445538188
