wavelength_nm,intensity
792.446,169.45614626480491
792.565,192.98281293147167
792.684,206.9999557886146
792.803,211.5075748362337
792.922,206.5056700743287
793.041,180.24333241199102
793.16,149.01649258515118
793.279,133.5714709401296
793.398,107.61995578861445
793.518,91.83294280160146
793.637,100.39051855917728
793.756,112.99657916523786
793.875,132.1169254855842
793.994,153.42861379727248
794.113,169.20350557216415
794.232,178.7931159617745
794.351,164.8087003773589
794.47,150.19311596177448
794.589,140.63034539900394
794.708,130.37666574532435
794.827,128.76541033406892
794.946,123.11519388385256
795.066,121.50393847259713
795.185,115.95155752021617
795.304,110.64766141632009
795.423,109.30826747692622
795.542,106.3602155288743
795.661,106.76454453320335
795.78,116.05025881891761
795.899,109.54636271502149
796.018,95.74030210896083
796.137,86.72125448991319
796.256,83.18705535571411
796.375,90.06497743363622
796.494,95.64852721718603
796.613,103.12818089683964
796.732,104.8900856587444
796.851,99.6130293816881
796.97,88.49960946826818
797.089,84.1428995115582
797.208,86.61562678428555
797.327,102.40177397043271
797.446,119.98445795311666
797.565,131.9835921522508
797.684,133.40610297476164
797.803,145.0009081695669
797.922,148.2563194249782
798.041,137.87623284489155
798.16,128.61649258515132
798.279,120.41822418688297
798.398,102.38359215225094
798.517,86.65805102670981
798.636,81.32904669770548
798.755,81.49268306134188
798.874,78.07536704402588
798.993,78.4580510267098
799.112,93.46757483623362
799.231,104.9654103340691
799.35,100.18359215225098
799.469,98.3247176933765
799.588,98.04679561545441
799.707,92.7628129314717
799.826,81.0675748362336
799.945,83.36108132974006
800.064,88.00696877562748
800.183,94.44419821285686
800.302,89.05631942497808
800.421,86.56108132973999
800.54,84.99484756350626
800.659,85.8320770007357
800.778,87.71086487952365
800.897,100.17233674099558
801.016,99.15242332108221
801.135,101.84939301805187
801.254,98.9714709401297
801.373,104.32991249857122
801.492,105.01649258515124
801.611,111.27103803969669
801.729,120.20956617822485
801.848,134.86411163277035
801.967,129.4234189920777
802.086,130.0277479964067
802.205,122.09787786653655
802.324,112.2390034076621
802.443,93.65025881891756
802.562,81.7377047063635
802.681,62.002145861700555
802.8,51.424203447390084
802.919,41.450517811386916
803.038,41.777390079146244
803.157,32.96390420120973
803.276,26.464517109616025
803.394,13.16691363441042
803.513,8.86253409521264
803.632,-9.07687665430963
803.751,-11.346999436542456
803.87,-13.751934594237223
803.989,-15.604124610789007
804.108,-14.900864715521092
804.227,-10.438071739168638
804.346,-16.257612196690864
804.465,-10.004060099721112
804.583,-13.830921531196662
804.702,-6.27168482436196
804.821,-7.369441986513399
804.94,-10.312197855292336
805.059,-9.10880521581951
805.178,-9.770277153246841
805.297,-8.078214808786875
805.416,1.2407326596186223
805.535,5.694511235258084
805.653,10.896746387550259
805.772,13.788534779321072
805.891,8.421003334611669
806.01,5.741009931248468
806.129,11.425069660709363
806.248,25.226048019753197
806.367,46.93407682399508
806.485,64.64314039131106
806.604,82.33394242310328
806.723,106.8900005185586
806.842,120.90996080050931
806.961,135.9922587447976
807.08,151.09100690553623
807.198,153.21486329138327
807.317,156.40538634389696
807.436,154.17513017563147
807.555,143.11543677792883
807.674,142.91808104256387
807.793,140.8150976015713
807.912,141.52943017789477
808.03,149.28445539491085
808.149,150.1511689236152
808.268,164.8854149198517
808.387,178.89498559141265
808.506,191.06819262660966
808.624,201.16001438042125
808.743,211.74101362341042
808.862,215.9254760698629
808.981,215.09521990159675
809.1,202.1368252051921
809.219,193.2225863529433
809.337,175.949905942253
809.456,162.40969306403025
809.575,146.34653646286387
809.694,141.47125864957655
809.812,128.4072362475448
809.931,125.06615756845687
810.05,126.03676720105727
810.169,132.19871882499967
810.288,134.0862115744833
810.406,141.38669133695393
810.525,150.58933560158906
810.644,158.1590794333238
810.763,167.2353167715521
810.882,182.84575324397963
811.0,188.95489101510861
811.119,191.07355259576144
811.238,194.57403235823259
811.357,192.55329999949166
811.475,188.41568452386758
811.594,187.35166212183657
811.713,196.80625443842024
811.832,208.47383376799093
811.95,217.41760357375216
812.069,220.9328019509419
812.188,232.20038128051277
812.307,230.74848009060307
812.425,236.51302911714362
812.544,242.45679892290488
812.663,248.70533063342802
812.782,251.71663290672166
812.9,258.08983994192
813.019,256.8232201372914
813.138,258.7990245750872
813.257,265.6388982769522
813.375,280.05539535544074
813.494,287.0225417845787
813.613,292.5489955730242
813.731,291.17241905843935
813.85,300.11965206766416
813.969,305.6365820465859
814.088,310.8028626748581
814.206,324.39598312997015
814.325,333.06702566300424
814.444,328.8480249059951
814.562,327.1311886511504
814.681,328.4091575911109
814.8,328.2472996912447
814.918,324.52786603380275
815.037,326.14782631575486
815.156,333.0500376799581
815.274,330.9098248017373
815.393,324.1981833520879
815.512,317.0778838937804
815.631,305.79654547443386
815.749,297.80438454426474
815.868,301.3559465578186
815.987,305.30144796531175
816.105,307.5698930957486
816.224,307.66777545562286
816.343,309.28513833497766
816.461,309.0375661493973
816.58,294.563154136977
816.698,285.7346295704442
816.817,288.41692751473397
816.936,270.30528606508426
817.055,253.61442383621377
817.173,233.0378473216289
817.292,216.01018855596178
817.41,207.11153411929888
817.529,194.11504418480047
817.648,179.05102178276957
817.766,185.40171799545732
817.885,179.43379948953026
818.004,174.95419267191474
818.122,167.80878498849836
818.241,167.7733340150388
818.359,167.2184025220989
818.478,165.04269180837989
818.597,163.45745728513717
818.715,174.8477506004211
818.834,169.53290121089805
818.953,171.55656696312093
819.071,195.23744364277718
819.19,249.77395175861932
819.308,337.18404339159804
819.427,440.0112904226223
819.546,534.8613276102224
819.664,593.9607150979497
819.783,582.6358063102077
819.901,525.6528885152343
820.02,440.4020475470037
820.138,353.260789076743
820.257,286.60993837744434
820.376,242.1207184080488
820.494,207.3273818047589
820.613,191.17080805234338
820.731,171.85310599663222
820.85,157.30510091061805
820.969,154.75276682027481
821.087,151.65324658274545
821.206,155.58576097725083
821.324,174.72000697348778
821.443,186.13304084851262
821.561,205.68893186639457
821.68,213.97729041674395
821.798,209.40417710562167
821.917,202.77565253908816
822.035,184.18349160891836
822.154,171.29089777831575
822.273,167.20436455377364
822.391,154.46415167555176
822.51,149.9758868492778
822.628,138.55775189313374
822.747,134.08333988071263
822.865,134.43230449166822
822.984,134.84014356149834
823.102,142.22374020708602
823.221,146.39694724228406
823.339,150.62123652856422
823.458,154.58924875856724
823.576,148.8455726768819
823.695,159.4005978938978
823.813,163.42142397671452
823.932,167.39549681277816
824.05,167.26221034148256
824.169,170.3618243030876
824.287,176.3125205157749
824.406,174.44243750768283
824.524,165.23555796279413
824.643,164.09534508457205
824.761,157.15859540981302
824.88,153.27379378700212
824.998,153.35695753215663
825.117,164.48514292233273
825.235,170.23583913501972
825.354,174.21077777194898
825.472,173.46017528333718
825.591,178.27407495922768
825.709,172.5477148948587
825.828,165.16680937594435
825.946,158.72789519902153
826.064,151.61625374937148
826.183,146.75136554647497
826.301,146.2024946595957
826.42,145.07093979003253
826.538,153.80345418453874
826.657,154.33943178250814
826.775,152.5351496402177
826.894,143.52134368840336
827.012,134.781130810182
827.13,124.54481403585692
827.249,121.43836739140193
827.367,113.0903623053887
827.486,110.4704957475141
827.604,106.23677637578655
827.723,108.58920419020615
827.841,102.55548481847846
827.959,106.37631090129611
828.078,114.0326348196117
828.196,136.7235907725593
828.315,153.80069391165426
828.433,172.65095722390936
828.552,181.34710798205194
828.67,196.04066133759727
828.788,187.80607616500407
828.907,177.96716198808198
829.025,160.988853871766
829.143,141.58716913207334
829.262,116.75347159927884
829.38,91.03818071529244
829.499,67.60480664652526
829.617,53.736373890310006
829.735,41.674477166158596
829.854,39.56722564777431
829.972,37.76361525742417
830.091,52.71569316810345
830.209,67.85474827972614
830.327,85.2126402324482
830.446,109.42780614970096
830.564,130.60208773463643
830.682,162.84563338883598
830.801,194.23203618589264
830.919,215.8504736149839
831.037,250.02735260251683
831.156,262.8120237978421
831.274,263.27981187628444
831.392,243.7579895651165
831.511,211.4335698513512
831.629,171.33425836269416
831.747,131.4704447095349
831.866,97.03260508234952
831.984,85.75493861533724
832.102,85.19761846867144
832.221,85.15110166763384
832.339,78.82292376171873
832.457,82.85445986512856
832.576,69.31568936289325
832.694,64.88456514860803
832.812,60.91837678862344
832.93,56.75900027989406
833.049,54.88219076977454
833.167,41.19206700203004
833.285,31.885880439764474
833.404,34.11086383894385
833.522,25.240926323337987
833.64,31.484398056947406
833.759,38.427378823740526
833.877,45.045899728461265
833.995,48.317624328732734
834.113,48.057900721962966
834.232,56.37489578107786
834.35,63.94557732725251
834.468,68.07647821834198
834.586,83.21257391462618
834.705,99.64996831220924
834.823,121.90121552364526
834.941,130.79921598183466
835.059,132.0487315915393
835.178,125.81080131379818
835.296,116.61789268107859
835.414,95.33812929160777
835.532,79.74830370533886
835.651,76.61217313114395
835.769,66.19420543179059
835.887,62.1856561821725
836.005,68.33985450560667
836.124,74.66094766257808
836.242,86.54502659186497
836.36,92.06410859452185
836.478,103.74671610556089
836.596,122.97196336508566
836.715,128.71961463824522
836.833,144.5460537901925
836.951,158.44608601573276
837.069,167.53746023261516
837.188,172.1292673499305
837.306,178.2024597486312
837.424,189.09989457157423
837.542,201.32373632092438
837.66,211.09736162005805
837.779,220.03981808802274
837.897,222.73292390663676
838.015,223.5039518031728
838.133,220.22476324949247
838.251,219.40704655728396
838.369,225.26725194299752
838.487,229.13784693910083
838.606,228.94697007373213
838.724,236.08076853303868
838.842,244.10287868065683
838.96,240.70767281095897
839.078,242.51506434385848
839.196,248.82548617978804
839.315,258.1506266304362
839.433,253.20910041441752
839.551,247.88575601658073
839.669,252.64293109926334
839.787,250.78971657155626
839.905,240.32438083172792
840.023,240.10579833865273
840.142,236.63353619189786
840.26,234.63659872046748
840.378,227.5141201234959
840.496,226.7899099247929
840.614,231.21981228020255
840.732,229.26356744946503
840.85,229.61554772695257
840.968,230.75454099145315
841.087,219.77491953733895
841.205,221.94941063733705
841.323,226.71178052521384
841.441,230.57112011006038
841.559,235.24777571222302
841.677,242.61360880356312
841.795,248.61061072607194
841.913,258.01973386070205
842.031,263.50158426805956
842.149,279.83365112563354
842.267,290.759657377147
842.385,297.10730865030564
842.504,300.0939209624254
842.622,304.7324813264932
842.74,303.0056737251931
842.858,307.5792990243259
842.976,305.429980600515
843.094,306.0746015706433
843.212,310.3529887745379
843.33,314.3266140736705
843.448,323.29158136414515
843.566,324.3439945420658
843.684,324.64662417020304
843.802,326.65401570310235
843.92,317.2640046385991
844.038,318.27312777322993
844.156,319.4112552368651
844.274,330.0342311853487
844.392,344.5212763979015
844.51,348.7788843810171
844.628,349.8209079485483
844.746,353.2291652823133
844.864,341.44434902300475
844.982,339.7729526771162
845.1,326.8054524351238
845.218,325.070852626032
845.336,309.6946943753817
845.454,295.94018114637635
845.572,265.7077458394488
845.69,237.81210706931762
845.808,204.05845964117776
845.926,181.7714788797046
846.044,157.14510417883739
846.162,149.69102385026454
846.28,133.02741971216784
846.398,127.5265861368416
846.516,114.54176987753262
846.634,96.14050340177343
846.752,85.57386896064646
846.87,70.0262821385673
846.988,65.4890849268777
847.106,56.4593902604254
847.224,47.41661308906738
847.342,45.52739613141247
847.46,38.92895856715266
847.578,23.387482429329054
847.696,11.057615458583662
847.814,3.7358220398150657
847.932,7.702290713558019
848.05,-0.9027315167928309
848.168,8.637273763129038
848.285,19.000458260857314
848.403,19.17446808991977
848.521,30.11657173640623
848.639,25.620137925892053
848.757,33.72020157794308
848.875,44.16944446652771
848.993,56.06742184040519
849.111,71.40917348429932
849.229,77.17965267838511
849.347,81.74225494684094
849.465,98.21632183806094
849.582,91.93444720638986
849.7,96.25343837558461
849.818,100.57069794304769
849.936,104.60830383085721
850.054,106.7913642641212
850.172,106.67312599608638
850.29,117.19384876701264
850.408,130.31803474140196
850.525,139.80585707942754
850.643,154.9759304997042
850.761,156.1096402836173
850.879,156.7507093748897
850.997,156.45325032763395
851.115,157.2146657392526
851.233,158.75183872662888
851.35,160.98771301270637
851.468,163.78895526415175
851.586,170.18413690953653
851.704,165.16027093587388
851.822,168.93900236480866
851.94,189.0164350924448
852.057,220.79862972484273
852.175,254.74272911914557
852.293,302.93185015846984
852.411,344.7079841848072
852.529,391.83390176092803
852.647,422.4801656573953
852.764,455.2208018482347
852.882,495.5025635801996
853.0,524.8743686022077
853.118,545.1682515462937
853.236,561.7339959622412
853.353,566.890216568665
853.471,569.8568267854782
853.589,557.1108828897375
853.707,546.0471900762476
853.824,533.4224583017188
853.942,514.2496745791382
854.06,497.39204237170895
854.178,474.3170941469637
854.296,458.01270869278125
854.413,432.96633189660736
854.531,409.2039377844161
854.649,371.709941940623
854.767,334.20382488470864
854.884,300.28298921407566
855.002,269.6357466170358
855.12,235.54001917151123
855.238,207.75338263507757
855.355,182.80830454020233
855.473,158.91517449727496
855.591,125.67658990889295
855.708,99.49774558025113
855.826,72.25783366466474
855.944,50.574073589148085
856.062,33.740813609561286
856.179,15.773423084116498
856.297,11.439319261465068
856.415,5.0567814876086015
856.532,0.3964380861564947
856.65,-12.50873506406391
856.768,-25.198712587077612
856.886,-34.67647242780461
857.003,-29.805536828269766
857.121,-35.30507279544341
857.239,-29.896936738336258
857.356,-23.388075277435824
857.474,-23.407200983114485
857.592,-26.195295279404124
857.709,-20.010954288035826
857.827,-14.692652359444839
857.945,1.5689682279914408
858.062,9.433688800413142
858.18,18.781609714024142
858.298,28.143309437869895
858.415,35.480872771664906
858.533,42.51738645848881
858.651,51.974679366091905
858.768,61.02591166763426
858.886,77.86502275705507
859.003,86.168203110545
859.121,87.93458692723844
859.239,88.12867637163747
859.356,82.28120737447816
859.474,69.88828383186434
859.592,60.81397500786534
859.709,53.84009908429921
859.827,56.159729654239484
859.944,43.89429119554021
860.062,30.489161347234734
860.18,18.055615893134327
860.297,5.244265682170445
860.415,-6.511965439976844
860.532,-9.606820139941597
860.65,-8.07121708324573
860.768,1.064206790606728
860.885,8.329269428302627
861.003,12.381408698665155
861.12,19.040957194811902
861.238,25.048664002625696
861.356,23.743526607275545
861.473,23.76303757258097
861.591,31.698218555344752
861.708,37.005924950103385
861.826,38.69609644307962
861.943,35.96200779257963
862.061,33.96050813364005
862.178,32.26595535348651
862.296,25.39794707028456
862.414,21.0121706487255
862.531,26.5673678743607
862.649,25.038437584746276
862.766,18.807400904700216
862.884,23.832656499859894
863.001,21.155149948467532
863.119,22.73244455477157
863.236,20.199375555968736
863.354,25.35779540458061
863.471,29.28584409314525
863.589,30.04311950070747
863.706,26.265497428572445
863.824,26.45790295450969
863.941,26.226932347286926
864.059,37.84661085887971
864.176,45.383629270377035
864.294,60.96645490091004
864.411,68.05632727864744
864.529,66.17650268668797
864.646,58.41962181767233
864.764,48.099104585020285
864.881,48.008024581805415
864.999,48.9567714184172
865.116,58.67781262732328
865.233,74.77894041631588
865.351,83.34933227457246
865.468,92.29634750945252
865.586,106.77409867506844
865.703,117.87262906146356
865.821,121.15124602794523
865.938,120.48527424983794
866.056,125.148306800735
866.173,123.52908826938094
866.29,118.47696930512652
866.408,123.53307544909731
866.525,133.31818592207242
866.643,136.0903093820605
866.76,132.486675266291
866.878,134.77741344489374
866.995,136.48806504340985
867.112,134.63334867655806
867.23,134.37603490710893
867.347,135.8901497090882
867.465,136.05188355868648
867.582,132.5235741182415
867.699,130.5052213877532
867.817,134.03924960964582
867.934,141.5048795631402
868.051,146.92289046901556
868.169,152.4854901194798
868.286,162.92341444526866
868.404,166.03320024291924
868.521,169.61051850810253
868.638,173.64411382956303
868.756,182.02402949734386
868.873,199.58662914780865
868.99,216.41676126580595
869.108,238.9802267171366
869.225,267.3566791814543
869.342,294.19460350724415
869.46,322.9398871403934
869.577,344.99859068696264
869.694,369.7291557053934
869.812,384.2233570874604
869.929,399.66041561238455
870.046,414.90440054423505
870.164,424.52674045444064
870.281,431.5603357759017
870.398,436.44068434411605
870.516,427.26648745778493
870.633,416.31480139396444
870.75,396.6505612175896
870.867,391.12831238320587
870.985,380.1064964492549
871.102,366.05437748500094
871.219,350.81697713546544
871.337,337.9960270023802
871.454,324.11620241042056
871.571,306.4926548747379
871.688,281.28815495810295
871.806,267.0403649981777
871.923,245.05924170491926
872.04,219.7595036930461
872.157,195.74894317035032
872.275,179.61284152211343
872.392,173.90790870504532
872.509,164.3016771866785
872.626,145.9300777029436
872.744,142.02774228847278
872.861,133.70549345408858
872.978,121.4005606370203
873.095,110.38740271172693
873.213,98.25130106348979
873.33,84.63121673126986
873.447,72.68645707437466
873.564,52.6291433049254
873.681,42.72767369132044
873.799,30.97771922923066
873.916,27.67451801389413
874.033,24.648782475641024
874.15,20.569671550933887
874.267,17.985780522156485
874.385,21.046353138825744
874.502,16.96086864984638
874.619,18.643759481780275
874.736,11.885229396870933
874.853,8.399259938210978
874.97,-1.8612206962707405
875.088,4.275599173628436
875.205,7.390597152800913
875.322,8.84167705324008
875.439,3.5220255760328776
875.556,6.689046773749692
875.673,6.113640061112638
875.791,2.4506728438755934
875.908,-0.028695365570936993
876.025,7.362069992224585
876.142,6.011223932950179
876.259,3.8301314555117063
876.376,-0.7899830622438155
876.493,1.3781653351620613
876.61,5.890979884288091
876.728,14.61841912972867
876.845,13.65941875769802
876.962,14.553500573678427
877.079,13.92996292918703
877.196,10.923399343632932
877.313,11.796774962000026
877.43,11.763726984409107
877.547,8.064999218937547
877.664,13.966950908581016
877.781,7.700473185568811
877.898,8.070567621881805
878.016,9.072949532837793
878.133,15.524723430274088
878.25,19.81337024593433
878.367,24.712436501952155
878.484,18.035585449207073
878.601,14.941391152535033
878.718,11.607776561174578
878.835,-0.1947225139972728
878.952,5.68232125058069
879.069,8.563659937808886
879.186,8.516393334465567
879.303,11.699657102635662
879.42,3.162928054203263
879.537,-2.395503575928302
879.654,-0.6605076921792978
879.771,-9.030874840354933
879.888,-7.544110762787707
880.005,-11.196702944338533
880.122,-16.670767969329667
880.239,-23.966305837761126
880.356,-33.08331654963291
