wavelength_nm,intensity
792.446,124.34154648435809
792.565,142.95548587829745
792.684,154.0235378263494
792.803,157.54570232851393
792.922,153.52197938479082
793.041,130.22847289128447
793.16,104.31158977440141
793.279,88.02500968782132
793.398,80.63886250167411
793.518,65.15141661422828
793.637,75.99124345405511
793.756,88.19297505578669
793.875,99.7782564410681
793.994,120.25877592158753
794.113,135.45704431985587
794.232,146.64578890860045
794.351,148.39557245838404
794.47,127.08661156279472
794.589,108.74350915748279
794.708,86.79187834738104
794.827,67.53713028549248
794.946,60.89694170535764
795.066,62.49302981282986
795.185,64.5351349700577
795.304,68.25305532751972
795.423,66.19707972445713
795.542,64.33850671879703
795.661,63.53621076941394
795.78,65.76421785033381
795.899,65.27707341610227
796.018,66.60984240178428
796.137,58.90624775110278
796.256,55.734254832023204
796.375,60.33801948870121
796.494,59.69719873341587
796.613,55.512443863565096
796.732,53.976355052480805
796.851,45.17192969022736
796.97,35.640617551286795
797.089,24.78991464783442
797.208,36.034668579377154
797.327,47.22564996132439
797.446,57.0902450656813
797.565,74.0740037886415
797.684,86.99282371887584
797.803,93.11092043697506
797.922,96.87248247391827
798.041,82.99408617035307
798.16,84.16830278643423
798.279,69.06290056309135
798.398,50.09587450384741
798.517,48.70471609886986
798.636,48.39051017924369
798.755,50.42009941913575
798.874,57.83387654358712
798.993,50.74881463154318
799.112,63.96852789907227
799.231,59.858177873137905
799.35,54.197152263823114
799.469,57.85911705204798
799.588,59.595005940495966
799.707,60.984711692976376
799.826,55.900253858848075
799.945,49.49580880511118
800.064,45.93202534752718
800.183,42.45394682854052
800.302,44.87434018830691
800.421,45.791053029734755
800.54,48.76386192778348
800.659,59.76035987535077
800.778,58.864181391497524
800.897,61.88055702019834
801.016,60.980915332881835
801.135,71.94274550703722
801.254,77.8439696205865
801.373,77.61012879907075
801.492,74.19879880006573
801.611,73.06798828158014
801.729,72.17180979772647
801.848,77.95182179006332
801.967,84.18551343607994
802.086,93.84085010374181
802.205,94.62952010473713
802.324,87.92208620962865
802.443,66.39823286446108
802.562,44.94078317388923
802.681,25.384749646147917
802.8,9.043773342996552
802.919,-2.1667893276771126
803.038,-7.889535622028629
803.157,-14.342902973401202
803.276,-16.613633115553405
803.394,-25.34835685462609
803.513,-31.279461014832357
803.632,-39.2941034777975
803.751,-43.82864603843083
803.87,-39.790529439574826
803.989,-36.99573279809765
804.108,-35.10557522215376
804.227,-35.39093874240831
804.346,-37.899711046792596
804.465,-35.83521041422626
804.583,-38.73134900111597
804.702,-34.46107366334534
804.821,-28.378685483496525
804.94,-28.51896040000851
805.059,-30.391985594442062
805.178,-27.7675825169699
805.297,-32.10551648285694
805.416,-26.84289015887354
805.535,-28.4611123034816
805.653,-26.007628450355394
805.772,-23.732862386689327
805.891,-24.523757704743815
806.01,-22.715325410555803
806.129,-14.381155690148168
806.248,-7.331777466052339
806.367,5.6804225587722454
806.485,21.805840171410104
806.604,38.066621537182414
806.723,57.93139287812476
806.842,68.79842263717529
806.961,87.40842804429482
807.08,97.47947361346016
807.198,111.07692610903221
807.317,111.22502795525341
807.436,110.47269690104186
807.555,99.0848680113325
807.674,95.35764518222913
807.793,87.84254356524698
807.912,86.76207398289696
808.03,87.96472128366378
808.149,98.10416512122717
808.268,113.91114142632301
808.387,131.8670354803367
808.506,150.00041871183961
808.624,171.29051190005248
808.743,179.48450119216142
808.862,179.61355541933534
808.981,165.4343845382841
809.1,152.48378508580433
809.219,145.20244970258864
809.337,130.9886467869056
809.456,122.03804733442617
809.575,109.5221284440394
809.694,95.25460403903833
809.812,82.28498736958974
809.931,66.80069687900918
810.05,62.40584408254885
810.169,71.37404742021113
810.288,77.9211595294762
810.406,94.58795122798578
810.525,101.08686476029655
810.644,107.12338261881085
810.763,115.74171865914317
810.882,126.98343132285191
811.0,132.4199491813658
811.119,136.9828739662865
811.238,140.05835286376123
811.357,132.5208447482489
811.475,121.91666996606995
811.594,118.61119648259225
811.713,121.36719486058628
811.832,130.31020622559325
811.95,142.23503577241837
812.069,154.05337181274996
812.188,171.37040915178298
812.307,176.43549843886797
812.425,185.84690807227344
812.544,186.5786640260253
812.663,178.19093946029653
812.782,170.27940537075824
812.9,165.67176738511603
813.019,167.56975710510136
813.138,175.47034422768414
813.257,190.44625602559148
813.375,204.93472193605288
813.494,219.0872571105836
813.613,227.99996544528742
813.731,235.47544434276193
813.85,242.8504903398037
813.969,247.6082203195295
814.088,244.73478146808657
814.206,247.33839889369995
814.325,252.61907259636945
814.444,257.3586207579134
814.562,259.61591783720627
814.681,267.27667811996236
814.8,277.3365726018527
814.918,270.4943025815786
815.037,263.7819026911747
815.156,266.1863859176539
815.274,266.3631635164275
815.393,259.48193245719244
815.512,252.04225983951562
815.631,248.96016297941438
815.749,248.07633451758153
815.868,240.28774415098678
815.987,232.48443516967336
816.105,224.3581824654161
816.224,221.5029254321546
816.343,223.81823116945588
816.461,221.98288755610764
816.58,216.41421060942605
816.698,215.74856396577485
816.817,213.77902121822763
816.936,195.96099362219547
817.055,174.596645679843
817.173,160.48078258597536
817.292,139.95106667825496
817.41,123.93563648482032
817.529,112.57908075026043
817.648,103.4406344578096
817.766,102.33657985041765
817.885,93.582779712611
818.004,86.6667479844493
818.122,82.09286319940838
818.241,78.27500917702062
818.359,85.99544948174962
818.478,97.54768456584736
818.597,102.45246908537112
818.715,110.60262811243042
818.834,116.47537736660979
818.953,110.16064630467977
819.071,115.96991760225265
819.19,137.1364560355307
819.308,204.77798488618032
819.427,304.4150819409508
819.546,402.94464755398997
819.664,479.1581473331214
819.783,505.91500866119287
819.901,469.8702139716189
820.02,392.25581945408055
820.138,294.13959758787416
820.257,223.53479261208196
820.376,163.5685169179111
820.494,122.98930532705671
820.613,97.89370938397548
820.731,78.85832025859696
820.85,65.88895171483814
820.969,57.491132484754914
821.087,53.393558531986514
821.206,57.456988659825335
821.324,62.66884604938355
821.443,86.77974038787478
821.561,114.08697704507043
821.68,139.01504827389613
821.798,146.69583236930288
821.917,141.6004298338275
822.035,124.49917737454561
822.154,101.35772765135707
822.273,87.69184955287963
822.391,75.51485465473712
822.51,68.31704189009702
822.628,60.75855719865267
822.747,54.802401828068625
822.865,53.24661147860601
822.984,57.6411394200058
823.102,60.84889545252774
823.221,69.1602063244971
823.339,71.08886010808158
823.458,70.36061528125032
823.576,67.52798904490697
823.695,73.27285198605263
823.813,78.8601391696224
823.932,81.46474237050808
824.05,87.59575249780058
824.169,88.26615656448696
824.287,91.53223162684444
824.406,88.32211621301172
824.524,89.45918694636518
824.643,87.31314079660169
824.761,82.50735438709798
824.88,80.45654633257269
824.998,86.5745694468786
825.117,83.52635879495074
825.235,87.83052909540383
825.354,88.01868207983978
825.472,89.28995194739261
825.591,82.40970666343023
825.709,82.44288129288773
825.828,82.02064466693389
825.946,82.27892752149943
826.064,74.70171254056686
826.183,72.96172699686356
826.301,65.27776027031605
826.42,58.75789066710779
826.538,58.01970040346731
826.657,61.746119761512844
826.775,59.00577340959823
826.894,63.31618386551668
827.012,63.3043775571068
827.13,66.33978525515306
827.249,63.05978319892675
827.367,61.08281144573079
827.486,62.67832504698987
827.604,57.14731764636585
827.723,50.549431238856656
827.841,47.012418538961796
827.959,44.922619171158594
828.078,49.386431531373866
828.196,56.715161271832145
828.315,73.05359272962728
828.433,94.01375516048911
828.552,113.55199721538142
828.67,127.31188429191857
828.788,132.36268045936467
828.907,129.603087016421
829.025,115.60972733971113
829.143,92.30655847393416
829.262,65.4781948992281
829.38,43.46931177477197
829.499,21.167682103278068
829.617,0.48544655821515637
829.735,-8.795763567139662
829.854,-16.635759627023695
829.972,-18.645645299123473
830.091,-16.003816869223428
830.209,-5.030611156311922
830.327,9.16272377706542
830.446,24.174216884111686
830.564,45.73904948050156
830.682,80.22528513822755
830.801,116.54977336243432
830.919,152.9506771722896
831.037,184.35158098214478
831.156,203.85811249762773
831.274,194.51789076635748
831.392,163.43654349396178
831.511,131.14220920857906
831.629,101.18640306172449
831.747,70.75821233203735
831.866,50.217270549553966
831.984,38.782539696713705
832.102,33.796722044820285
832.221,22.445594472664364
832.339,13.609575568063853
832.457,19.668804839691507
832.576,21.934033370717117
832.694,15.818028723845984
832.812,17.287392590241858
832.93,11.535909637936001
833.049,6.53526078546912
833.167,-4.335522611733454
833.285,-14.090511432206519
833.404,-15.51344741139279
833.522,-14.329116461415904
833.64,-15.254968265676343
833.759,-5.321384429124003
833.877,-6.808613172562718
833.995,-2.043667433161201
834.113,-2.9179638437120063
834.232,1.8355795624687765
834.35,12.413206599313462
834.468,27.628742456384416
834.586,44.2729334351529
834.705,67.86816730123981
834.823,76.24253367484579
834.941,75.72770139751695
835.059,66.28250715093391
835.178,64.27994705357557
835.296,56.97605336871254
835.414,43.30942588018143
835.532,31.85420537790791
835.651,21.98355358249551
835.769,9.251029591576946
835.887,5.965970328610556
836.005,12.867859448585378
836.124,34.662864843597816
836.242,53.79691204255094
836.36,63.11066286233947
836.478,75.2561336010022
836.596,83.66497268624721
836.715,84.34947007594998
836.833,100.22271205439733
836.951,111.27257740946814
837.069,133.03326527536146
837.188,139.42079296809473
837.306,139.99446784697543
837.424,145.4529912107047
837.542,144.7825102454299
837.66,140.15705092517683
837.779,147.8761803495127
837.897,157.416088994628
838.015,177.14214482589054
838.133,177.46300585195826
838.251,184.0669837611428
838.369,186.66316946253517
838.487,186.25848936306147
838.606,182.62956683934522
838.724,185.19198630697088
838.842,190.91111573130644
838.96,187.62937935477606
839.078,184.5208031514058
839.196,192.40789794370653
839.315,200.61187585289053
839.433,206.53533428155498
839.551,209.62502647645334
839.669,219.50173165836478
839.787,220.310038571878
839.905,209.12267448972023
840.023,202.67210694435886
840.142,202.3254355028937
840.26,200.92681600948055
840.378,196.7524389403099
840.496,191.43866793174533
840.614,187.5413471396311
840.732,178.64489214838272
840.85,173.46618607488327
840.968,171.55501246891617
841.087,179.39189081100113
841.205,180.20625833057545
841.323,180.0916215211454
841.441,172.60209293682362
841.559,170.33161197154948
841.677,176.23082797597232
841.795,186.47463272498385
841.913,193.5002556558136
842.031,212.3639738247386
842.149,219.79825476422633
842.267,232.96154003271843
842.385,238.8685482449336
842.504,243.83183351342575
842.622,253.75788934468855
842.74,255.11424820625442
842.858,252.32601832323158
842.976,257.99146809388844
843.094,255.09328150090906
843.212,257.5318914447262
843.33,255.51595593399796
843.448,256.67750960075875
843.566,262.5265091549653
843.684,265.4629545966178
843.802,274.12061215948233
843.92,278.54104028511756
844.038,275.97618702547146
844.156,279.9160956705872
844.274,282.5140129737115
844.392,293.0409346058401
844.51,298.6821419522542
844.628,304.21252678784583
844.746,305.53425361477923
844.864,295.0845518702842
844.982,285.10844319938224
845.1,272.2734600696058
845.218,261.20384490519723
845.336,246.02513883169775
845.454,229.2862595980249
845.572,206.25560547257714
845.69,181.35828468046262
845.808,161.8445136718979
845.926,146.45022318281355
846.044,124.02909286688943
846.162,118.0512525942552
846.28,102.61194046014924
846.398,88.49500639306939
846.516,67.8170602942696
846.634,54.78634153722109
846.752,46.705679059598694
846.87,27.161511231926642
846.988,16.26716725761065
847.106,3.6790235624401055
847.224,-5.667130689089149
847.342,-8.93383559718085
847.46,-12.900969875508697
847.578,-12.980214844629879
847.696,-14.400225339303582
847.814,-16.532995101871066
847.932,-15.136505478224795
848.05,-20.4639471032673
848.168,-14.278965635573543
848.285,-7.332188356643397
848.403,-5.67741976627804
848.521,-4.5554645078406555
848.639,4.757663606535463
848.757,14.877283587123825
848.875,19.188134203436945
848.993,25.88218722528599
849.111,41.382698169655086
849.229,49.61956393679318
849.347,50.473862313659595
849.465,48.02914835227499
849.582,61.29929733329216
849.7,65.65158732460404
849.818,73.43819242504632
849.936,77.5254994234619
850.054,89.63497566462915
850.172,92.63652526126862
850.29,93.77265241621348
850.408,92.35033801271678
850.525,99.43018811138468
850.643,106.61306851308302
850.761,112.46954198837437
850.879,115.846361784012
850.997,121.11668807315604
851.115,121.69956847485413
851.233,123.92660472070787
851.35,122.49736391028448
851.468,123.41963825137614
851.586,129.95057060112578
851.704,131.07890554827807
851.822,144.0643833525732
851.94,163.39271829972552
852.057,185.7833909092154
852.175,213.0364011810429
852.293,248.1292382926973
852.411,293.1328979151741
852.529,336.72876532985873
852.647,377.4363210562317
852.764,420.42179886052674
852.882,453.7371467946918
853.0,475.34686702322904
853.118,488.59901149419045
853.236,500.2979092119051
853.353,510.4340363668491
853.471,512.0212457728754
853.589,511.2283685988151
853.707,503.54198493124807
853.824,492.29629390437367
853.942,466.84021326710956
854.06,437.4923577380704
854.178,416.83541129994023
854.296,400.58192806527313
854.413,377.84965695181825
854.531,362.07409579507333
854.649,345.86390260369643
854.767,323.2684280270381
854.884,286.1915681689945
855.002,245.39003298627534
855.12,214.77118178624005
855.238,186.41986305373717
855.355,154.28845774114774
855.473,135.84276671427264
855.591,108.58042927712383
855.708,79.42918751891182
855.826,50.56824326889775
855.944,25.065378376740423
856.062,12.673804733900404
856.179,8.01053728355225
856.297,-1.1711474179145855
856.415,-5.690273243459659
856.532,-18.652130499770166
856.65,-34.983753956701264
856.768,-42.14608102049323
856.886,-50.95306587264525
857.003,-43.2314836532026
857.121,-39.70624426130179
857.239,-38.78950674693705
857.356,-28.793779954073546
857.474,-26.885119999828994
857.592,-31.882479215929106
857.709,-29.605463384408207
857.827,-29.171413365585433
857.945,-19.249143206674205
858.062,-12.409725692658526
858.18,1.8771483082408473
858.298,17.298560673859487
858.415,23.501086172885838
858.533,26.080962971901315
858.651,33.74253159304005
858.768,41.549845371397524
858.886,47.21329025675711
859.003,56.60573947112108
859.121,57.922864010160254
859.239,63.45470716391795
859.356,53.566177768283666
859.474,49.67535705637107
859.592,41.89740987336978
859.709,29.61810668052482
859.827,19.4855592187546
859.944,9.532583612168606
860.062,-2.88762252500885
860.18,-5.864631979035471
860.297,-14.850101287888865
860.415,-10.969194627824935
860.532,-19.808245337317484
860.65,-21.310150843177478
860.768,-25.95515500801553
860.885,-19.597621358865474
861.003,-15.346254493893607
861.12,-8.97536378709836
861.238,2.4914608652685555
861.356,11.674371100161594
861.473,7.294843722726357
861.591,10.238573751282157
861.708,6.2612164139534645
861.826,13.250369665922197
861.943,11.065803683124363
862.061,11.054410310518751
862.178,10.42727257441712
862.296,11.904836165661909
862.414,9.794647470496662
862.531,12.454577582039036
862.649,10.223321974371695
862.766,9.028701759119246
862.884,7.424338663398393
863.001,1.06351331520113
863.119,-8.082595606152658
863.236,-4.900486727752188
863.354,0.5339289169398955
863.471,1.212214369901739
863.589,1.407778798540217
863.706,5.9848732545743735
863.824,14.22164310659451
863.941,10.953991757953554
864.059,13.083075735359078
864.176,22.65241332410523
864.294,35.73980378698971
864.411,36.75618651134955
864.529,38.18607592302927
864.646,40.081416903563635
864.764,43.518365800105265
864.881,37.40266205117163
864.999,30.331729483640718
865.116,33.37627843272362
865.233,38.87182839154381
865.351,42.96416255659148
865.468,53.984672766797246
865.586,74.92703138918719
865.703,101.25390772314924
865.821,115.08138358484905
865.938,119.62450945775566
866.056,127.24036260338939
866.173,121.44496033776771
866.29,116.82531564790358
866.408,114.11822507059364
866.525,111.88126436341366
866.643,112.25642486835498
866.76,110.4956546373657
866.878,115.65955973105184
866.995,119.50398430525748
867.112,118.52849545954977
867.23,118.68980315063848
867.347,124.26582945644567
867.465,122.37345749385457
867.582,127.37632362650149
867.699,126.59910317906166
867.817,129.97772688746605
867.934,134.52345016297
868.051,134.47956304886367
868.169,138.84519974428108
868.286,149.37014379900575
868.404,154.55655971520235
868.521,162.4953565837798
868.638,161.8583958765996
868.756,170.16342651141088
868.873,184.8606649384301
868.99,196.02889903644495
869.108,212.53999027731703
869.225,230.621644288752
869.342,255.01671821360713
869.46,285.5416622683324
869.577,307.76271021916176
869.694,340.0409010271341
869.812,366.26800958402436
869.929,383.54966359546006
870.046,395.2616206371988
870.164,400.9380798434398
870.281,409.5383485734903
870.398,411.6823402472636
870.516,403.0029552976603
870.633,397.5365573610442
870.75,382.04418539845386
870.867,371.08860997266004
870.985,360.6533808672126
871.102,344.41468855830186
871.219,331.19158066497545
871.337,310.72518272835896
871.454,301.4908194237772
871.571,283.0729063356457
871.688,268.7831317756528
871.806,257.29595461825727
871.923,236.6832363353205
872.04,216.25406783593354
872.157,190.1651590768061
872.275,168.47192131334947
872.392,161.28084805205714
872.509,145.35644145743132
872.626,139.93506516583585
872.744,133.7457235062751
872.861,122.5001047904373
872.978,109.2302436503573
873.095,96.84955999945478
873.213,90.4169282966042
873.33,75.73876521529884
873.447,57.24853214387224
873.564,47.21020428549424
873.681,40.20398494388454
873.799,37.096002493010445
873.916,27.68488136751261
874.033,29.45738869088303
874.15,30.310209135977885
874.267,21.042553849740017
874.385,11.869505431559604
874.502,8.215164669270301
874.619,2.706545564841145
874.736,5.599355382256907
874.853,-3.860499309618426
874.97,-1.2888257827850436
875.088,0.7452706100836055
875.205,-0.19305408979545113
875.322,-0.29482116096877764
875.439,-2.888728564553597
875.556,-6.469552058060811
875.673,-0.5403152521290506
875.791,-2.7295165149491782
875.908,5.918750146534576
876.025,5.172357967308953
876.142,5.076801105775742
876.259,4.77884150796611
876.376,-6.511576473261821
876.493,-11.388941027010361
876.61,-6.848318086516153
876.728,-1.9086465729112345
876.845,5.2119257561314924
876.962,8.994572314890128
877.079,17.037550097124665
877.196,21.969828004600352
877.313,14.026905060357535
877.43,9.89049350625158
877.547,4.654824983934212
877.664,8.686015582313821
877.781,2.013079114648851
877.898,1.879493099305896
878.016,8.901128386250114
878.133,9.081052361655658
878.25,5.054305733803103
878.367,6.885521638187859
878.484,6.081073774133885
878.601,12.612798890507117
878.718,8.761205477748023
878.835,4.445340792969388
878.952,6.160245997301542
879.069,2.7161670862180394
879.186,-6.134119655836262
879.303,-10.3488362141342
879.42,-16.269720046913832
879.537,-17.703222963744594
879.654,-14.226541031931696
879.771,-17.73181324622287
879.888,-13.426609544127205
880.005,-14.33172453350609
880.122,-16.835288391992158
880.239,-20.937301119585438
880.356,-26.637762716285923
