wavelength_nm,intensity
792.446,138.892005459625
792.565,167.67564182326137
792.684,185.6268106544302
792.803,192.74551195313148
792.922,189.0317457193651
793.041,163.7174600050794
793.16,129.21010069772015
793.279,105.54516563278511
793.398,84.946031433651
793.518,74.3468972345168
793.637,74.56507905269852
793.756,80.30360719122669
793.875,92.32092320854267
793.994,120.84300113062054
794.113,148.40230848992786
794.232,172.6568539444733
794.351,185.1365076241271
794.47,175.06204874966824
794.589,149.60923489685445
794.708,122.04386693148652
794.827,96.83520892282847
794.946,85.21356390118342
795.066,80.62135610897562
795.185,84.67157255919207
795.304,92.00663749425698
795.423,91.30707039468987
795.542,93.70966779728724
795.661,97.1884556760751
795.78,99.64733013494954
795.899,99.45598814360761
796.018,90.8049058925254
796.137,87.29927818689768
796.256,79.70100978862928
796.375,76.6455985332181
796.494,80.45512234274189
796.613,80.62655091417042
796.732,81.66118294880243
796.851,78.09282823926752
796.97,65.0361328021787
797.089,58.074037979025235
797.208,54.57120034959233
797.327,60.82031207828161
797.446,72.47933035134068
797.565,88.17494058032636
797.684,104.3553702549183
797.803,113.19688244941264
797.922,123.25830806382046
798.041,123.32233108082582
798.16,120.88245799393505
798.279,104.13675811058296
798.398,91.16406252732472
798.517,79.1713285209202
798.636,69.02610708080218
798.755,66.54918360171676
798.874,71.3050540741992
798.993,79.73612421877377
799.112,91.36270948595296
799.231,101.25489652809961
799.35,104.1219753451381
799.469,111.0635130366352
799.588,107.2769121999939
799.707,105.09377456681574
799.826,92.85349407649477
799.945,84.50845168141183
800.064,81.82488114780064
800.183,92.33784741072623
800.302,85.92613834897645
800.421,102.04256781536506
800.54,104.83432195707849
800.659,114.3524830251987
800.778,117.14856617124099
800.897,121.18793936057321
801.016,133.8792606018535
801.135,145.19828747083955
801.254,151.45064767315907
801.373,162.1133974858684
801.492,157.23761916004977
801.611,156.03370230609266
801.729,156.05229627464638
801.848,163.24405041636032
801.967,172.91112923339904
802.086,177.11933359156333
802.205,183.60978903197872
802.324,176.31149988364947
802.443,152.6279293500388
802.562,132.0837527558221
802.681,108.86251988454907
802.8,89.26552943751864
802.919,69.0148885593867
803.038,52.735823413302406
803.157,43.455804776715595
803.276,39.04514711917843
803.394,24.16913425902966
803.513,8.760058934286253
803.632,-8.771205670448461
803.751,-25.121923905382314
803.87,-35.69278169951795
803.989,-39.07492571364685
804.108,-38.746274986066275
804.227,-29.938629826172907
804.346,-31.927022482940625
804.465,-31.611105404983697
804.583,-26.17496109778742
804.702,-26.889748859464362
804.821,-24.772532428980508
804.94,-20.83788381496555
805.059,-13.448405782229974
805.178,-0.6763649063847197
805.297,8.057883650095068
805.416,16.308347951623176
805.535,27.101153045736396
805.653,27.411887768529336
805.772,24.796932226222793
805.891,23.168540065233337
806.01,28.52706105406288
806.129,46.539868605476684
806.248,66.26252823244693
806.367,82.24636366684676
806.485,107.62725719675649
806.604,137.2016743346384
806.723,172.17582419356805
806.842,196.03309093561472
806.961,221.01503300233665
807.08,240.94242961451323
807.198,255.38411194097563
807.317,249.71497175661548
807.436,239.27959780602174
807.555,229.91781692902134
807.674,225.21664211262697
807.793,211.29641967718533
807.912,210.64199810754468
808.03,213.07502242534994
808.149,230.99895583406433
808.268,250.2917204116099
808.387,271.55418195885244
808.506,300.0807127701642
808.624,322.2236937979261
808.743,342.64459690361025
808.862,351.67935282314704
808.981,344.4509052794803
809.1,335.18263089598673
809.219,316.5334041315407
809.337,291.7820128649301
809.456,271.50854367624146
809.575,249.21602686850522
809.694,232.8906096278685
809.812,216.51584173788115
809.931,210.07873618555624
810.05,224.05202024362092
810.169,236.9309320073133
810.288,250.065255026417
810.406,272.6004438463866
810.525,280.51831664904023
810.644,286.1080509235555
810.763,295.4718111720967
810.882,304.57583116089756
811.0,309.76383383368113
811.119,313.82716118178934
811.238,327.3337785731877
811.357,343.20230072649105
811.475,339.94268435165606
811.594,345.00428009803346
811.713,350.44336502190015
811.832,346.9430560063728
811.95,342.99339634149493
812.069,345.6887583216386
812.188,354.65684757450964
812.307,358.83099743344127
812.425,359.69172737895303
812.544,358.8658772378848
812.663,348.12141237820185
812.782,333.00725054882196
812.9,321.5874610138143
813.019,304.52871043984567
813.138,297.1019944979116
813.257,307.38523526593406
813.375,318.2606838261645
813.494,331.08158693184936
813.613,343.63062856567274
813.731,355.8056442254701
813.85,372.1399672445748
813.969,376.85177944116856
814.088,386.1990894732602
814.206,410.1351440940966
814.325,422.9300731738075
814.444,445.0444827729991
814.562,460.5536975669961
814.681,482.9789296770104
814.8,504.05524403810705
814.918,506.4899999576453
815.037,506.7195610719888
815.156,512.9664382036483
815.274,505.68171360370593
815.393,494.4099760167507
815.512,484.60317349473047
815.631,480.68381686015607
815.749,481.2605641216858
815.868,477.687527833432
815.987,478.1465261772129
816.105,478.53193144740067
816.224,480.0030510033026
816.343,477.1789324639664
816.461,472.8136883835044
816.58,459.8908685454666
816.698,454.1593906987707
816.817,443.01059683475876
816.936,424.8895085984524
817.055,399.9017536954792
817.173,376.079366757874
817.292,345.1781919414807
817.41,318.2467140947844
817.529,304.00008473293644
817.648,295.74393156156464
817.766,295.96656626898084
817.885,290.7242659114621
818.004,283.7720088439868
818.122,280.93576909252886
818.241,279.69606613760766
818.359,281.31090863723216
818.478,283.4521580632636
818.597,283.9172170131045
818.715,292.2394750680696
818.834,296.31722305594565
818.953,283.0707890569048
819.071,301.2273279710411
819.19,319.8560063197069
819.308,426.8667659759694
819.427,555.0980576836633
819.546,691.0761479469164
819.664,796.8351836608219
819.783,829.9901968747342
819.901,776.1523016162272
820.02,679.512645277566
820.138,543.4796297040209
820.257,469.91453924642576
820.376,388.7166179603211
820.494,336.23084668754433
820.613,301.19205032922963
820.731,274.82594044790153
820.85,256.24770935445224
820.969,250.9525951441198
821.087,250.24882292512933
821.206,263.8030593641473
821.324,282.867252513122
821.443,316.2379391685904
821.561,349.7185825340157
821.68,376.20355490377005
821.798,381.92748831248565
821.917,373.0029368727164
822.035,347.3320650866267
822.154,323.1278599672036
822.273,301.9366418607675
822.391,277.8233458322535
822.51,256.334292227982
822.628,241.63484901332075
822.747,232.3319425951963
822.865,236.9788197268553
822.984,240.3330561658736
823.102,248.6587211763204
823.221,250.232871035252
823.339,251.41134989851258
823.458,252.80021837216293
823.576,250.18995264667916
823.695,257.27319341470195
823.813,267.4759147022053
823.932,266.98426369533627
824.05,270.94109753695193
824.169,260.8260699067059
824.287,263.7768431422605
824.406,259.471339321538
824.524,261.51215584713583
824.643,260.78500700476843
824.761,265.3513646559078
824.88,271.0597136490383
824.998,275.45204532615156
825.117,274.3976237565114
825.235,275.50424114790997
825.354,275.83596676441664
825.472,285.6828438960747
825.591,285.7808032788149
825.709,282.64326482605736
825.828,277.71438438195787
825.946,268.1257636781182
826.064,263.06528150241695
826.183,257.72254824446446
826.301,253.13825654495344
826.42,253.72019861167598
826.538,259.40603678229445
826.657,254.87455893559698
826.775,254.5006568464754
826.894,250.85402748462678
827.012,248.00739812277817
827.13,241.41791161807242
827.249,227.04574113068261
827.367,215.2882892580113
827.486,210.77239582689822
827.604,201.45650239578515
827.723,198.06008948415263
827.841,197.73553804438174
827.959,202.09583508945943
828.078,210.05353473193983
828.196,217.47357203675784
828.315,233.93083877880525
828.433,252.65477218751923
828.552,273.98822940575707
828.67,287.76151346382176
828.788,297.6594728465618
828.907,298.79639326826276
829.025,274.01556477221493
829.143,234.26244190387263
829.262,192.92756105605068
829.38,149.8986250209819
829.499,117.73265792107787
829.617,85.16121787805102
829.735,73.95229112743769
829.854,75.64196427726885
829.972,71.71989794280896
830.091,88.38430510153367
830.209,106.31597706715662
830.327,135.34080300213066
830.446,173.3902779174815
830.564,216.36215926257609
830.682,263.7183599440289
830.801,309.48148703240827
830.919,345.4454799216534
831.037,367.04237324379886
831.156,359.49814102481884
831.274,335.6993633512933
831.392,293.6927934699755
831.511,254.22994653238084
831.629,213.20432903201566
831.747,185.32589767883678
831.866,174.61023688842852
831.984,169.12920813265237
832.102,175.75207548077248
832.221,177.4485359024858
832.339,175.72768030688323
832.457,183.67868618314225
832.576,179.17341500312426
832.694,174.4205247754872
832.812,170.0243445045599
832.93,158.26799107345926
833.049,152.70644283716356
833.167,142.6713015272747
833.285,136.31494809617362
833.404,134.41054271702063
833.522,127.748561580292
833.64,126.04848520546827
833.759,126.6929975752333
833.877,124.83794284543147
833.995,135.6244465571882
834.113,150.27415373214865
834.232,167.74637172961997
834.35,184.7614468699487
834.468,203.76613239988797
834.586,225.63835039735955
834.705,241.96338224764477
834.823,256.3048643143802
834.941,260.79180092657015
835.059,258.04583710585985
835.178,245.69987328514958
835.296,230.00326011379013
835.414,211.10404953983334
835.532,194.0368735979111
835.651,174.66233834862942
835.769,165.78390699545156
835.887,164.22149295829092
836.005,177.95951182156324
836.124,202.5667947540996
836.242,228.31174002429813
836.36,254.02378486159614
836.478,275.74708511014967
836.596,288.6002554885732
836.715,294.75818777175857
836.833,307.01308975191375
836.951,320.92946359354073
837.069,330.54800193733234
837.188,340.6202199348037
837.306,348.1495807894179
837.424,356.2304567955472
837.542,363.573670464014
837.66,367.5194815350781
837.779,385.66875580960533
837.897,392.6535279196304
838.015,398.39241258376796
838.133,404.83432755093577
838.251,400.5965888384498
838.369,401.71556008267345
838.487,399.295137387503
838.606,405.8028532204711
838.724,415.7426036854737
838.842,412.12650999463216
838.96,415.37275396612836
839.078,415.5670498856765
839.196,414.97866182254086
839.315,418.2560746252062
839.433,419.5395480339322
839.551,423.3996448192818
839.669,422.7974039422938
839.787,408.53802020816295
839.905,402.2838312792272
840.023,400.63223975288884
840.142,405.0585703044728
840.26,409.30308267423845
840.378,408.31209720850626
840.496,400.39816801983034
840.614,392.73705268396816
840.732,374.08286375503246
840.85,367.84599084341284
840.968,366.71387983655535
841.087,376.37917142710046
841.205,379.6756318488145
841.323,377.95391045234675
841.441,383.6772107009006
841.559,391.075835624779
841.677,398.61558608978305
841.795,408.66702486647523
841.913,423.67517359987755
842.031,444.5534522034096
842.149,460.89060526581625
842.267,473.80697910744385
842.385,477.32941355513213
842.504,476.42933718030974
842.622,475.14138201760875
842.74,468.9434701449511
842.858,471.4771600038952
842.976,474.77102302301245
843.094,490.11423669148036
843.212,503.2384027409007
843.33,505.14352117127356
843.448,498.7256958787028
843.566,490.81869309695446
843.684,481.97489377840964
843.802,479.5362892650595
843.92,471.20244665647135
844.038,474.6088637881427
844.156,483.0282679328011
844.274,490.2745119042993
844.392,500.39001994506134
844.51,506.37219465249007
844.628,515.8877026932521
844.746,521.9893579201616
844.864,519.5143897704477
844.982,516.1173436986561
845.1,504.75579546236247
845.218,487.10420393602556
845.336,463.9140842711605
845.454,431.99496027729094
845.572,396.80743801502297
845.69,356.9064958393351
845.808,319.8964627545562
845.926,293.7608885442361
846.044,267.8417645503662
846.162,245.17805181190764
846.28,221.69355985266992
846.398,211.71469559905972
846.516,194.6864806960989
846.634,171.0063177411899
846.752,146.4586223187482
846.87,130.36374074912027
846.988,110.10221038382082
847.106,85.41526617721442
847.224,70.52818911136107
847.342,61.124262761107744
847.46,57.869850467774995
847.578,48.287229681665906
847.696,44.67976246611689
847.814,41.3613862499283
847.932,38.63894816208008
848.05,32.220852768101864
848.168,34.99442672209054
848.285,38.61186171581291
848.403,42.7291685704277
848.521,45.35759330924311
848.639,49.4875299558075
848.757,58.77490884451399
848.875,76.67011859343418
848.993,88.70350179151247
849.111,106.20680630656564
849.229,115.97114951576062
849.347,115.61865252980729
849.465,117.305116582815
849.582,110.91365855790065
849.7,116.3810749918606
849.818,117.06580744313652
849.936,113.80681695068947
850.054,123.94869225910824
850.172,135.68190955886902
850.29,146.10430434780733
850.408,149.87821428826086
850.525,156.8625138391039
850.643,171.85980040293387
850.761,170.27959778927467
850.879,169.26909214531247
850.997,175.47849992126362
851.115,183.0498124591195
851.233,184.46701244286277
851.35,182.85217779457162
851.468,190.75162886056614
851.586,200.38008425556524
851.704,215.64490328692798
851.822,238.76167037023885
851.94,277.733848708961
852.057,321.20645994811605
852.175,369.90331361151357
852.293,423.77505904980285
852.411,482.48230232359
852.529,540.4008010086326
852.647,602.8405118148871
852.764,657.7070624479818
852.882,706.7658208732844
853.0,742.6115922856001
853.118,768.8123420528941
853.236,785.0373342444307
853.353,807.5220666957073
853.471,816.6656736058585
853.589,810.2759471826761
853.707,795.728645001918
853.824,771.8177064575234
853.942,749.0271142334752
854.06,714.1075176804225
854.178,678.2364059758547
854.296,654.5661600721528
854.413,619.5798968524334
854.531,576.4499106889914
854.649,540.4246864303115
854.767,505.8964318686012
854.884,468.2590863978001
855.002,420.53948984474783
855.12,371.8527937245959
855.238,321.1063573447035
855.355,272.89671750160767
855.473,225.17538934682347
855.591,184.04713478511283
855.708,140.97106120428742
855.826,102.06106610373746
855.944,69.53554149817546
856.062,40.85076867335289
856.179,20.59300866601932
856.297,6.975910988278737
856.415,-5.771989769294807
856.532,-19.386721067778243
856.65,-31.418044783675136
856.768,-36.29945119623795
856.886,-38.74397117616557
857.003,-36.68461990365591
857.121,-30.14205957824243
857.239,-28.912899651946894
857.356,-32.03671217991331
857.474,-36.77611351229187
857.592,-37.78061151190774
857.709,-23.306556371080617
857.827,-6.766144038401223
857.945,12.69854375595711
858.062,29.49129887294589
858.18,48.0550710611348
858.298,66.66915082229728
858.415,77.22062744316048
858.533,85.7404461372113
858.651,106.98840335940068
858.768,111.99393633916578
858.886,118.62371174317326
859.003,121.1071668008604
859.121,121.16031882824444
859.239,127.91823276039045
859.356,128.67614669253635
859.474,123.77778356840516
859.592,117.4430568079103
859.709,98.2814902205755
859.827,83.10953402285125
859.944,67.38866007620938
860.062,45.59923111216684
860.18,26.945928317234756
860.297,23.797617909792116
860.415,14.790094080069082
860.532,10.079715693586172
860.65,6.65736266487605
860.768,9.300754371039023
860.885,12.851862198363694
861.003,18.200742568726874
861.12,17.15158766553131
861.238,34.49545796887321
861.356,34.505513845812686
861.473,37.80840941056975
861.591,38.725898023047854
861.708,39.538952670765354
861.826,45.09609643686362
861.943,50.68604031038922
862.061,46.33635947998782
862.178,43.132411953764674
862.296,27.491152325146462
862.414,21.895701644975148
862.531,11.869701733579038
862.649,7.879182219527421
862.766,16.323222679449252
862.884,18.79769436195088
863.001,23.039719091536302
863.119,19.501649044753506
863.236,19.496698432896483
863.354,22.417973298751523
863.471,20.302221833928087
863.589,22.16159050854653
863.706,22.16883379713108
863.824,23.847416366706934
863.941,33.89950600138384
864.059,41.58774520477238
864.176,60.97751364618479
864.294,69.33013974571311
864.411,78.99964896212461
864.529,78.34881185818978
864.646,66.18888384516397
864.764,59.954496957679126
864.881,56.466430416514456
864.999,55.875333572319335
865.116,73.02189906578656
865.233,84.68448187527129
865.351,102.04143697912855
865.468,112.86679035138431
865.586,135.4358666673631
865.703,162.00754038593908
865.821,178.2458807711816
865.938,186.26603933824225
866.056,199.9788385979433
866.173,193.52540409141056
866.29,175.96807348098167
866.408,168.73974719955717
866.525,165.7391265458382
866.643,163.32898208259525
866.76,163.00541770593253
866.878,170.1684334158498
866.995,176.6803668746848
867.112,177.77065531187475
867.23,174.3180866062077
867.347,181.03521487023767
867.465,177.18610936803378
867.582,176.62271815154418
867.699,172.16841784414547
867.817,176.35221277484186
867.934,174.23384320337385
868.051,184.43668575311796
868.169,184.8118226751567
868.286,197.21726262749843
868.404,211.38200993914762
868.521,231.1796576836972
868.638,240.89678594772727
868.756,256.5411869390301
868.873,281.7111290558742
868.99,312.8135387051859
869.108,331.2380262765756
869.225,354.89454848
869.342,392.04717457952836
869.46,436.2058612851173
869.577,472.08835751451556
869.694,515.7613299343902
869.812,559.7918781118402
869.929,593.4778375447015
870.046,618.1508099645758
870.164,627.1527867134547
870.281,640.3902612978314
870.398,635.5896406441134
870.516,632.3457299471054
870.633,626.6377499860282
870.75,606.0206791158598
870.867,591.3204913625747
870.985,579.2384854274712
871.102,561.264704600593
871.219,537.0207939035846
871.337,509.83575766545084
871.454,495.726046102642
871.571,473.25875878225736
871.688,441.9888740592753
871.806,413.90080751811155
871.923,386.30191846612524
872.04,354.3437220548315
872.157,311.14396720197936
872.275,288.4134764183913
872.392,275.48385143566895
872.509,256.07284117156115
872.626,237.6540386996611
872.744,220.28805008057475
872.861,208.54284068226758
872.978,181.93529362162278
873.095,160.75631798954953
873.213,146.20071898085297
873.33,122.43646196349833
873.447,95.9986118725507
873.564,74.42916005000134
873.681,65.30559567333937
873.799,55.72249566149874
873.916,42.79697929100373
874.033,44.26489861156716
874.15,39.46502246818907
874.267,22.963683361637795
874.385,11.766767444915125
874.502,1.0864125364561048
874.619,-1.1171513321806275
874.736,-9.031900217997686
874.853,-10.662915628168879
874.97,-12.661166518234246
875.088,-10.175697207381814
875.205,-12.3252659380491
875.322,-10.412356490667795
875.439,-14.085311070977738
875.556,-18.346792092634303
875.673,-10.905698845819181
875.791,-5.94181198619864
875.908,-7.259505492151479
876.025,-5.116473060810469
876.142,-0.21759398801246732
876.259,4.659520174400412
876.376,3.5276631183835825
876.493,-0.2969639566912261
876.61,7.691405046432099
876.728,12.130727153541788
876.845,14.564527645450521
876.962,11.796687366521269
877.079,18.069222058448986
877.196,20.777233616242444
877.313,16.84368069005083
877.43,6.116086462561894
877.547,5.967113759102618
877.664,10.598446166143855
877.781,4.512833358255977
877.898,5.436118931352247
878.016,9.672115362284842
878.133,10.897904513490236
878.25,7.53082808448058
878.367,3.1231572470662936
878.484,4.693741927792206
878.601,-1.3282751154161496
878.718,-8.468086146794109
878.835,-11.199487715321812
878.952,-12.88834587823865
879.069,-14.887200458235906
879.186,-21.32088959040318
879.303,-17.957859765496035
879.42,-11.93824765224614
879.537,-17.501903986881338
879.654,-16.399908583746935
879.771,-26.014017562293787
879.888,-31.938249309107448
880.005,-34.185280940005285
880.122,-35.78203958549108
880.239,-36.72852524556485
880.356,-37.02473792022662
