wavelength_nm,intensity
792.446,157.54024490784573
792.565,179.20145702905793
792.684,192.26613235373333
792.803,196.7342708818719
792.922,192.60587261347354
793.041,164.673405081006
793.16,149.84829685589773
793.279,127.96864317624409
793.398,115.5747037823047
793.518,100.48033148793238
793.637,94.9643141719151
793.756,94.26907607667707
793.875,108.84569945330041
793.994,119.61453062213157
794.113,145.48552629312724
794.232,155.2725392801402
794.351,158.76431417191512
794.47,149.24310205070302
794.589,148.09851330611434
794.708,127.56171676931785
794.827,114.44483365243477
794.946,100.4197254273265
795.066,93.90197650957758
795.185,84.60673841433947
795.304,87.17037477797584
795.423,94.1946172022182
795.542,111.44916265676363
795.661,115.39201979962078
795.78,123.01193321953416
795.899,123.37816698576792
796.018,115.0959159035169
796.137,101.24137044897148
796.256,90.1374743450754
796.375,90.0734050810061
796.494,85.80760421520526
796.613,87.3314137390148
796.732,95.29072109832214
796.851,92.86647867407973
796.97,83.98769079529188
797.089,70.19981200741312
797.208,67.87686828446941
797.327,72.93141373901481
797.446,71.41799382559489
797.565,83.78336179096283
797.684,96.06994187754289
797.803,97.08985529745631
797.922,92.08812369572479
798.041,90.20327521087628
798.16,95.74613235373343
798.279,84.92275573035681
798.398,74.81712802472906
798.517,74.1928856004866
798.636,72.86907607667705
798.755,71.32362153122246
798.874,72.74266915027012
798.993,86.54440075200168
799.112,98.77816698576792
799.231,105.27167347927445
799.35,105.8405046481056
799.469,100.06734447494551
799.588,92.65695486455593
799.707,82.45435746195851
799.826,74.37383798143905
799.945,71.85176005936114
800.064,79.30803711563817
800.183,92.80673841433945
800.302,89.93574274334367
800.421,88.76517997278094
800.54,89.61366482126576
800.659,91.5461323537333
800.778,85.45522326282419
800.897,86.1175609251619
801.016,91.52448733208833
801.135,104.48725789485889
801.254,104.264747072348
801.373,110.10630551390643
801.492,110.59028819788908
801.611,111.11929252689342
801.729,107.41453062213156
801.848,111.72275573035671
801.967,120.06128386888497
802.086,134.21279902040013
802.205,141.71063451823557
802.324,137.2292492368502
802.443,122.01539642299733
802.562,97.77350004042276
802.681,71.55475036952879
802.8,47.33287307440308
802.919,31.9443411488812
803.038,20.205537319535196
803.157,12.270485965694885
803.276,8.164824794089492
803.394,5.172627283950001
803.513,0.59864159840164
803.632,-5.458583386677781
803.751,-14.607527329854678
803.87,-18.49393200557516
803.989,-20.54656316943316
804.108,-26.46864627664629
804.227,-19.47020791338642
804.346,-21.69353528590799
804.465,-16.020424007655148
804.583,-13.415229750334884
804.702,-13.192407626522773
804.821,-5.781103822620993
804.94,-6.3561658368782545
805.059,-10.404702902335316
805.178,-9.289037417667316
805.297,-16.40903871761512
805.416,-7.203256964765539
805.535,-2.3810221705302332
805.653,2.109951866291939
805.772,4.724679535892474
805.891,2.981700995925248
806.01,3.5275080613111625
806.129,8.835517261438827
806.248,21.882924486807223
806.367,45.551204957099166
806.485,67.85034746469216
806.604,86.88625812650281
806.723,104.18557691959204
806.842,120.51893293140606
806.961,135.28259197352298
807.08,147.81161898100774
807.198,154.7103429581893
807.317,149.95019247649634
807.436,144.44285584761712
807.555,134.88010796332665
807.674,129.71909168076783
807.793,130.33123557136935
807.912,136.847275565867
808.03,154.28972248677172
808.149,162.50100057650775
808.268,179.47331762728288
808.387,195.0923879248112
808.506,209.8430599539412
808.624,220.77122116056034
808.743,235.69418756198468
808.862,242.66737041362546
808.981,237.05180867652166
809.1,222.30551100868217
809.219,214.83713541876486
809.337,189.6960325561203
809.456,173.71510285364883
809.575,156.70906492606917
809.694,147.7982650937277
809.812,141.4796730535938
809.931,127.96541001778893
810.05,133.2580733889106
810.169,140.71523892453433
810.288,147.6356079233617
810.406,158.187145753358
810.525,169.27980912447995
810.644,170.98545950858914
810.763,180.37942158100992
810.882,183.6339897140369
811.0,188.6729734314794
811.119,193.0660697030343
811.238,202.44964216506537
811.357,199.77260856649028
811.475,200.1388650112051
811.594,197.87308682388533
811.713,209.13544716470386
811.832,224.71122741894243
811.95,232.6999946861681
812.069,243.95109961573158
812.188,258.01172835481907
812.307,259.63426185581153
812.425,256.1857996858085
812.544,251.01872279719083
812.663,256.82653768346495
812.782,259.55036988575625
812.9,256.8499596638052
813.019,257.6144845067889
813.138,262.7963253670887
813.257,271.5253523745745
813.375,275.9695308972118
813.494,279.12453193067165
813.613,295.3141649987635
813.731,300.3522829153402
813.85,312.706418147934
813.969,318.27527199524627
814.088,321.69174489017746
814.206,330.45280652969734
814.325,332.3601885155374
814.444,334.1827220165289
814.562,343.9221386344035
814.681,349.22346001418305
814.8,358.074564943746
814.918,356.0122499598891
815.037,348.6261254522225
815.156,345.8625117670666
815.274,339.86686344987595
815.393,336.7577952192653
815.512,338.2071685470961
815.631,336.93446395284894
815.749,334.8686857655281
815.868,329.1128642881638
815.987,313.46267051642724
816.105,311.4306585628725
816.224,299.5839279945993
816.343,300.24888573801445
816.461,304.29999066757676
816.58,305.155424601468
816.698,299.1779581024587
816.817,286.42213662509437
816.936,267.4455359269509
817.055,258.80832916820145
817.173,235.23865487698447
817.292,226.60144811823488
817.41,218.06034525558908
817.529,200.53655841025926
817.648,182.68376723592507
817.766,170.46907129968616
817.885,165.07169138076327
818.004,168.27864046616946
818.122,167.20766747365363
818.241,179.85444339888681
818.359,187.8570634799642
818.478,184.22418572554398
818.597,190.01987939969518
818.715,193.28916614743943
818.834,189.11379924684678
818.953,192.62715341054272
819.071,213.7510744616975
819.19,271.60063199820115
819.308,365.2061290503567
819.427,482.5768729774717
819.546,589.7139460306283
819.664,650.1026295951079
819.783,643.6771228051099
819.901,585.8845065764335
820.02,496.95391777522343
820.138,399.0900876398514
820.257,314.93578131400307
820.376,257.7039858106655
820.494,212.77175740689506
820.613,191.06874978234526
820.731,175.7865213785747
820.85,166.3190115895229
820.969,163.92076586973496
821.087,161.66277989020682
821.206,157.155443261328
821.324,167.2481066324491
821.443,186.08968775248815
821.561,215.91741605867432
821.68,235.58583700555337
821.798,240.26637916455368
821.917,229.27246244909517
822.035,208.23352408861518
822.154,182.5365770701264
822.273,167.54266035466793
822.391,158.75134104180685
822.51,158.84919921812326
822.628,153.85961150699393
822.747,150.69859522443585
822.865,143.64060924490806
822.984,142.0951773779343
823.102,140.32723468844972
823.221,149.82682446649784
823.339,155.93940125753295
823.458,167.98790878449887
823.576,168.87451154956005
823.695,170.3108978644047
823.813,169.1810504130155
823.932,171.85639776682112
824.05,164.48585767473938
824.169,163.54042580776616
824.287,155.83828398408298
824.406,154.01493003918767
824.524,151.8807535834698
824.643,150.17081955199444
824.761,158.42885088848442
824.88,161.76393850203078
824.998,157.5587663753174
825.117,160.43065052566027
825.235,160.46876844223686
825.354,156.8090508609778
825.472,162.24716877755438
825.591,160.7675377763822
825.709,167.4316297189332
825.828,160.92169568745834
825.946,149.7511555953774
826.064,144.95723887991957
826.183,133.98583298697235
826.301,130.06464354424148
826.42,129.6767874348439
826.538,135.3278923644074
826.657,149.1937159086896
826.775,152.3539117473441
826.894,151.7928954647864
827.012,146.91499606534546
827.13,140.7392611680688
827.249,131.69772540499127
827.367,114.7090034947276
827.486,111.04149370567606
827.604,107.05883240147315
827.723,103.60517542627449
827.841,102.0753279748854
827.959,103.66322944124522
828.078,112.23900969548366
828.196,123.31002804496023
828.315,134.61567842906888
828.433,150.34297383482271
828.552,171.1490571193646
828.67,193.8642313129976
828.788,207.35602888325428
828.907,202.7084325141172
829.025,191.63399631814045
829.143,172.92925709186073
829.262,145.53880357986665
829.38,114.38022369344725
829.499,88.41767730035858
829.617,69.97687246526552
829.735,52.18492534271706
829.854,41.78603380462168
829.972,37.22330857166334
830.091,37.313549725882865
830.209,51.28655391758119
830.327,65.76433514453967
830.446,80.60628135983112
830.564,104.59508438491643
830.682,135.71352206048658
830.801,172.93260780721488
830.919,184.42496387144848
831.037,200.95714677550882
831.156,206.71530370554325
831.274,196.5383957005127
831.392,166.93291626691075
831.511,145.73003423590617
831.629,127.3167625945119
831.747,108.10175935138614
831.866,90.93437515587948
831.984,93.1462117395935
832.102,95.84809161335069
832.221,92.32753708024791
832.339,79.95065454710087
832.457,82.36249837375618
832.576,85.80828299430358
832.694,83.66150976071181
832.812,84.28295450551158
832.93,76.81239919271205
833.049,69.9905611536085
833.167,50.573108127795805
833.285,29.49078670842664
833.404,24.48369620681175
833.522,37.48714030826428
833.64,47.33985218032565
833.759,59.60975784978615
833.877,65.15079355460398
833.995,69.2597908194791
834.113,67.83877836701232
834.232,69.33847541702656
834.35,76.50397333284164
834.468,93.8547526339379
834.586,112.71808604758822
834.705,134.45674413656315
834.823,148.26812949826524
834.941,139.83276161321402
835.059,133.03548896625813
835.178,117.98540246648828
835.296,99.65652808793033
835.414,82.84886583058437
835.532,78.98665811869292
835.651,79.3980434803945
835.769,76.88561931828667
835.887,70.56193974492363
836.005,81.16726450056501
836.124,88.91198319560036
836.242,107.02120405513766
836.36,122.67155045580053
836.478,139.7470050815715
836.596,150.49345537833813
836.715,157.57064160584076
836.833,163.02271960823526
836.951,173.00899674482886
837.069,182.6143215004702
837.188,195.8733259097911
837.306,196.80765499443666
837.424,207.36795810505606
837.542,217.84601013342427
837.66,223.36735220508234
837.779,231.38739557544167
837.897,236.45938699774894
838.015,243.23181132048921
838.133,252.48648672548052
838.251,254.46843485774463
838.369,265.4798202194459
838.487,269.95008004002176
838.606,269.65497189522966
838.724,270.49579448636854
838.842,268.8716820125724
838.96,266.09172538293217
839.078,267.38189862342176
839.196,269.7499939418336
839.315,269.0202537624099
839.433,265.1095612020336
839.551,263.5477863905751
839.669,260.1383925314975
839.787,264.80692075034176
839.905,259.37934507308216
840.023,260.9188689629221
840.142,260.88783008219934
840.26,254.90873925342453
840.378,255.87250556750683
840.496,252.5808606261778
840.614,244.41735421298728
840.732,246.3274408733899
840.85,241.83839333465835
840.968,240.14415099073216
841.087,230.73908613598363
841.205,222.74094768816173
841.323,235.4475711451018
841.441,236.18449763234491
841.559,241.62445442261844
841.677,258.87566662414747
841.795,266.30350220229997
841.913,274.36423821335296
842.031,281.27086167029336
842.149,288.8969656467142
842.267,303.0996929997582
842.385,311.5725502229319
842.504,320.134584935283
842.622,328.0221607731751
842.74,323.11406561539616
842.858,327.76354621519283
842.976,331.1654077673704
843.094,334.35861131089
843.212,343.10852481111954
843.33,345.9233733762841
843.448,347.7988280020545
843.566,343.41540816895053
843.684,341.25536495922313
843.802,342.3455381997122
843.92,335.82359022808015
844.038,334.97523533004113
844.156,344.39268129780294
844.274,349.086317741755
844.392,353.4440234497763
844.51,358.8008633569317
844.628,368.12826603465
844.746,370.3569674136669
844.864,371.4142402212553
844.982,373.42649138382217
845.1,364.59891570656197
845.218,355.00250886047047
845.336,325.910863919141
845.454,303.0261453847376
845.572,272.8721627810702
845.69,242.40562606484855
845.808,218.79969540923304
845.926,196.36605912591193
846.044,172.78437089453888
846.162,165.40268266316582
846.28,147.43224984304834
846.398,140.6133321744461
846.516,130.67147078290026
846.634,121.4438951056402
846.752,102.13965850885944
846.87,81.80976151499115
846.988,70.62841909213107
847.106,62.16278773616438
847.224,53.550199935865976
847.342,47.42286184379448
847.46,44.569604419327675
847.578,29.651776994949792
847.696,13.482415026030951
847.814,-0.027790139914016798
847.932,-4.437447304201649
848.05,-4.267900430410752
848.168,9.424485665479116
848.285,26.98191336081071
848.403,35.49668262495649
848.521,34.77846210123388
848.639,41.91171809210511
848.757,40.19432242038277
848.875,43.7160669322712
848.993,54.347069578570164
849.111,71.50671632723427
849.229,95.25906315660092
849.347,105.2496325921867
849.465,114.11639250396304
849.582,118.11215674474361
849.7,121.79536687297008
849.818,124.11667223929177
849.936,123.47087803851394
850.054,126.60430461695691
850.172,136.43989569756425
850.29,142.4270019296868
850.408,143.7093462570475
850.525,155.27307586579343
850.643,164.70780114553492
850.761,170.07932296207298
850.879,169.1348274625937
850.997,173.24401161679413
851.115,176.79821741601614
851.233,173.34463100744614
851.35,168.30143420926575
851.468,171.60196035480834
851.586,168.85400165186616
851.704,179.22898667186783
851.822,196.1511578390556
851.94,225.72008225299666
852.057,253.9829460608771
852.175,281.5730825960304
852.293,323.18572995369436
852.411,369.95681886980003
852.529,412.360808218806
852.647,459.0375248405395
852.764,505.2475747956061
852.882,536.604810897859
853.0,556.753388991454
853.118,569.4967722798542
853.236,583.9747876028866
853.353,590.9030193761355
853.471,592.5160996342329
853.589,592.648660411811
853.707,587.6297060378739
853.824,568.1813144344997
853.942,555.7086804068829
854.06,530.6256567688765
854.178,504.2006417888788
854.296,477.2916441248983
854.413,448.65191053018174
854.531,426.56282628611456
854.649,399.805343773649
854.767,363.47903009235245
854.884,333.7717640301033
855.002,293.43419493755135
855.12,251.9840717324453
855.238,211.86728186067245
855.355,176.1833924217998
855.473,150.39993588336006
855.591,127.0320637605046
855.708,96.72459585903098
855.826,70.37749951255702
855.944,39.97994577010181
856.062,22.401645065340162
856.179,10.289838708612605
856.297,7.596477583214385
856.415,0.6286496836934337
856.532,-5.033588635639622
856.65,-16.159548550760316
856.768,-22.927761687551623
856.886,-36.20566273174789
857.003,-38.69425601270958
857.121,-40.88036172092174
857.239,-40.31050243881975
857.356,-39.54612281530187
857.474,-33.873098649868965
857.592,-24.798687322385458
857.709,-12.673041131605377
857.827,-9.286926679317741
857.945,-3.735659183268976
858.062,1.3514887073154087
858.18,9.225395547474768
858.298,25.156271793363672
858.415,42.61708831108503
858.533,49.58024757907672
858.651,55.848220945653196
858.768,57.74671845883101
858.886,66.6079865347794
859.003,71.84068318215644
859.121,83.24567420182773
859.239,88.30694227777616
859.356,87.49288567839994
859.474,81.6078334080282
859.592,79.58858200345733
859.709,69.10179813135409
859.827,59.84411645548155
859.944,48.786152500369184
860.062,34.71890097119133
860.18,15.630018568332115
860.297,10.841893186346816
860.415,4.269511886595366
860.532,-1.2888350002237456
860.65,-4.953972188899094
860.768,-3.046781979129232
860.885,2.540790096407677
861.003,3.41864163569485
861.12,12.48439917422543
861.238,22.49284734860233
861.356,20.53420157639553
861.473,23.430249934846966
861.591,31.83551562644016
861.708,36.463388462460365
861.826,41.736239795353576
861.943,42.826010289470275
862.061,41.663437656323566
862.178,29.363108110920052
862.296,20.47640822151667
862.414,17.944294978326607
862.531,18.900843605791124
862.649,15.725578139801762
862.766,18.81378600674453
862.884,21.15063304727508
863.001,27.854886460042323
863.119,28.742320961693586
863.236,33.67131975518654
863.354,37.921438695
863.471,39.44518429184519
863.589,39.48013492478732
863.706,38.840626683270656
863.824,35.60891064954613
863.941,42.98845002707705
864.059,45.774915811534484
864.176,58.46614350075386
864.294,65.07858331118551
864.411,71.8936205242145
864.529,76.80476163334743
864.646,73.8492360758137
864.764,69.8729312975008
864.881,62.34511136767266
864.999,59.08136070191361
865.116,69.47215549069989
865.233,70.32009313662905
865.351,79.32041173493924
865.468,87.30687751939664
865.586,102.66130867181946
865.703,121.70318571168826
865.821,130.78835279484713
865.938,144.68131208579803
866.056,146.52665232913
866.173,138.37545577592522
866.29,129.18356658202782
866.408,123.16570336215645
866.525,128.9625587570038
866.643,132.79924099167795
866.76,132.63852062894932
866.878,135.20940199782228
866.995,131.42876821518
867.112,130.41090499530802
867.23,130.56793355032775
867.347,135.03751621790147
867.465,139.1105620889383
867.582,141.6156425920099
867.699,137.77180534616372
867.817,136.02753519988462
867.934,140.946468516809
868.051,143.8991680674997
868.169,153.09948666580942
868.286,168.2608442251581
868.404,182.74254810485297
868.521,199.41213077242662
868.638,213.1457827040693
868.756,217.81363376991092
868.873,221.62434197860955
868.99,232.69219304445085
869.108,241.21026056050863
869.225,258.05213760037606
869.342,283.8741012203299
869.46,318.2830778272968
869.577,359.4020111442203
869.694,385.88631242651184
869.812,406.7472370854266
869.929,430.5648717010513
870.046,434.1894327236025
870.164,433.75771668987693
870.281,437.6177755479263
870.398,444.9635486916901
870.516,452.71624824238063
870.633,451.3598568839802
870.75,441.9220802441947
870.867,424.51633823644374
870.985,402.3737996918961
871.102,374.41134772743516
871.219,356.64629836037676
871.337,344.77995029201963
871.454,338.7742082842687
871.571,326.17712428517564
871.688,307.07094937699185
871.806,284.9136922177257
871.923,264.36942207144665
872.04,239.3273164273321
872.157,220.50685580486254
872.275,203.27687137286938
872.392,194.33952763351718
872.509,177.189196881178
872.626,163.27436396433674
872.744,150.4452453332096
872.861,141.55725224320787
872.978,124.50908599303273
873.095,107.03754311948084
873.213,95.43439851432728
873.33,88.49792057584055
873.447,71.35624783215917
873.564,58.23795171185439
873.681,47.996711868605814
873.799,40.43339410327932
873.916,23.97909788980206
874.033,18.09165888129681
874.15,21.94881373784824
874.267,19.145749265305877
874.385,11.567059236585564
874.502,9.975546887259163
874.619,7.391418699299185
874.736,8.095963553820603
874.853,8.381812125512345
874.97,10.500364115589198
875.088,9.878923327307305
875.205,8.7677342319996
875.322,7.529925577962136
875.439,4.865785704487899
875.556,0.4934579147794773
875.673,7.59711282591347
875.791,10.447086884815631
875.908,7.818630973751038
876.025,3.867972162364053
876.142,5.219509214848209
876.259,2.985741100152115
876.376,-0.9807790661575986
876.493,-7.793873504639303
876.61,0.4560392556802251
876.728,5.9240312949929965
876.845,7.540414926928204
876.962,5.38486973661512
877.079,4.993683833663327
877.196,6.102466115417033
877.313,5.915596541869767
877.43,4.259803086551997
877.547,4.511196407407879
877.664,1.2244049799093706
877.781,-4.485130460067506
877.898,0.15137658039146795
878.016,7.808168467562208
878.133,14.317313416899736
878.25,24.740178842990737
878.367,29.703240557222056
878.484,21.756919341684615
878.601,12.811705066169687
878.718,6.911280230249188
878.835,9.594178839624945
878.952,5.343724427953249
879.069,1.6792992262659154
879.186,0.3768767738385563
879.303,1.5621264166027904
879.42,-2.736748435342929
879.537,-3.6684436602392747
879.654,-4.7768434718126045
879.771,-5.453946744498122
879.888,-9.175397473760187
880.005,-11.633535512345984
880.122,-14.155383896757163
880.239,-16.74094262699374
880.356,-19.390211703055716
