wavelength_nm,intensity
792.446,0.31445392393947996
792.565,0.3349572354427459
792.684,0.34482394334886973
792.803,0.34405404765785136
792.922,0.3326475483696907
793.041,0.2883684078449116
793.16,0.2558693472787951
793.279,0.23390673628138037
793.398,0.2170108131276508
793.518,0.21261632471411268
793.637,0.2220357189226615
793.756,0.23016355627365187
793.875,0.24955042685865717
793.994,0.28409312115847435
794.113,0.3025312934618099
794.232,0.3183556299554151
794.351,0.32522140365967644
794.47,0.3141430163419899
794.589,0.28393582403405265
794.708,0.2535184925989579
794.827,0.23153130392585206
794.946,0.22358042583983628
795.066,0.2036614485761224
795.185,0.1977333131994701
795.304,0.20714164745395808
795.423,0.21046946474251
795.542,0.21516625856704671
795.661,0.2145628766288344
795.78,0.20756684124341113
795.899,0.21098805369958848
796.018,0.19819045796732132
796.137,0.19607186232276308
796.256,0.18935232578886285
796.375,0.19474835448680655
796.494,0.18763926179320517
796.613,0.19218121626088905
796.732,0.18924909955096114
796.851,0.199909666381902
796.97,0.1978672615319857
797.089,0.18916430656982744
797.208,0.17376762163324455
797.327,0.180667804083473
797.446,0.17891295803914062
797.565,0.1916945782822086
797.684,0.1983600439295887
797.803,0.2134163280578522
797.922,0.2247712142270617
798.041,0.2121382889219238
798.16,0.2030015379838207
798.279,0.1975317762588043
798.398,0.18916061991847372
798.517,0.17765212327619595
798.636,0.17470157330949987
798.755,0.17890189808507978
798.874,0.18782728101224092
798.993,0.1936177814050239
799.112,0.1940896727782898
799.231,0.20071704302834897
799.35,0.1924220774826602
799.469,0.18920608861850213
799.588,0.19031331290837847
799.707,0.18825124591790943
799.826,0.19112191843860993
799.945,0.18016396173180893
800.064,0.17610004305631372
800.183,0.17149541551561792
800.302,0.16455713766806845
800.421,0.16557342455788843
800.54,0.16570122847148117
800.659,0.17444596548231397
800.778,0.1873541607551904
800.897,0.19940582403023788
801.016,0.21937395664533374
801.135,0.2250956395461822
801.254,0.23296786906998698
801.373,0.22404863056174862
801.492,0.20623718898853177
801.611,0.20049215729577693
801.729,0.19328229613184283
801.848,0.20394163407899898
801.967,0.22093218128413866
802.086,0.232756501059045
802.205,0.24627913822419456
802.324,0.24491630610713253
802.443,0.22336045564240248
802.562,0.19911089192194664
802.681,0.17292583624083013
802.8,0.15255954527954113
802.919,0.13764092685884727
803.038,0.12695870336949805
803.157,0.11752743257318524
803.276,0.11053718528037998
803.394,0.09207160639303881
803.513,0.07350010312175634
803.632,0.060064815303901425
803.751,0.04912449461516884
803.87,0.039854510018051986
803.989,0.03307041405900349
804.108,0.033486079135866736
804.227,0.04644880564851733
804.346,0.04417965402464791
804.465,0.05642396963062252
804.583,0.05255009964636258
804.702,0.05770273877079818
804.821,0.04934180317623061
804.94,0.04188046287031347
805.059,0.04646751029837748
805.178,0.05303159382555503
805.297,0.049638731127616305
805.416,0.0644857113345363
805.535,0.06558139390281945
805.653,0.07775404883955754
805.772,0.07056345120037048
805.891,0.06945424177516864
806.01,0.07266972333968894
806.129,0.07970474445029398
806.248,0.09460701075865552
806.367,0.11536199158555012
806.485,0.1405067934781617
806.604,0.1765350878284066
806.723,0.20956503689370926
806.842,0.23807548752005264
806.961,0.2528150664567679
807.08,0.2612381827409143
807.198,0.26598447874169767
807.317,0.257789399607422
807.436,0.2558124724229515
807.555,0.2547338592849846
807.674,0.25167551437011315
807.793,0.2414675235967505
807.912,0.234518532620005
808.03,0.24531093684075744
808.149,0.25487445727696345
808.268,0.28112621950731076
808.387,0.3144342324285241
808.506,0.3401575746315164
808.624,0.35638533183131793
808.743,0.364694161923502
808.862,0.37396643690277054
808.981,0.37084419003110314
809.1,0.3565169808119407
809.219,0.3434923884043975
809.337,0.31112393634430785
809.456,0.27412382130026247
809.575,0.24893327942570886
809.694,0.2260493524147491
809.812,0.21870588974316413
809.931,0.21477135068991104
810.05,0.22632443397329727
810.169,0.24643177728091176
810.288,0.2630921015728731
810.406,0.2793112565861823
810.525,0.2964963142541449
810.644,0.3031682711453123
810.763,0.30952563378763587
810.882,0.3113348975433531
811.0,0.31382373403192465
811.119,0.324611222717539
811.238,0.3326988537285049
811.357,0.3356583527065582
811.475,0.33644518515353317
811.594,0.33301325956815986
811.713,0.32533185385582475
811.832,0.33338016058568487
811.95,0.3418303123130919
812.069,0.3493170191534146
812.188,0.34850507379669526
812.307,0.3589263551145154
812.425,0.37488990230064023
812.544,0.3701209511576813
812.663,0.3721108608297281
812.782,0.3896608969817027
812.9,0.4022929402279221
813.019,0.41033387365507584
813.138,0.414168337887727
813.257,0.43544803632579987
813.375,0.4539283375026757
813.494,0.4534973461191655
813.613,0.4662141823465181
813.731,0.47644744444530207
813.85,0.49608166749586646
813.969,0.499606453014811
814.088,0.5103288108598445
814.206,0.5241737624014106
814.325,0.5360365243985032
814.444,0.5291191969987803
814.562,0.5292281951556171
814.681,0.5185282788780795
814.8,0.5399142008471141
814.918,0.5334619010768807
815.037,0.5436471414976859
815.156,0.5575887622799135
815.274,0.5597499857355421
815.393,0.5387845278818539
815.512,0.5263523227022828
815.631,0.5061661746696929
815.749,0.5089966408503688
815.868,0.4873268510185412
815.987,0.4831502218597329
816.105,0.4846375180638993
816.224,0.48229438351163423
816.343,0.4750774958698576
816.461,0.463630790241672
816.58,0.4501404508797854
816.698,0.43421569274071253
816.817,0.41600152411102975
816.936,0.4038482103067304
817.055,0.3905938166314775
817.173,0.38326264279773914
817.292,0.36958919975195637
817.41,0.3486591979584267
817.529,0.33552154824270647
817.648,0.31575775716071164
817.766,0.3142699257224922
817.885,0.30671140838861277
818.004,0.3070546137893673
818.122,0.30343098233360616
818.241,0.2959953533781817
818.359,0.29774685959602687
818.478,0.29411585483755853
818.597,0.28549926856518504
818.715,0.29366554813836276
818.834,0.30515405060065387
818.953,0.30449346607252975
819.071,0.3173156457047883
819.19,0.3530036394900099
819.308,0.4605539209780637
819.427,0.6084389018736576
819.546,0.7685761894027852
819.664,0.8827619223139052
819.783,0.9334875937543041
819.901,0.8766757898666251
820.02,0.755346106872433
820.138,0.5996822181609774
820.257,0.48094617355668356
820.376,0.3896797575223051
820.494,0.34236024592536596
820.613,0.30838345752507007
820.731,0.30183491914183014
820.85,0.28489510299672344
820.969,0.26768861907037006
821.087,0.2678708406953494
821.206,0.27562298643313504
821.324,0.2719981260935892
821.443,0.3053528365986164
821.561,0.3349877158878214
821.68,0.3587006042192967
821.798,0.3636263172526256
821.917,0.35104535189130526
822.035,0.3314757244472692
822.154,0.3040154342226601
822.273,0.27345589909342494
822.391,0.2654979945295686
822.51,0.25907127916125694
822.628,0.25309556414187373
822.747,0.26204710045337665
822.865,0.2683000079740154
822.984,0.2707949888815111
823.102,0.2667719701957723
823.221,0.27014068747408077
823.339,0.2756845290510363
823.458,0.2893611235141203
823.576,0.29241033100844627
823.695,0.3019222383257022
823.813,0.31293215497632043
823.932,0.3135432570421064
824.05,0.3030145276009787
824.169,0.2985306774960353
824.287,0.2875484899384101
824.406,0.27353341720052393
824.524,0.26112326668525526
824.643,0.25746031094838845
824.761,0.25943424513123614
824.88,0.2636656388262959
824.998,0.27489061013920973
825.117,0.2865739551037595
825.235,0.29067754488522685
825.354,0.2845371594387146
825.472,0.28032980818529396
825.591,0.2840831660881654
825.709,0.2815643011547116
825.828,0.27218826470348845
825.946,0.2674524934227129
826.064,0.25945526457775087
826.183,0.2511950546028958
826.301,0.24883102902629475
826.42,0.24342551608294088
826.538,0.2637208786095922
826.657,0.2717089700340103
826.775,0.2674278857535163
826.894,0.26876525813596897
827.012,0.2519335837639018
827.13,0.24874374828408508
827.249,0.2394844557923933
827.367,0.22738152622326072
827.486,0.23099970690983118
827.604,0.22818836763565437
827.723,0.22789624011979775
827.841,0.219434493204276
827.959,0.21727200456833956
828.078,0.22814797288644142
828.196,0.2412101254572514
828.315,0.2631325301146417
828.433,0.2866414237378817
828.552,0.30950146672288137
828.67,0.31801306263951623
828.788,0.3139310575321187
828.907,0.31141956590137193
829.025,0.29278389013359085
829.143,0.2739305694465851
829.262,0.23148117503167576
829.38,0.19113111140301509
829.499,0.15311697206638702
829.617,0.12178271923207863
829.735,0.11324711404405952
829.854,0.1023887820781556
829.972,0.10250776441806925
830.091,0.1095204071884652
830.209,0.11702431315520477
830.327,0.14350999961105
830.446,0.1816651242398385
830.564,0.22719312811009373
830.682,0.2756045372882856
830.801,0.3139366119563396
830.919,0.3397598785814949
831.037,0.3571775801203523
831.156,0.3656453210563576
831.274,0.3626033364663005
831.392,0.335976614283227
831.511,0.30049701331628087
831.629,0.25976639193796763
831.747,0.21431931459456477
831.866,0.17944923998475343
831.984,0.16242378681034167
832.102,0.17019229287293977
832.221,0.16951033640470853
832.339,0.16936215391782877
832.457,0.16982910796842032
832.576,0.1656178125019745
832.694,0.14882392222349827
832.812,0.14505187529582814
832.93,0.13522697826491853
833.049,0.12866589637077516
833.167,0.10645554881442736
833.285,0.10649297004149702
833.404,0.10307340639077892
833.522,0.12204329601788026
833.64,0.12590907100180226
833.759,0.13711565720584118
833.877,0.13912833258995735
833.995,0.14284573958181718
834.113,0.14347614308614404
834.232,0.15468462558234536
834.35,0.17360310254135503
834.468,0.1946243034618368
834.586,0.20705360769349232
834.705,0.22998126609652872
834.823,0.24557617495717626
834.941,0.2570481787206704
835.059,0.25522611770294035
835.178,0.23653394009095596
835.296,0.21980060323153844
835.414,0.1892521548662493
835.532,0.17275107704211104
835.651,0.16742669723842332
835.769,0.1610024664475665
835.887,0.16153494676102725
836.005,0.16547880846038887
836.124,0.17578214374477868
836.242,0.1848602818959755
836.36,0.20432863244551303
836.478,0.22274014294034056
836.596,0.25341837137251116
836.715,0.27322466496279896
836.833,0.29104999789239794
836.951,0.30654536716649705
837.069,0.32291570169519357
837.188,0.33053515479413464
837.306,0.33910945059366854
837.424,0.3527147966071358
837.542,0.3591188836431606
837.66,0.3671561572288476
837.779,0.37835903544352634
837.897,0.3918341197758315
838.015,0.38921574206571574
838.133,0.39255990847821964
838.251,0.39599255452321114
838.369,0.40866763551177676
838.487,0.4020615299208081
838.606,0.40666530221247227
838.724,0.4135105585271491
838.842,0.42091864361514797
838.96,0.40408576716918265
839.078,0.4067737096407384
839.196,0.41088101288344525
839.315,0.41823134043357035
839.433,0.42808613313660127
839.551,0.42134116367797814
839.669,0.4209384634313995
839.787,0.420167098049457
839.905,0.4049624926180161
840.023,0.39829002730268126
840.142,0.3872193869224546
840.26,0.3820486175918357
840.378,0.38638326433468423
840.496,0.3775922033747917
840.614,0.38151148739846363
840.732,0.39213924800197486
840.85,0.3885389921480066
840.968,0.38265301245478145
841.087,0.3811701233615863
841.205,0.3818168898670101
841.323,0.3841128184112952
841.441,0.37840994240196735
841.559,0.38479190952986964
841.677,0.3947118330734815
841.795,0.40749505583508655
841.913,0.41835015993873803
842.031,0.4421380369909568
842.149,0.4653471097806542
842.267,0.48095799413050055
842.385,0.49366748386503256
842.504,0.4875824249987104
842.622,0.48592257664054017
842.74,0.49610548131404464
842.858,0.4971344306764621
842.976,0.5029916644283626
843.094,0.5139966923537285
843.212,0.5321095840889115
843.33,0.5491619491180311
843.448,0.5340040412704022
843.566,0.5300007115351018
843.684,0.5231389981169462
843.802,0.5197451947387804
843.92,0.5075562701146153
844.038,0.5045827449907644
844.156,0.5139533574826831
844.274,0.5313793031823042
844.392,0.5463351924749867
844.51,0.5578305450303862
844.628,0.5675317272603478
844.746,0.5781840655395485
844.864,0.5686483010062197
844.982,0.5538307939669099
845.1,0.5405432472393605
845.218,0.5195211059718756
845.336,0.49043257154262754
845.454,0.4573477070460342
845.572,0.42406253449255943
845.69,0.38209284023369455
845.808,0.34695205316555444
845.926,0.3258377456142278
846.044,0.3178737234413329
846.162,0.29992133386764436
846.28,0.28114190550695617
846.398,0.26684052965715555
846.516,0.24794312845315086
846.634,0.21098605115145103
846.752,0.19040876581397131
846.87,0.16716603154781023
846.988,0.1576106048739277
847.106,0.13699691973559383
847.224,0.12639259150853116
847.342,0.13014778132590143
847.46,0.11756414024316371
847.578,0.10080078565435027
847.696,0.09459133172062308
847.814,0.08255796037982052
847.932,0.07044787494066508
848.05,0.05829880095618732
848.168,0.06255967779964827
848.285,0.07654627633153019
848.403,0.07915030562367231
848.521,0.09534251516224718
848.639,0.11064378353395259
848.757,0.1310990190805106
848.875,0.1310904480583564
848.993,0.14603273909466014
849.111,0.1579903898292781
849.229,0.16237565868352055
849.347,0.17453853301015754
849.465,0.1934639548031537
849.582,0.20989597139730468
849.7,0.2259617806236607
849.818,0.22919189872042853
849.936,0.23716919487689928
850.054,0.25155020443464154
850.172,0.25245527441104687
850.29,0.26323934113142133
850.408,0.2687687007890747
850.525,0.28447321818277316
850.643,0.3016167584881756
850.761,0.2992493109463334
850.879,0.2917328403472415
850.997,0.3017758901455343
851.115,0.2922501945587089
851.233,0.2886083945322921
851.35,0.28692297749087325
851.468,0.2969918338486415
851.586,0.3076100012581019
851.704,0.3059921728248327
851.822,0.31993815752284493
851.94,0.350565010712291
852.057,0.38924965487700847
852.175,0.4344363231457614
852.293,0.5027591864261709
852.411,0.5655643615139665
852.529,0.6233962439257024
852.647,0.6747076689766341
852.764,0.7270390675687397
852.882,0.7690933110706828
853.0,0.8003505816416008
853.118,0.8209128766356105
853.236,0.8453498422022956
853.353,0.8524828951987815
853.471,0.8563397440256666
853.589,0.8542315909623627
853.707,0.8478075980477319
853.824,0.8280686493275402
853.942,0.8049908233647358
854.06,0.779508071835574
854.178,0.7496382051955814
854.296,0.7147028795956885
854.413,0.6882185877821216
854.531,0.6598627059646904
854.649,0.6123079727812892
854.767,0.5592552135458273
854.884,0.5149902022536573
855.002,0.4598962670520638
855.12,0.39898233824685825
855.238,0.34667059593347804
855.355,0.3093512357915654
855.473,0.273145244358452
855.591,0.23209990858179474
855.708,0.20105768681134611
855.826,0.18131873809115606
855.944,0.14650063021625848
856.062,0.11563552563260515
856.179,0.09857869614240436
856.297,0.07995806576214456
856.415,0.06314600383749802
856.532,0.05186420109006696
856.65,0.03776852930260192
856.768,0.0327849725505017
856.886,0.01892288685605873
857.003,0.019813383356394015
857.121,0.019520146617901683
857.239,0.017492402153549524
857.356,0.024386358215365053
857.474,0.02834227541169983
857.592,0.03514300004952581
857.709,0.04638148637957888
857.827,0.05381490188667602
857.945,0.06538157732236306
858.062,0.07477857472144152
858.18,0.0825521554477146
858.298,0.10031852352949981
858.415,0.10831135963602492
858.533,0.12079083117998873
858.651,0.13738703363808746
858.768,0.14957645884480258
858.886,0.16485529788586759
859.003,0.16916880691742467
859.121,0.17032285573891293
859.239,0.1793233275247304
859.356,0.16886196681468527
859.474,0.15276617395249437
859.592,0.1464314049909562
859.709,0.13560506579690063
859.827,0.12502559529592308
859.944,0.10349586466820894
860.062,0.09973917026711819
860.18,0.0978053416159784
860.297,0.09405346092060649
860.415,0.07689721019185775
860.532,0.0757342153631423
860.65,0.07427205058328307
860.768,0.06953544062469816
860.885,0.06434366291821654
861.003,0.07570177547909215
861.12,0.08616956154225805
861.238,0.09238384883502662
861.356,0.09124806246892989
861.473,0.10274446881929902
861.591,0.11713333576229154
861.708,0.12080520623244634
861.826,0.13081441585707476
861.943,0.129329133249475
862.061,0.12583085824665352
862.178,0.10778655809040577
862.296,0.09443306813058933
862.414,0.0883511906889199
862.531,0.0958034637799248
862.649,0.08691267571400851
862.766,0.08912231190798423
862.884,0.07961439794864936
863.001,0.08748781044568284
863.119,0.07621300593073911
863.236,0.08564987511102548
863.354,0.09108128938888048
863.471,0.09797364195918946
863.589,0.09840105551093041
863.706,0.10426038392457013
863.824,0.10292136718743823
863.941,0.1117452362463143
864.059,0.11936543744051363
864.176,0.1428328278600623
864.294,0.14663267739818747
864.411,0.1493892046032325
864.529,0.14395890803562883
864.646,0.13983983046613618
864.764,0.13813796730084665
864.881,0.13780016513640386
864.999,0.14843015074903843
865.116,0.16052127918149878
865.233,0.17356233477941369
865.351,0.18189799436629991
865.468,0.18391227576547903
865.586,0.19531031374345514
865.703,0.21934004814278463
865.821,0.2314360921103833
865.938,0.24833707167555852
866.056,0.2617209858493618
866.173,0.26363572766199284
866.29,0.25385149584574107
866.408,0.23992346790799857
866.525,0.2351420219786356
866.643,0.23220881726123072
866.76,0.2292117105870295
866.878,0.23687885739512257
866.995,0.24239791534782848
867.112,0.24934616514196195
867.23,0.25018440475933035
867.347,0.25335506579976785
867.465,0.2617497118083128
867.582,0.2563636550569535
867.699,0.24507895613977085
867.817,0.23937830513956726
867.934,0.2369661471468099
868.051,0.2476047349459361
868.169,0.2477400530385434
868.286,0.26498143341203767
868.404,0.27408760313183433
868.521,0.28576459772890234
868.638,0.2957801414492633
868.756,0.3156845129838699
868.873,0.34700275710934425
868.99,0.38504176665250334
869.108,0.40663216673950775
869.225,0.43982077198506175
869.342,0.4652121096176685
869.46,0.5062446800599829
869.577,0.5377902676855983
869.694,0.5679902275671354
869.812,0.5995763683576405
869.929,0.6345198196475266
870.046,0.6681950628717606
870.164,0.6860975827213401
870.281,0.6982808774376407
870.398,0.7083087099958467
870.516,0.6949705462746859
870.633,0.659814779842687
870.75,0.6229164562042012
870.867,0.604791790142232
870.985,0.5960275318671533
871.102,0.5765252870827073
871.219,0.565636288744148
871.337,0.5532935208884701
871.454,0.5418330915900965
871.571,0.501024459749184
871.688,0.46652614614191745
871.806,0.4403879289209208
871.923,0.412711149201672
872.04,0.3755842531792607
872.157,0.33892433299497715
872.275,0.3164076362870391
872.392,0.30215026749503804
872.509,0.27518746925461085
872.626,0.2514062511323742
872.744,0.245136626939925
872.861,0.2421235447765238
872.978,0.2191693654412867
873.095,0.20456053588690512
873.213,0.1998577385197527
873.33,0.18737979344777494
873.447,0.1704496024243854
873.564,0.13436162422254688
873.681,0.11940396201423135
873.799,0.10627392983529214
873.916,0.08706457818517305
874.033,0.08029242233244185
874.15,0.08108429458287472
874.267,0.08424799509716926
874.385,0.08988951967010547
874.502,0.08556164146222084
874.619,0.08567311867696252
874.736,0.08481790431366325
874.853,0.08792816354725462
874.97,0.08030006331174175
875.088,0.07295509291741906
875.205,0.07543834444304608
875.322,0.07709651666698322
875.439,0.07661590504575351
875.556,0.07212438333509114
875.673,0.07191499707316605
875.791,0.07749944376416013
875.908,0.06973023839769452
876.025,0.0596679665605081
876.142,0.06575092340269292
876.259,0.06969144443479047
876.376,0.06703703148450171
876.493,0.062451193723071854
876.61,0.07000379901460693
876.728,0.08038559467015455
876.845,0.08726083378039654
876.962,0.08713682270704665
877.079,0.08901918825154626
877.196,0.09413707512126543
877.313,0.07967774612458811
877.43,0.0655669731711363
877.547,0.056091343777058864
877.664,0.0597438467071105
877.781,0.05612556825336157
877.898,0.06296989602510518
878.016,0.06831283838215214
878.133,0.08609478749203037
878.25,0.09135105866526899
878.367,0.09071923158415195
878.484,0.0793664858452802
878.601,0.07930823370525306
878.718,0.06788600087677049
878.835,0.06519755797682511
878.952,0.06625739639641083
879.069,0.07232828025746751
879.186,0.0685779112403995
879.303,0.05936869429651818
879.42,0.057014795493645604
879.537,0.05615998549570772
879.654,0.05090473531005506
879.771,0.05250294052949646
879.888,0.053507277530825965
880.005,0.0543722618981614
880.122,0.05446459764455981
880.239,0.05378428477002128
880.356,0.05233132327454579
