wavelength_nm,intensity
792.446,0.33962757467584687
792.565,0.36139457554509
792.684,0.37260318975800794
792.803,0.37325341731460066
792.922,0.36334525821486774
793.041,0.3326187964981285
793.16,0.2960842563796745
793.279,0.2584237761798241
793.398,0.23900897889334133
793.518,0.23507216518795374
793.637,0.23812617824425442
793.756,0.24701440151041515
793.875,0.27572189700652705
793.994,0.3094285210174169
794.113,0.33648971260036675
794.232,0.3373975088920276
794.351,0.3339890121774063
794.47,0.322429663652554
794.589,0.29729995354122285
794.708,0.2611358033990911
794.827,0.24725299628043862
794.946,0.24763702024361928
795.066,0.24585210413072928
795.185,0.24250155186025663
795.304,0.23904420002605908
795.423,0.24210275774464585
795.542,0.24242770109810638
795.661,0.2382738797685544
795.78,0.24680421087967996
795.899,0.24973324572311117
796.018,0.24411377080627233
796.137,0.2375240104913379
796.256,0.2307422381948131
796.375,0.23293731007902913
796.494,0.23253737979784697
796.613,0.22872099964304266
796.732,0.2311592109595685
796.851,0.23684571964512832
796.97,0.227491668494636
797.089,0.21589937116820904
797.208,0.2083450062830366
797.327,0.2135679594154079
797.446,0.20998335703719784
797.565,0.2198929931521735
797.684,0.23958387867254066
797.803,0.26522031862877893
797.922,0.27419489047837675
798.041,0.27464935670699303
798.16,0.26492377941460704
798.279,0.2571774025478444
798.398,0.23523463686468404
798.517,0.22756665542235766
798.636,0.21644586680811984
798.755,0.21321347575708724
798.874,0.21545172193302187
798.993,0.21233181127357198
799.112,0.21813193651628593
799.231,0.23103536891227058
799.35,0.2316159495193278
799.469,0.23586861725360367
799.588,0.2251261717746889
799.707,0.2223448384555579
799.826,0.21938512714169506
799.945,0.20699183308733204
800.064,0.20777237883498034
800.183,0.2119784637808229
800.302,0.20804392240657843
800.421,0.2177217807449598
800.54,0.2129737448214924
800.659,0.22386161949356437
800.778,0.23749333402090642
800.897,0.24271969564999238
801.016,0.2466621901832377
801.135,0.2498468622802655
801.254,0.25287360736284914
801.373,0.2596303840168
801.492,0.24486250391791747
801.611,0.24460118583646318
801.729,0.24612137537118428
801.848,0.24943557034336775
801.967,0.24759157362075762
802.086,0.26115057355152116
802.205,0.27050576086758504
802.324,0.26789826088089974
802.443,0.2429844222281612
802.562,0.224220647814171
802.681,0.20626809561826076
802.8,0.19557564142449385
802.919,0.17272820273113365
803.038,0.1654880819156696
803.157,0.14517783937890302
803.276,0.1281851635082193
803.394,0.10992210928257319
803.513,0.10022489506675214
803.632,0.08716628128865035
803.751,0.08362939038254222
803.87,0.06636697631506532
803.989,0.05720561979681553
804.108,0.0500321907803908
804.227,0.04927754585113245
804.346,0.046418759556614425
804.465,0.05174896828038699
804.583,0.05544296818955098
804.702,0.0726391817247512
804.821,0.07448944724992185
804.94,0.08090804966298429
805.059,0.09147829053796694
805.178,0.09639251745482824
805.297,0.09658048652943799
805.416,0.09996165114377759
805.535,0.10434423802268661
805.653,0.111406147193477
805.772,0.10784411019426492
805.891,0.10346258171201601
806.01,0.10595435277480333
806.129,0.122837892774953
806.248,0.14246074853008506
806.367,0.15995261991684676
806.485,0.1810575217561349
806.604,0.21682685327391998
806.723,0.242566772238995
806.842,0.2611783884082251
806.961,0.28479481392009054
807.08,0.3092735891007552
807.198,0.32488572816111816
807.317,0.3308120557240993
807.436,0.3206423256350669
807.555,0.31148037440799115
807.674,0.2862757653107647
807.793,0.26845509626297936
807.912,0.2676655491325851
808.03,0.27624368713954145
808.149,0.3003009448931645
808.268,0.3368503431058746
808.387,0.36768596465930775
808.506,0.39341452196866705
808.624,0.4002952286117425
808.743,0.41441444611110195
808.862,0.41327268765353065
808.981,0.39967400986959
809.1,0.3811000630478738
809.219,0.3592448700555489
809.337,0.3358672151973596
809.456,0.3150198010669909
809.575,0.29727866360921357
809.694,0.2878474411416826
809.812,0.28085442999067733
809.931,0.2741761367029888
810.05,0.2742898412019691
810.169,0.27812448794774447
810.288,0.2863549592898099
810.406,0.29204837291062563
810.525,0.3005640218111477
810.644,0.31236887004127933
810.763,0.32648922370621053
810.882,0.33779983991272233
811.0,0.35869401271517787
811.119,0.3669994709849655
811.238,0.37743864819810596
811.357,0.3750766479167005
811.475,0.3705968350099438
811.594,0.3646229643766113
811.713,0.35912741944889737
811.832,0.3633370008332816
811.95,0.3770983261776062
812.069,0.38222138468150857
812.188,0.40862596050593464
812.307,0.4246084895426204
812.425,0.43431824845883155
812.544,0.423770175234477
812.663,0.42750370324438547
812.782,0.4195006409002814
812.9,0.41543098376485
813.019,0.4277175661973144
813.138,0.4390122760858239
813.257,0.4578295382235025
813.375,0.47425858032980295
813.494,0.4727452957303368
813.613,0.496521920587789
813.731,0.5067736304816238
813.85,0.5257624536206049
813.969,0.5484290447146623
814.088,0.5443105324596542
814.206,0.5583184057330022
814.325,0.5569596396512658
814.444,0.5467603692573736
814.562,0.5542284735009351
814.681,0.5464583250989966
814.8,0.5510632921022766
814.918,0.5480673114319512
815.037,0.539923364556976
815.156,0.5463666474550084
815.274,0.5473540632785037
815.393,0.5521351359453726
815.512,0.5554721421708138
815.631,0.5388785319402931
815.749,0.5296075088183505
815.868,0.5308357917430132
815.987,0.5330127729199121
816.105,0.5273320330040376
816.224,0.5203776514824664
816.343,0.5167442819265081
816.461,0.5079493121790417
816.58,0.4901729535885481
816.698,0.47717985205423996
816.817,0.47607558706053077
816.936,0.4594592535185803
817.055,0.4388299831779492
817.173,0.4171781638229317
817.292,0.39437654490951546
817.41,0.37444260789866707
817.529,0.36235048566259076
817.648,0.3579104385508394
817.766,0.356011993822624
817.885,0.34471064282434005
818.004,0.3428519638911287
818.122,0.3322277675734829
818.241,0.3228431278943876
818.359,0.31746347185497237
818.478,0.31886899660879675
818.597,0.3269506302609928
818.715,0.33407660572792197
818.834,0.3189950119730453
818.953,0.31616611422804897
819.071,0.3356316046427693
819.19,0.406150688903795
819.308,0.5362240148777904
819.427,0.6928642173397752
819.546,0.8378335340241003
819.664,0.9278421398329588
819.783,0.9198953964851015
819.901,0.852537013635268
820.02,0.7262200953355613
820.138,0.5990451209699266
820.257,0.5045566771820038
820.376,0.4243183298624181
820.494,0.37276776373453596
820.613,0.34577157179908025
820.731,0.32595920450438776
820.85,0.3108869199741618
820.969,0.29366387401700955
821.087,0.301984102439229
821.206,0.3126300617863915
821.324,0.3236600450967345
821.443,0.3501202930341677
821.561,0.3826624352760566
821.68,0.4016807987198998
821.798,0.4020728637839093
821.917,0.3839011195745198
822.035,0.3605780006637661
822.154,0.3257807456460259
822.273,0.3123388587109595
822.391,0.2964814837707981
822.51,0.29140518393898374
822.628,0.28118887106152046
822.747,0.28420207009907394
822.865,0.28160374737878935
822.984,0.2745346131344931
823.102,0.27606966076347245
823.221,0.2890515765257212
823.339,0.29279760235691743
823.458,0.30449678718889667
823.576,0.30279149060784205
823.695,0.3173788083226775
823.813,0.32905299751208333
823.932,0.3239301148918356
824.05,0.3266547278742177
824.169,0.3245199607071212
824.287,0.3198208678450578
824.406,0.3081593523605947
824.524,0.29849976061318584
824.643,0.2934973115435211
824.761,0.3009301946543659
824.88,0.30257545034378375
824.998,0.313512268077259
825.117,0.3190182143787711
825.235,0.31922053979233245
825.354,0.3137113608777603
825.472,0.31058812966342286
825.591,0.2985482710436362
825.709,0.30137513892745593
825.828,0.3058596723801531
825.946,0.2974123692975772
826.064,0.2947810977757168
826.183,0.28759380231197945
826.301,0.2926475547160188
826.42,0.28261643682671583
826.538,0.2758313439753039
826.657,0.2820826148917469
826.775,0.2841312093590617
826.894,0.2772086404734934
827.012,0.2742671957506029
827.13,0.26988395691742756
827.249,0.2801549816259807
827.367,0.2655371633243693
827.486,0.2693865802225759
827.604,0.2709920701169902
827.723,0.25771947185208255
827.841,0.2493335217103701
827.959,0.23263083958498193
828.078,0.23371596564763047
828.196,0.2501927267079371
828.315,0.2694553657496608
828.433,0.31155720511049034
828.552,0.34787709787775056
828.67,0.3655127478210286
828.788,0.3688395285563266
828.907,0.3467446046284076
829.025,0.3259335477963292
829.143,0.2944883099363733
829.262,0.2516864562467151
829.38,0.20856968919370394
829.499,0.17429873222447712
829.617,0.14163131745261415
829.735,0.11687340069436672
829.854,0.11101701456730022
829.972,0.11691220456334496
830.091,0.13558877873059616
830.209,0.15419157765028646
830.327,0.1783072405182144
830.446,0.2127509958364157
830.564,0.2517289058686114
830.682,0.2879994350979821
830.801,0.3357562218110408
830.919,0.36142196981794583
831.037,0.39097794874180514
831.156,0.3994080650284418
831.274,0.3913569635343129
831.392,0.35263620860202155
831.511,0.31659907674970866
831.629,0.2746891050581031
831.747,0.2321486621536722
831.866,0.1976374342237308
831.984,0.1879139059014633
832.102,0.18731174282579094
832.221,0.17894419096271635
832.339,0.17061878527620933
832.457,0.18730383917095367
832.576,0.1869775933352454
832.694,0.18002302425388794
832.812,0.1855590875111906
832.93,0.1886958285865705
833.049,0.18451723334667058
833.167,0.17020768726862479
833.285,0.16451881479857694
833.404,0.16885977842670272
833.522,0.1642841532183377
833.64,0.16300001955547572
833.759,0.16441654857415713
833.877,0.16394435261701024
833.995,0.1699708484035975
834.113,0.17139575242319427
834.232,0.17438874673489446
834.35,0.19055785317974894
834.468,0.21222940948757357
834.586,0.23389528496754064
834.705,0.24790113216418225
834.823,0.269654492393158
834.941,0.2682403004528529
835.059,0.2575584059454926
835.178,0.24000498206145582
835.296,0.2253794568552785
835.414,0.21696421266314103
835.532,0.21027366780860177
835.651,0.19501416221350454
835.769,0.19927625346861502
835.887,0.187349121494846
836.005,0.20205825518027082
836.124,0.215527832227145
836.242,0.22984726112153137
836.36,0.2459629677845231
836.478,0.25982452195357875
836.596,0.26718493672228016
836.715,0.28326883074926934
836.833,0.2941922607503219
836.951,0.3144913290477262
837.069,0.33770693436727484
837.188,0.3550996911326787
837.306,0.35557039787555944
837.424,0.3671209912721026
837.542,0.3778194604899904
837.66,0.3800705386834751
837.779,0.38783542839564533
837.897,0.3964229019816109
838.015,0.4054750672863364
838.133,0.4196217990138491
838.251,0.41465368116576595
838.369,0.4217175567202961
838.487,0.41956599332406197
838.606,0.4128277295155194
838.724,0.411760068074535
838.842,0.4124693695874401
838.96,0.4198184227004275
839.078,0.43843255745523824
839.196,0.4430866258325318
839.315,0.4550257878545424
839.433,0.4494350512732558
839.551,0.44645067851308273
839.669,0.43604259990846467
839.787,0.424133646583842
839.905,0.4197597433296756
840.023,0.42064060584388363
840.142,0.4273511339056659
840.26,0.4300214571950506
840.378,0.4201894145352042
840.496,0.41765382717579047
840.614,0.4097350873384184
840.732,0.4004370424971964
840.85,0.38825768176654785
840.968,0.3900883786985643
841.087,0.3900148621326792
841.205,0.3845309251151186
841.323,0.38391772990275164
841.441,0.39503317188539655
841.559,0.4120771258203393
841.677,0.42797923335588406
841.795,0.44005814374319546
841.913,0.4563215519304904
842.031,0.462097015726896
842.149,0.47302271805909435
842.267,0.47105066882316604
842.385,0.4875867567476313
842.504,0.5033502520834491
842.622,0.5200090458896407
842.74,0.5328571403688854
842.858,0.5451473775525038
842.976,0.5522873762003293
843.094,0.5509390818631762
843.212,0.5359181710381055
843.33,0.539173619596834
843.448,0.5377071640402404
843.566,0.5355976387701552
843.684,0.5341073237365594
843.802,0.5340485773231048
843.92,0.5348862655455959
844.038,0.5296500126226316
844.156,0.5314591224087895
844.274,0.5427393083993085
844.392,0.5516539976698804
844.51,0.555419584570231
844.628,0.5687028304633757
844.746,0.5677056112878287
844.864,0.5725800957860029
844.982,0.5699115770547203
845.1,0.5544895997828967
845.218,0.5439031431835493
845.336,0.508191521135157
845.454,0.47738018119681835
845.572,0.4393189687464802
845.69,0.39127995024687373
845.808,0.3600982203322125
845.926,0.33952259602788104
846.044,0.3158122909116696
846.162,0.3171976109396431
846.28,0.2933089278287
846.398,0.28812266619088395
846.516,0.2634897946305821
846.634,0.2371629002031137
846.752,0.214666019917308
846.87,0.18809423300731298
846.988,0.1705671140250674
847.106,0.15967470831591463
847.224,0.13443793755778194
847.342,0.12417496850333691
847.46,0.11829555861027335
847.578,0.11311872543889627
847.696,0.10480294873647511
847.814,0.08815981356011406
847.932,0.09288695353812534
848.05,0.09290805369283525
848.168,0.09314782120321906
848.285,0.09943868412733736
848.403,0.11320270684326988
848.521,0.11870592618031314
848.639,0.11992583069102583
848.757,0.12299740204098486
848.875,0.1381627305899462
848.993,0.15900136750241972
849.111,0.18535585261954657
849.229,0.1960823485574215
849.347,0.21170685427420724
849.465,0.21727515851728862
849.582,0.22078018608245265
849.7,0.2256861057973261
849.818,0.23117942311268586
849.936,0.24521329702931505
850.054,0.26619823191262837
850.172,0.27530910040777284
850.29,0.28773530004067205
850.408,0.2892452208622107
850.525,0.29391595430377504
850.643,0.29540542414502613
850.761,0.2887190465334725
850.879,0.2891700610423359
850.997,0.292214941551026
851.115,0.298372915725737
851.233,0.29663794767495655
851.35,0.3090857344537151
851.468,0.32137673038360115
851.586,0.3301694725187142
851.704,0.34146859590464573
851.822,0.3548912127437864
851.94,0.3771861465310862
852.057,0.41094499093522907
852.175,0.45028127213006386
852.293,0.5164208353231088
852.411,0.5762069606400997
852.529,0.6360896600306714
852.647,0.6988195903435234
852.764,0.7524067963021897
852.882,0.8043272473674057
853.0,0.8442191135267232
853.118,0.8706451453321435
853.236,0.8907291009172251
853.353,0.8983016012285036
853.471,0.8965393652040058
853.589,0.885629860163036
853.707,0.8742738420524511
853.824,0.8452504493044124
853.942,0.8151272482831224
854.06,0.7810115614434395
854.178,0.7416820107959576
854.296,0.7072118402979541
854.413,0.6730836556369841
854.531,0.6394724263110653
854.649,0.6119703592633192
854.767,0.5706911484950742
854.884,0.5319660379316518
855.002,0.48482762131097257
855.12,0.43044274067500854
855.238,0.3883523076886834
855.355,0.33598980177006127
855.473,0.29821679795558986
855.591,0.25810556539488816
855.708,0.21823860843206752
855.826,0.18126546517996017
855.944,0.1488892478303051
856.062,0.13037823761530937
856.179,0.11701236057649181
856.297,0.08736758793496906
856.415,0.08152156031077554
856.532,0.06677097202533565
856.65,0.047591578865477824
856.768,0.03487483611631444
856.886,0.026083981933262744
857.003,0.0339302809005355
857.121,0.04570634144479658
857.239,0.038250630193388306
857.356,0.051547144675647506
857.474,0.05171304116753862
857.592,0.05688025712090737
857.709,0.0531939610408112
857.827,0.05294065401907537
857.945,0.07109084956744698
858.062,0.08826002395587038
858.18,0.09385577058505105
858.298,0.1123018665802068
858.415,0.12869539153848847
858.533,0.15425599219103742
858.651,0.17328126459070356
858.768,0.18391481807897214
858.886,0.1983658878876168
859.003,0.19758665820976218
859.121,0.18866680221182047
859.239,0.18397575447115228
859.356,0.17451508366115703
859.474,0.1702410086852437
859.592,0.17172502082589713
859.709,0.15835821278094553
859.827,0.15439544717163411
859.944,0.13587041839163344
860.062,0.11997676843549082
860.18,0.11280863542038187
860.297,0.10379834537191814
860.415,0.09546006400765912
860.532,0.08870238036975252
860.65,0.08808763767214248
860.768,0.0944498397286165
860.885,0.09098227685883395
861.003,0.10461527273328272
861.12,0.1161578651353467
861.238,0.11311304781023994
861.356,0.10775243170684945
861.473,0.1072660944178079
861.591,0.11465851151269246
861.708,0.11773458375134001
861.826,0.12239995918235357
861.943,0.13355014964560333
862.061,0.1298872965225356
862.178,0.12001676776856518
862.296,0.10808031858370301
862.414,0.10285061846121094
862.531,0.10532250031720042
862.649,0.10183427657646123
862.766,0.10373904946885712
862.884,0.10913144103576101
863.001,0.10395889120967569
863.119,0.10714586394764124
863.236,0.1040986380242397
863.354,0.11481463594893672
863.471,0.12229550744394807
863.589,0.12962358499638887
863.706,0.13537404941177522
863.824,0.14458556324116667
863.941,0.14635248662118605
864.059,0.1643824839922351
864.176,0.17021460778722614
864.294,0.18326251912707014
864.411,0.18373080525881852
864.529,0.18079741166937446
864.646,0.1686633492815959
864.764,0.163733712782955
864.881,0.15900744992161994
864.999,0.1697500813168078
865.116,0.16716889905454124
865.233,0.1796873572380468
865.351,0.18809516838371904
865.468,0.1949930154848138
865.586,0.2112051479413968
865.703,0.23733941433424227
865.821,0.25276759254646247
865.938,0.2664438034473674
866.056,0.2618254763153287
866.173,0.25136271348328615
866.29,0.24191454650662925
866.408,0.23696900368998708
866.525,0.23907791290703947
866.643,0.24876277415512338
866.76,0.25499028356901005
866.878,0.2622562483152848
866.995,0.2635039440291101
867.112,0.26250544040800006
867.23,0.2629316884136018
867.347,0.2583440377519953
867.465,0.2561627857709117
867.582,0.25376339000009224
867.699,0.2517048439007352
867.817,0.25360015399033903
867.934,0.25189836388044595
868.051,0.25915410313657766
868.169,0.2709829088181597
868.286,0.28141082235003234
868.404,0.2974218535004548
868.521,0.3101652724671269
868.638,0.33550195062875293
868.756,0.3580232105041019
868.873,0.3679398495287814
868.99,0.38568012467908835
869.108,0.4039248573431593
869.225,0.43296089060572107
869.342,0.46389545653832687
869.46,0.5020287675322126
869.577,0.5450782669541536
869.694,0.5853180289176754
869.812,0.6125895970476346
869.929,0.6345904930912178
870.046,0.6563789261729229
870.164,0.6700358222591128
870.281,0.6762247020435673
870.398,0.679552716918883
870.516,0.6686377601893678
870.633,0.6681437140820217
870.75,0.6542474588927845
870.867,0.6363905305211572
870.985,0.6190641914714397
871.102,0.5906715997549181
871.219,0.5659476866689006
871.337,0.5536511526043926
871.454,0.5394481327108398
871.571,0.5193313710174192
871.688,0.4920101834348607
871.806,0.4636664468379156
871.923,0.4333469183120618
872.04,0.3964137699942712
872.157,0.35777523715359805
872.275,0.3447174721561575
872.392,0.3270286962891181
872.509,0.30047442046734907
872.626,0.2934258351777862
872.744,0.2838720048029769
872.861,0.2703722713982079
872.978,0.24081170147414369
873.095,0.22085741145745363
873.213,0.21327028368698092
873.33,0.19555878450851152
873.447,0.1750034629044765
873.564,0.16510651052706232
873.681,0.1514761180815663
873.799,0.13067565990693525
873.916,0.10611999105645867
874.033,0.10487452016482865
874.15,0.10853203224119287
874.267,0.10460023155449205
874.385,0.09941904389447598
874.502,0.09706475486963964
874.619,0.09684333237002107
874.736,0.09022484290678903
874.853,0.08474488081714739
874.97,0.08563474902918906
875.088,0.09235470365577964
875.205,0.09044208186675076
875.322,0.08947288581218084
875.439,0.08891980295392163
875.556,0.08676264011019466
875.673,0.08304900646134647
875.791,0.08069106493380147
875.908,0.0747546431520119
876.025,0.07376552924391869
876.142,0.07286694943874189
876.259,0.07685490756447291
876.376,0.07342969721261153
876.493,0.07164892248181465
876.61,0.07958431505089705
876.728,0.07810685760602501
876.845,0.08165472328538098
876.962,0.0872590112980424
877.079,0.1055504794810961
877.196,0.10829382956279679
877.313,0.1070427187209378
877.43,0.10696470695738704
877.547,0.10460741802971328
877.664,0.09083640968500947
877.781,0.08380265877006671
877.898,0.07937074711806759
878.016,0.0934757062511041
878.133,0.09638220507970516
878.25,0.10571032969935266
878.367,0.10490466252709534
878.484,0.10622434010080536
878.601,0.09700591032664874
878.718,0.07992364849399855
878.835,0.07034354891531981
878.952,0.06869071393557882
879.069,0.07115936971681465
879.186,0.06265305083093466
879.303,0.06073793742668578
879.42,0.06061993185499409
879.537,0.05902912350919265
879.654,0.05623100088659122
879.771,0.05735265822049372
879.888,0.057156293279951
880.005,0.05735912792376314
880.122,0.05762885209969964
880.239,0.05796546580776055
880.356,0.05836896904794587
