wavelength_nm,intensity
792.446,0.2847338358328122
792.565,0.32779577259848663
792.684,0.355444640047759
792.803,0.36768043818062934
792.922,0.36450316699709717
793.041,0.32886762004424397
793.16,0.2812276878681376
793.279,0.25509104127366283
793.398,0.2381764670255106
793.518,0.22059852611252406
793.637,0.2201405479727634
793.756,0.2316563381332634
793.875,0.24895362391881998
793.994,0.2818336478023612
794.113,0.30394544472846574
794.232,0.3211776695526636
794.351,0.32188058307636314
794.47,0.29681680449174563
794.589,0.2638551354802248
794.708,0.2393781812529608
794.827,0.22808436378415547
794.946,0.22837267314233345
795.066,0.2273342491708427
795.185,0.22726280968386037
795.304,0.23161041274877497
795.423,0.22072864803524161
795.542,0.21128205158697502
795.661,0.2167726864436043
795.78,0.21272232267274058
795.899,0.2081973965954953
796.018,0.19995506578492808
796.137,0.19013723914537908
796.256,0.18549112108128907
796.375,0.1907419233744781
796.494,0.1881713775482448
796.613,0.19336222170057388
796.732,0.18509820390288712
796.851,0.19263251836925607
796.97,0.18883729562332865
797.089,0.18920852581461095
797.208,0.18914984337887567
797.327,0.19992572456706031
797.446,0.2040271165429114
797.565,0.21660301766202175
797.684,0.21709288842989943
797.803,0.23006936095815983
797.922,0.23587892209595945
798.041,0.2356990476733793
798.16,0.22941237281894886
798.279,0.2185790849001534
798.398,0.2019681284716755
798.517,0.18931823645533363
798.636,0.17895823513779507
798.755,0.16788894177093364
798.874,0.16191353896692534
798.993,0.16283204665669596
799.112,0.18029389840333648
799.231,0.19565849092500054
799.35,0.20422867795261093
799.469,0.20634124563908357
799.588,0.2033803340446979
799.707,0.18907712818676892
799.826,0.17660838629813186
799.945,0.17074396983997098
800.064,0.17970962545623265
800.183,0.1945971042612658
800.302,0.20659766236914473
800.421,0.20911717999039064
800.54,0.2030575806481535
800.659,0.19696353726754995
800.778,0.18932206357070774
800.897,0.2026212894955125
801.016,0.2237622748217345
801.135,0.2411909582351333
801.254,0.2638832009929679
801.373,0.2760113296133149
801.492,0.260085426836791
801.611,0.23727199209211144
801.729,0.2102321462693622
801.848,0.21485275023095862
801.967,0.21914167086013786
802.086,0.22831654211684727
802.205,0.24295780983281698
802.324,0.24659739655353327
802.443,0.22599348308480227
802.562,0.2023865597525709
802.681,0.17134355124857104
802.8,0.15380770860469897
802.919,0.13832272527822917
803.038,0.12366492030211483
803.157,0.12055120930365129
803.276,0.11406500489005476
803.394,0.10484453861970984
803.513,0.09975165656693072
803.632,0.07973151188166674
803.751,0.06253486933333903
803.87,0.04886810548070612
803.989,0.03676419137053616
804.108,0.040633697594852004
804.227,0.036112618337268004
804.346,0.0353592798959265
804.465,0.04431754966787853
804.583,0.04528889983260291
804.702,0.05665750559708379
804.821,0.06125297281918279
804.94,0.07243870959982993
805.059,0.07733941003619386
805.178,0.0751853046189375
805.297,0.059567808185962516
805.416,0.06744736867878345
805.535,0.07258627517803462
805.653,0.07875127399243395
805.772,0.07861018274342178
805.891,0.08006074722555241
806.01,0.08567913678907704
806.129,0.09913032780256455
806.248,0.1117255322559974
806.367,0.1469727992329498
806.485,0.1732791157722628
806.604,0.20237435774612877
806.723,0.23177466159844498
806.842,0.24955959047418608
806.961,0.27341304862803756
807.08,0.2892448729578915
807.198,0.30013716704497884
807.317,0.3041329992280378
807.436,0.28822145294044177
807.555,0.28347870501943195
807.674,0.2787831581880354
807.793,0.26438332247318674
807.912,0.27261704708043755
808.03,0.2747682096532068
808.149,0.28679588130126055
808.268,0.3141753884197316
808.387,0.33506793497919735
808.506,0.36375376414534244
808.624,0.38401483666809055
808.743,0.38975966057708766
808.862,0.40301328484996
808.981,0.3935351195061324
809.1,0.3835862189712973
809.219,0.37734451752878667
809.337,0.35017487351587584
809.456,0.32518158244567164
809.575,0.3028736506629217
809.694,0.2802863394578665
809.812,0.267786028673668
809.931,0.2670413406134094
810.05,0.2740963136854537
810.169,0.29155338634415107
810.288,0.2959957153208478
810.406,0.3128047297762071
810.525,0.32180260175314146
810.644,0.3361890521767304
810.763,0.35639526937911636
810.882,0.3798022307393282
811.0,0.3756348258295493
811.119,0.37165750098334804
811.238,0.3679748640209481
811.357,0.360411532069267
811.475,0.3487952849364728
811.594,0.35997206126636294
811.713,0.36733830638882947
811.832,0.379784409317778
811.95,0.37948111523065964
812.069,0.3796485563345489
812.188,0.40687880595343184
812.307,0.41688576068398975
812.425,0.4367041635284731
812.544,0.4440002448690826
812.663,0.4434405340519032
812.782,0.4419291472117113
812.9,0.43859988056884824
813.019,0.429411300288323
813.138,0.44964558300345187
813.257,0.4497454117357325
813.375,0.468507530736979
813.494,0.47516065669474866
813.613,0.5014953613161046
813.731,0.5265543608127792
813.85,0.540065677520837
813.969,0.5463348162360775
814.088,0.5529394653991095
814.206,0.5502761168313304
814.325,0.5531863239532848
814.444,0.5564511770999008
814.562,0.5635061501719454
814.681,0.5767789100216878
814.8,0.5812735429084964
814.918,0.5732369243555584
815.037,0.5730369623835389
815.156,0.5707014700328027
815.274,0.5700473570363966
815.393,0.5585255120828285
815.512,0.54324033701145
815.631,0.5363288903784805
815.749,0.5324421405961306
815.868,0.5220467432676553
815.987,0.5284128355723703
816.105,0.5170542808747605
816.224,0.5227353195275216
816.343,0.515594245972109
816.461,0.511312027601108
816.58,0.5008132981575341
816.698,0.49435472684382653
816.817,0.47858223241481923
816.936,0.4624920874097662
817.055,0.4382323267862526
817.173,0.41284739424277
817.292,0.3798184365921958
817.41,0.3643725226751068
817.529,0.3484099481825217
817.648,0.34459974070765287
817.766,0.351403399870134
817.885,0.3494672032234223
818.004,0.34303924883270687
818.122,0.333317423810064
818.241,0.31822743162276146
818.359,0.3127817701780512
818.478,0.30448235636942866
818.597,0.3053782250995105
818.715,0.31866374200049896
818.834,0.3113226631547069
818.953,0.3198287787876749
819.071,0.3620595031802216
819.19,0.4474295782343463
819.308,0.5837213660389957
819.427,0.7318966586431954
819.546,0.8626079855892597
819.664,0.9402034458263466
819.783,0.9116986167221959
819.901,0.8263240824159934
820.02,0.7037122339399527
820.138,0.5879988307423516
820.257,0.4935909785452318
820.376,0.4141940436086188
820.494,0.36471499574501154
820.613,0.3448514937003343
820.731,0.3149492893103546
820.85,0.30439187743104534
820.969,0.3044585378300835
821.087,0.30603053027624605
821.206,0.3114449465579493
821.324,0.31402857316798416
821.443,0.3339617894736876
821.561,0.3621679535129505
821.68,0.3798674101453364
821.798,0.3807415918882981
821.917,0.37663924793987713
822.035,0.3614331665862285
822.154,0.3369182649377791
822.273,0.3026199806881472
822.391,0.2880236863840965
822.51,0.2827260067338492
822.628,0.2746677011937914
822.747,0.2759501085766517
822.865,0.29598793270257984
822.984,0.31323834113107896
823.102,0.3058051311021157
823.221,0.29661272370621666
823.339,0.29775225211511297
823.458,0.3017353272469242
823.576,0.29572325272685573
823.695,0.30714368873556
823.813,0.3234998278716574
823.932,0.34005114989183116
824.05,0.33284756678531086
824.169,0.3279377014929679
824.287,0.3235253611992506
824.406,0.3089494781771956
824.524,0.2986114875793322
824.643,0.29398482882466764
824.761,0.2919121317296152
824.88,0.302535252035393
824.998,0.3055041415930816
825.117,0.31375317466182695
825.235,0.31737012242285373
825.354,0.31581281019817237
825.472,0.3098262497805968
825.591,0.3145900564487124
825.709,0.31992920612805914
825.828,0.32137745517712724
825.946,0.31461909315911923
826.064,0.30390094243409976
826.183,0.2939124950403983
826.301,0.2883941184035811
826.42,0.27801530524172735
826.538,0.28410074241901345
826.657,0.29991598258224533
826.775,0.2993116220857015
826.894,0.29653473576182526
827.012,0.2799827855016379
827.13,0.274316427070358
827.249,0.26017428379069435
827.367,0.24727467730247038
827.486,0.24136210778212722
827.604,0.24459379259550115
827.723,0.23435275558711383
827.841,0.22285770044116476
827.959,0.22364640994077406
828.078,0.23046537756475305
828.196,0.24458520561728447
828.315,0.2711061631868449
828.433,0.3026521232425258
828.552,0.3259468225517668
828.67,0.3350454752335521
828.788,0.3315503669244815
828.907,0.3296384086751407
829.025,0.30673599830429055
829.143,0.28179245973394973
829.262,0.24667812908459888
829.38,0.20861651656123165
829.499,0.17334647987579366
829.617,0.1519153783043657
829.735,0.1357597959936247
829.854,0.12051023030529374
829.972,0.12031936070813785
830.091,0.12280096061027562
830.209,0.1382210869668985
830.327,0.1611079247009376
830.446,0.18622843368620096
830.564,0.23110865184312113
830.682,0.2708177292088939
830.801,0.3151661131542099
830.919,0.34872585886009444
831.037,0.3553439880378304
831.156,0.3557098863995025
831.274,0.3452386697270051
831.392,0.31309194728104417
831.511,0.2811633704114035
831.629,0.25527270589688045
831.747,0.22944115456934078
831.866,0.19268375215148847
831.984,0.1672326710178527
832.102,0.16155937897839104
832.221,0.16488655583211015
832.339,0.1647749642159244
832.457,0.17487131177160414
832.576,0.18517488686006642
832.694,0.18408557023124605
832.812,0.16724753152269162
832.93,0.1590572996115734
833.049,0.13964935236666787
833.167,0.11323508644277194
833.285,0.09951301523216699
833.404,0.09952180771583244
833.522,0.10122597268309332
833.64,0.1192869955598269
833.759,0.127071441994025
833.877,0.14767697513819683
833.995,0.15060155117814217
834.113,0.15630602968407276
834.232,0.1691028396088704
834.35,0.17532897908606443
834.468,0.18946411261785728
834.586,0.21663695252389503
834.705,0.23977346141544034
834.823,0.2576974391675372
834.941,0.25069031166798345
835.059,0.23258965240419927
835.178,0.21463442352462853
835.296,0.19344655785911496
835.414,0.1827105442801172
835.532,0.18149766945686663
835.651,0.17940838521295988
835.769,0.17611993815185256
835.887,0.17765238075691658
836.005,0.18372888501609597
836.124,0.20327555968678718
836.242,0.22198409609056263
836.36,0.24864410253647806
836.478,0.2707332575206596
836.596,0.2782576870963526
836.715,0.29111966691371344
836.833,0.2973288445058603
836.951,0.3065652703588764
837.069,0.31514981089318006
837.188,0.33238490787794917
837.306,0.35531857965467023
837.424,0.3777368665610198
837.542,0.38689419869630487
837.66,0.4025793139545851
837.779,0.4030350614344175
837.897,0.40744804621101177
838.015,0.4116263012446646
838.133,0.43072903053196643
838.251,0.4434264443882421
838.369,0.4558801985657037
838.487,0.46112877019896426
838.606,0.46031519107973834
838.724,0.45677925722444246
838.842,0.45018928530065894
838.96,0.4483206980433216
839.078,0.45541138787662244
839.196,0.472460231913187
839.315,0.48595751288263805
839.433,0.49656149462931143
839.551,0.4868600779064292
839.669,0.47859765656418785
839.787,0.4669826821542834
839.905,0.45273210095678706
840.023,0.4464074756989368
840.142,0.4442850231217873
840.26,0.4434842010538075
840.378,0.44294872565176147
840.496,0.426868783305471
840.614,0.41801826190075075
840.732,0.41412640631566744
840.85,0.402243533829579
840.968,0.400844406058123
841.087,0.3979335677139199
841.205,0.404173362229057
841.323,0.4147020773733733
841.441,0.4145544163292301
841.559,0.43556177336768026
841.677,0.44132700557643567
841.795,0.44964109662430474
841.913,0.4614416897779284
842.031,0.4804512925911274
842.149,0.5001714631587739
842.267,0.5109183238794106
842.385,0.5206114521670603
842.504,0.5275898799493877
842.622,0.5148497336195128
842.74,0.504733712731108
842.858,0.5082434982794262
842.976,0.5170946611847858
843.094,0.5323447609955477
843.212,0.5466457361935466
843.33,0.5644497976639211
843.448,0.5690554139143409
843.566,0.5559134204701919
843.684,0.5480426406012269
843.802,0.551007700061307
843.92,0.5344761581008793
844.038,0.5334737746231997
844.156,0.5389213562559095
844.274,0.5539443805544789
844.392,0.5658610628744488
844.51,0.5710930503410875
844.628,0.5907060616782609
844.746,0.5897304680081996
844.864,0.567978740677575
844.982,0.5596129872202336
845.1,0.544110939295424
845.218,0.5325661286673764
845.336,0.49902816168981956
845.454,0.4716901216182148
845.572,0.4320900038881713
845.69,0.3800504854873584
845.808,0.3363630085378353
845.926,0.30585611693652154
846.044,0.29035917183221027
846.162,0.28229576048941807
846.28,0.27217208537026516
846.398,0.26936457914116074
846.516,0.25716022896365226
846.634,0.24102798270724954
846.752,0.2279931484935736
846.87,0.19031549925623154
846.988,0.17138392434450475
847.106,0.1503393700251515
847.224,0.13157916850389167
847.342,0.11757960799583825
847.46,0.09948365203205559
847.578,0.08064105319050302
847.696,0.07474962077867917
847.814,0.062468057763140745
847.932,0.06842176574615913
848.05,0.07670533941455043
848.168,0.0862348769936125
848.285,0.09414927723412586
848.403,0.09191663837185007
848.521,0.10187727014531528
848.639,0.11348594964024308
848.757,0.11920520018060034
848.875,0.1344527836127755
848.993,0.14455099226048782
849.111,0.16335597424356
849.229,0.1723753758102622
849.347,0.17780621886123518
849.465,0.20549046210715255
849.582,0.2133132522669035
849.7,0.215536972634427
849.818,0.24147222415440545
849.936,0.25377401500691243
850.054,0.27672284083001114
850.172,0.2896905497576018
850.29,0.29534591691051804
850.408,0.3012270838705031
850.525,0.29765144874122407
850.643,0.29226558804002195
850.761,0.2954703256484249
850.879,0.2935186631428651
850.997,0.3007482504196381
851.115,0.31558359164976246
851.233,0.31484257330752563
851.35,0.3117159863821345
851.468,0.3171965819329695
851.586,0.32660762497294826
851.704,0.3315957983456562
851.822,0.3505248773208838
851.94,0.38517064343218743
852.057,0.4304749258602052
852.175,0.4761172701462633
852.293,0.5453869490465477
852.411,0.6196280508177159
852.529,0.6943666775875097
852.647,0.7540698437578073
852.764,0.8210317720875424
852.882,0.8613837672215461
853.0,0.8966686616003146
853.118,0.925627334265787
853.236,0.9556397393642464
853.353,0.9674618650898721
853.471,0.9777123221018901
853.589,0.9649669185363995
853.707,0.9522100336247867
853.824,0.9241153459991285
853.942,0.8919639160769832
854.06,0.8593353724382069
854.178,0.8205796170855854
854.296,0.7742614817538519
854.413,0.7380507581249699
854.531,0.6809388817333057
854.649,0.6288558349431355
854.767,0.5825951063420114
854.884,0.5315262451259626
855.002,0.48299476140290504
855.12,0.43121405672728375
855.238,0.3849597066517828
855.355,0.3464488866830986
855.473,0.3122244359333445
855.591,0.2605861122854549
855.708,0.22628070089572705
855.826,0.18944521935398664
855.944,0.15265584746299293
856.062,0.12383965955963525
856.179,0.10386994432465003
856.297,0.09067517815254647
856.415,0.07910047277678839
856.532,0.05550595444401389
856.65,0.04926737822768423
856.768,0.03658550708457141
856.886,0.03032102694324433
857.003,0.03149981595574426
857.121,0.03314869424011608
857.239,0.028551392214982485
857.356,0.02429147246147518
857.474,0.02274678332658442
857.592,0.02582426445771461
857.709,0.031230557463570997
857.827,0.04771986739422247
857.945,0.06867737485072359
858.062,0.08188397653505824
858.18,0.09367540948412961
858.298,0.10541538538139833
858.415,0.11201535674354123
858.533,0.12360124615674786
858.651,0.1342826956540514
858.768,0.1511575343861979
858.886,0.16145826547652695
859.003,0.16808496580777313
859.121,0.1669949258398205
859.239,0.16151008171733983
859.356,0.1529558910648754
859.474,0.15210823507061189
859.592,0.14775621709884837
859.709,0.14885528712484886
859.827,0.14117695715605139
859.944,0.12684629628653948
860.062,0.1120667259913842
860.18,0.09191196439001881
860.297,0.08298710506037377
860.415,0.07141706404368828
860.532,0.06420812557070756
860.65,0.0625291987590374
860.768,0.055114871820057906
860.885,0.057209636111968235
861.003,0.0733737270088656
861.12,0.084068460889304
861.238,0.10465065202267183
861.356,0.10126076663265965
861.473,0.10515621633305922
861.591,0.1107318673153608
861.708,0.1110473321559613
861.826,0.12393993567167606
861.943,0.1308454038999086
862.061,0.135817288762203
862.178,0.13282492464963658
862.296,0.11393764276873164
862.414,0.10933667280624737
862.531,0.1085883803486751
862.649,0.10306302860000849
862.766,0.10396424787263428
862.884,0.10252749330027656
863.001,0.10364559950114878
863.119,0.10473034666198114
863.236,0.1053282996679928
863.354,0.1094305441126095
863.471,0.11356714861733277
863.589,0.11714241009455
863.706,0.11785822769376322
863.824,0.11342274799951266
863.941,0.11672697129670481
864.059,0.12880166732608217
864.176,0.1428230893757238
864.294,0.15240378188634912
864.411,0.1604931751062219
864.529,0.1654290252578824
864.646,0.1607651943463146
864.764,0.15424266106808582
864.881,0.14859781291563806
864.999,0.14831092628685263
865.116,0.15257192842755707
865.233,0.15717864665705011
865.351,0.15841750335738414
865.468,0.16939509297953698
865.586,0.1945687292291456
865.703,0.2271988619325176
865.821,0.24741765947786318
865.938,0.2677882659330459
866.056,0.28466599175685064
866.173,0.2855923007016377
866.29,0.2753064373055991
866.408,0.2652438223063797
866.525,0.26549273182996114
866.643,0.25733729599214117
866.76,0.2641943580615732
866.878,0.2642506361113283
866.995,0.27090486106593614
867.112,0.2779558303143199
867.23,0.2832539807213915
867.347,0.28746650606735924
867.465,0.2898420160337857
867.582,0.2856718830054713
867.699,0.27539750095555593
867.817,0.25392370361606165
867.934,0.24469157265301095
868.051,0.26107177347819094
868.169,0.27399736482573356
868.286,0.2912820405843127
868.404,0.31622860132172875
868.521,0.33505177746067333
868.638,0.34378667747363667
868.756,0.3550066510694796
868.873,0.38117406161121564
868.99,0.4149140577730612
869.108,0.4376638542857756
869.225,0.4631210159993452
869.342,0.49442601000445474
869.46,0.5404354191292055
869.577,0.5953664720434163
869.694,0.6319981727966331
869.812,0.6653927717959703
869.929,0.6845422095205518
870.046,0.6933514193570272
870.164,0.6955339789233446
870.281,0.7022108476439151
870.398,0.7214039782690169
870.516,0.7252070022699615
870.633,0.7179815554680344
870.75,0.6963942203724431
870.867,0.6785931780869066
870.985,0.6569867074144453
871.102,0.6295668484888102
871.219,0.6104645869760986
871.337,0.5841762784960558
871.454,0.5488725618998889
871.571,0.526805561677417
871.688,0.48543586721338927
871.806,0.4613787669964143
871.923,0.44026344279695506
872.04,0.41218149291161016
872.157,0.37943046226993093
872.275,0.34928697290310073
872.392,0.32491732493057884
872.509,0.30556247380317986
872.626,0.27773566494277085
872.744,0.26598401635847346
872.861,0.2642045547338116
872.978,0.25311882422459814
873.095,0.23163864835947978
873.213,0.20916342249710984
873.33,0.18821266425873437
873.447,0.16519781512862414
873.564,0.13926160126299325
873.681,0.12028053173712613
873.799,0.11755449690995107
873.916,0.11105297812981149
874.033,0.09802346976623552
874.15,0.09393493787885482
874.267,0.08620207531491456
874.385,0.08813099045998443
874.502,0.08716250230128698
874.619,0.08920501921185386
874.736,0.08348190645191239
874.853,0.08201536450896345
874.97,0.0691371570719452
875.088,0.06985855107122871
875.205,0.06852303845504093
875.322,0.07971708289266503
875.439,0.0801236075298356
875.556,0.07688916993142228
875.673,0.06314255887908232
875.791,0.06578308958575219
875.908,0.06134812453972875
876.025,0.06139420637406272
876.142,0.06999500622967877
876.259,0.07786138042527346
876.376,0.07320618917546423
876.493,0.06773976795978753
876.61,0.06157625443256373
876.728,0.06984138564838728
876.845,0.07014186779954162
876.962,0.07075088452593314
877.079,0.07774489326823256
877.196,0.08722258674891195
877.313,0.08985039213173793
877.43,0.09509443914780122
877.547,0.09328334215481446
877.664,0.1066780881111082
877.781,0.09723982455917102
877.898,0.09340786425312853
878.016,0.08831455758136049
878.133,0.0827377751606303
878.25,0.07361660186065688
878.367,0.07524401648572658
878.484,0.07010993220129763
878.601,0.072109569644916
878.718,0.07552798559329002
878.835,0.07523702092120749
878.952,0.07304438118897266
879.069,0.07530764711174684
879.186,0.0686159708172903
879.303,0.07907744331536777
879.42,0.07927871748532028
879.537,0.07903160307925786
879.654,0.08849778013887394
879.771,0.07535509426869236
879.888,0.06251188339042062
880.005,0.05766864276722882
880.122,0.05402016857522683
880.239,0.05156646081441473
880.356,0.05030751948479251
