wavelength_nm,intensity
792.446,195.17263061918482
792.565,206.44232758888177
792.684,210.58734923390338
792.803,207.6076955542497
792.922,197.50336654992043
793.041,164.04449209104604
793.16,143.2167864633405
793.279,122.31721936377343
793.398,112.73626698282108
793.518,105.71721936377341
793.637,108.570899017453
793.756,120.6081284546824
793.875,135.7388643854183
793.994,151.0618081083621
794.113,171.60466525121927
794.232,174.62457867113272
794.351,173.7206825672366
794.47,160.1657042122582
794.589,146.6566133031673
794.708,128.68085572740975
794.827,115.56050940706342
794.946,105.54232758888162
795.066,99.49990334645733
795.185,92.56310680966075
795.304,99.29384274039673
795.423,99.73886438541837
795.542,101.31375616031016
795.661,99.16137520792923
795.78,100.45921070576468
795.899,99.91808516463911
796.018,93.67392932048324
796.137,86.46267390922782
796.256,90.76137520792918
796.375,96.02198126853533
796.494,94.93280377935787
796.613,92.54146178801595
796.732,90.03929728585146
796.851,86.6730635196177
796.97,77.3224141689683
797.089,65.53280377935782
797.208,72.7128903594444
797.327,87.65228429883828
797.446,92.77695962351362
797.565,104.80639685295085
797.684,115.24016308671708
797.803,120.53973018628419
797.922,124.6237128702669
798.041,121.8540159005699
798.16,123.27392932048333
798.279,113.2332366797907
798.398,95.71808516463923
798.517,90.27219771875181
798.636,78.70942715598123
798.755,73.42717607373017
798.874,75.29297693953103
798.993,84.19167823823229
799.112,88.20120204775606
799.231,94.97263061918466
799.35,100.42457867113272
799.469,107.68605053260458
799.588,105.40120204775607
799.707,104.80293364948768
799.826,96.71808516463918
799.945,90.43237087892487
800.064,74.11721936377333
800.183,80.94232758888162
800.302,79.4012020477561
800.421,86.4808557274097
800.54,87.2583449048989
800.659,92.29644014299424
800.778,93.69903754559164
800.897,100.99600724256129
801.016,101.57522802178204
801.135,115.77782542437942
801.254,115.20899425554822
801.373,117.23237087892478
801.492,104.94925399580791
801.611,97.32241416896811
801.729,101.99254403909794
801.848,107.97522802178193
801.967,113.51895096550487
802.086,126.23410248065638
802.205,130.69384274039666
802.324,130.54838819494222
802.443,112.08691633347037
802.562,93.00466525121934
802.681,75.7182287329372
802.8,54.39092866226518
802.919,35.68001749518658
803.038,25.278827146402506
803.157,15.353118436963545
803.276,12.140814817442013
803.394,0.7601463844152914
803.513,-3.456417064490274
803.632,-13.62090611469874
803.751,-16.784416653675887
803.87,-19.346345799791493
803.989,-20.026940643698225
804.108,-24.470023238400454
804.227,-17.88155472902303
804.346,-17.751363777673973
804.465,-13.461972822843698
804.583,-15.482143138996816
804.702,-5.672646222767125
804.821,-0.41034103909963093
804.94,-4.809794521303312
805.059,-8.682130085067019
805.178,-4.923687447038361
805.297,-3.088420784204541
805.416,-6.166752623924103
805.535,-2.4162520250376045
805.653,1.3243176190734771
805.772,5.676252418882713
805.891,2.3029114527973986
806.01,9.823967390052537
806.129,19.305566640452643
806.248,38.28391859407853
806.367,43.14205924663247
806.485,63.04379921970602
806.604,80.01250028504832
806.723,103.02081569008874
806.842,115.21776153363422
806.961,141.83462079709312
807.08,154.84715105622303
807.198,169.56184581751756
807.317,165.2921249943965
807.436,163.76959031846155
807.555,155.62887382434485
807.674,150.4396724817433
807.793,140.08943217810287
807.912,144.84828278355346
808.03,149.09804247991326
808.149,161.66122208969307
808.268,176.56899044406157
808.387,192.1174514391226
808.506,209.150760919032
808.624,231.0178366327075
808.743,236.5100205714912
808.862,235.1390010470713
808.981,227.11516766983766
809.1,213.17271957398935
809.219,200.2250766729462
809.337,181.60816970263886
809.456,162.24234498341377
809.575,155.40985359752187
809.694,140.9435959778637
809.812,128.6383773192445
809.931,124.4353231627899
810.05,134.4071607812272
810.169,154.14003736070356
810.288,171.44780571507155
810.406,183.44128835515363
810.525,196.44775800822276
810.644,194.89145709852116
810.763,194.34814320180664
810.882,194.3580760583389
811.0,190.88748943435166
811.119,197.90608029954205
811.238,203.761034801096
811.357,209.49824038490107
811.475,210.40167973494
811.594,207.27654765640762
811.713,216.3072597337195
811.832,222.84619691925644
811.95,226.16262328228248
812.069,234.54571631197535
812.188,245.55478336764216
812.307,250.6850625445212
812.425,252.73395644001488
812.544,249.20362955628792
812.663,252.1737355729938
812.782,252.6001186459766
812.9,259.81091730337494
813.019,270.4875168265742
813.138,283.32082630648335
813.257,298.1255643578211
813.375,311.99004266889904
813.494,313.30560323105937
813.613,314.4038477759036
813.731,311.4847763034319
813.85,315.60293426818964
813.969,317.0500965619517
814.088,316.87821123666606
814.206,326.73143413648876
814.325,335.3058691575235
814.444,342.48203578028966
814.562,347.5188084636619
814.681,350.2473560388091
814.8,358.88499452304717
814.918,354.44471092936345
815.037,347.8156827469351
815.156,349.45765023550257
815.274,350.44766967212206
815.393,351.7892042602566
815.512,342.95671287436534
815.631,336.0177279819805
815.749,334.1107777216302
815.868,324.9432214006739
815.987,319.542764646817
816.105,321.9916585423108
816.224,329.857002654255
816.343,335.8262428700953
816.461,334.2422363326891
816.58,322.0608271978805
816.698,309.9616691453229
816.817,295.54389637415056
816.936,280.1131365899911
817.055,263.5931993166543
817.173,247.1754265454818
817.292,238.07800009465558
817.41,230.61087667413227
817.529,217.4286017384577
817.648,206.67230082875716
817.766,203.71773152078828
817.885,199.40991545957274
818.004,192.72980502606276
818.122,185.99514913800732
818.241,186.58603437549303
818.359,183.8098200458792
818.478,188.2526533353132
818.597,187.81669874595937
818.715,185.52100389686535
818.834,181.16930675075696
818.953,187.4519383880899
819.071,216.63474444769497
819.19,277.77885608705094
819.308,380.34948313035557
819.427,492.71812548923333
819.546,578.865130967017
819.664,615.9005484701031
819.783,603.7940749681886
819.901,544.5271598573325
820.02,460.2953792863856
820.138,378.5472673572994
820.257,314.88124022874314
820.376,260.89779491582317
820.494,215.70029977518254
820.613,187.75092527240943
820.731,172.6526330207186
820.85,161.9889728036599
820.969,159.6889489502376
821.087,156.04693375482404
821.206,164.66206141655329
821.324,175.88584708694054
821.443,191.62132106901606
821.561,212.09618899048542
821.68,231.7225720634698
821.798,236.20609799359704
821.917,228.33551136961165
822.035,218.23548751618875
822.154,202.02637275367496
822.273,186.51163028553333
822.391,172.35619517669898
822.51,162.033660500765
822.628,159.5795240932291
822.747,151.33491149521723
822.865,144.296359503266
822.984,144.3920066455138
823.102,137.6841905842985
823.221,140.15386370057234
823.339,143.79669699000635
823.458,152.13303677294687
823.576,161.24253672904752
823.695,171.28969902281074
823.813,170.11002148973427
823.932,166.92428335059714
824.05,158.09698676990175
824.169,160.4004261199422
824.287,167.024211790329
824.406,166.07916629188458
824.524,170.65966191898121
824.643,160.74491945083992
824.761,154.89424624676786
824.88,148.0072094063323
824.998,147.01108165680608
825.117,161.08162057394654
825.235,166.65778719671468
825.354,175.99326117879002
825.472,183.76163559376562
825.591,176.46680654553774
825.709,178.78496451029673
825.828,172.02866360059684
825.946,165.07928909782342
826.064,161.2026418677773
826.183,152.94071325244985
826.301,152.50649026482796
826.42,146.38655299149178
826.538,144.0579577094977
826.657,142.47654857468993
826.775,139.5903775351202
826.894,134.87476926611325
827.012,136.52626056420576
827.13,135.09982978437623
827.249,131.5660396971873
827.367,122.381167358916
827.486,116.88806991241974
827.604,116.4512495222007
827.723,109.27070618825871
827.841,109.84081220496608
827.959,118.52347233422759
828.078,127.20872986608657
828.196,136.37190947586777
828.315,150.3281626787226
828.433,164.21342021058183
828.552,182.5705392143028
828.67,193.95016904053463
828.788,204.014647351615
828.907,197.2505542341239
829.025,180.49252172269343
829.143,148.76056170616073
829.262,123.04671786186051
829.38,93.23514717211631
829.499,71.23877527757423
829.617,59.86603869323254
829.735,57.21331853157322
829.854,54.98617629601152
829.972,58.16169154323427
830.091,59.789327684065036
830.209,68.22253345590082
830.327,80.47667973300784
830.446,94.40394377267052
830.564,110.82700440383437
830.682,139.07777066270376
830.801,167.09303908607512
830.919,188.9273551284941
831.037,209.75474476398676
831.156,210.65313007047519
831.274,204.2242426496911
831.392,176.1217621553142
831.511,142.4062946479506
831.629,115.31420376396375
831.747,88.69916915703314
831.866,76.57244623841423
831.984,76.16520383927582
832.102,78.33631641849232
832.221,81.19660648688641
832.339,82.14087923926334
832.457,84.52497883146727
832.576,77.8536716426108
832.694,73.48308297157523
832.812,70.78223505612027
832.93,64.73976897051455
833.049,56.48873621804172
833.167,43.85341274313565
833.285,35.32946677922761
833.404,33.032965314731264
833.522,32.896856230219306
833.64,45.58066357445895
833.759,53.64305582630014
833.877,61.84793583124386
833.995,63.63629949034404
834.113,68.88830910633123
834.232,71.64442853303082
834.35,81.48349748540815
834.468,93.04981449589285
834.586,111.3058107404677
834.705,124.04546995208881
834.823,134.55482613340683
834.941,136.65465850520093
835.059,134.24713156963568
835.178,123.72531891978471
835.296,110.17060583703338
835.414,96.74576288415216
835.532,85.15702595876024
835.651,71.41203941619665
835.769,66.841804635816
835.887,71.89375361406228
836.005,76.86681389953351
836.124,89.91833499990852
836.242,110.68227020012878
836.36,128.21809431131555
836.478,133.3718426318097
836.596,142.30914073585373
836.715,154.7373479308069
836.833,172.44174560195054
836.951,179.16086188781276
837.069,185.78820328189994
837.188,199.2475793080216
837.306,201.6602020873899
837.424,204.82434001827335
837.542,217.02484158552045
837.66,221.5396288670533
837.779,242.43103952520966
837.897,254.16747182838787
838.015,257.9783630060251
838.133,260.91133210574026
838.251,263.25555661671103
838.369,262.50714043504104
838.487,264.38816148280813
838.606,261.1219963833889
838.724,268.01600444414277
838.842,274.781873976758
838.96,271.71917208080174
839.078,266.0703229986982
839.196,271.6335951287158
839.315,272.70422656609264
839.433,275.96100518961674
839.551,281.41864961400665
839.669,284.27975724186
839.787,284.64562677447515
839.905,271.2080331036272
840.023,259.60247406481386
840.142,251.42894965803512
840.26,245.46321745904862
840.378,237.56415192672864
840.496,242.04084397016632
840.614,249.70454900061696
840.732,247.92582978864328
840.85,248.83888546844466
840.968,247.52336971967463
841.087,239.07971544276617
841.205,234.62047675027333
841.323,238.34911684565932
841.441,239.77126343455168
841.559,246.3189511489851
841.677,249.72291591969537
841.795,265.4039369674621
841.913,268.9767329070035
842.031,277.0811305781468
842.149,280.74223820600025
842.267,287.8700125005204
842.385,292.44713744439116
842.504,296.0952580592575
842.622,307.0706514013965
842.74,320.0382525357433
842.858,321.6465463107825
842.976,330.2158790468608
843.094,330.7453849431122
843.212,331.42554019001295
843.33,338.42863915985754
843.448,341.82481172277585
843.566,348.9932786579883
843.684,347.02494905640435
843.802,347.30164109984196
843.92,345.0337443986908
844.038,349.07753600922786
844.156,351.2356133340507
844.274,364.6897945549774
844.392,370.52492815685656
844.51,372.5704513691251
844.628,370.8800438454631
844.746,370.73941987158463
844.864,362.2931681920785
844.982,358.85470872036456
845.1,345.4517470841485
845.218,339.2652356643827
845.336,312.24495801085067
845.454,289.92424745688595
845.572,263.5429308423152
845.69,235.9694064355366
845.808,212.595882028758
845.926,199.49421909384102
846.044,176.98216654853445
846.162,168.4874300205439
846.28,149.74767184753188
846.398,138.50488337148957
846.516,126.29326372661617
846.634,110.17168737178602
846.752,95.34794651479146
846.87,84.14325327684458
846.988,75.25544315578075
847.106,68.36234454610955
847.224,62.010722533460815
847.342,55.4100834282449
847.46,45.01138448239777
847.578,26.68746404675719
847.696,18.939108997234865
847.814,10.655172411005896
847.932,10.348917409459755
848.05,10.14088298997753
848.168,18.33723933194598
848.285,22.36160031150895
848.403,21.98626784773626
848.521,30.081496942810936
848.639,33.739180583518824
848.757,37.43822373082711
848.875,47.3283004086551
848.993,62.140660346065715
849.111,72.88918841389254
849.229,83.27089361001076
849.347,87.25708228304103
849.465,99.61537657981779
849.582,91.78564231110458
849.7,95.61564830213158
849.818,107.9227105702148
849.936,119.09990270842786
850.054,138.05285242239856
850.172,152.3789623095293
850.29,159.26351375510163
850.408,167.45109550370432
850.525,174.34257335620316
850.643,181.25309882774974
850.761,180.82682776249987
850.879,177.20315409984767
850.997,179.45393931165438
851.115,169.5765859953227
851.233,162.5892759690342
851.35,169.6028317436115
851.468,177.8995044013058
851.586,185.74509480791772
851.704,190.5586505824951
851.822,199.04926263412858
851.94,219.0411733870607
852.057,235.37420968111837
852.175,262.0864667543966
852.293,314.19872382767494
852.411,359.581110771083
852.529,411.53319468418806
852.647,458.9181790301934
852.764,498.6650681381036
852.882,534.9444247784813
853.0,552.8791926742704
853.118,571.2589822150812
853.236,585.2422349593553
853.353,596.7570894352309
853.471,601.445104084267
853.589,596.7261923263766
853.707,591.0471074083132
853.824,577.2329575551848
853.942,555.2707557540048
854.06,531.9336621779328
854.178,505.8736248789173
854.296,484.4412932076075
854.413,460.7301736575098
854.531,442.11256060091875
854.649,417.03607308545327
854.767,384.8556894660918
854.884,345.9549595263841
855.002,303.26375339620023
855.12,267.46085895432805
855.238,229.18090823539958
855.355,199.4022562177699
855.473,176.73009770663364
855.591,145.94798248554056
855.708,122.83946033804042
855.826,90.06145860273116
855.944,60.49793395758005
856.062,35.83750746694207
856.179,13.030049970065393
856.297,-5.518410845851849
856.415,-21.526460987986752
856.532,-27.363238417083167
856.65,-30.01829534437925
856.768,-34.306725681721794
856.886,-35.7736919770322
857.003,-31.308815411494358
857.121,-28.54171291731175
857.239,-21.714968509113252
857.356,-19.88195665990636
857.474,-14.709314915497478
857.592,-19.268471193875115
857.709,-17.701349153007477
857.827,-12.328239254929798
857.945,0.6941261086003911
858.062,11.832783731305149
858.18,31.809593159595924
858.298,48.12115421371408
858.415,57.053970544655236
858.533,64.51395769835547
858.651,70.95489723300815
858.768,81.30492767675173
858.886,90.00301006854716
859.003,92.93052968977995
859.121,93.06930472226804
859.239,90.20028754696388
859.356,79.82217946256881
859.474,71.78259951670172
859.592,64.94215376996877
859.709,58.647162568690334
859.827,52.97802174889145
859.944,37.946592670118335
860.062,23.628686976399546
860.18,11.050557067079385
860.297,6.5291881109744265
860.415,1.504986926182485
860.532,2.633639025220293
860.65,5.629778927612053
860.768,11.891906586405433
860.885,11.364583447118928
861.003,14.160600027286442
861.12,17.066737494282066
861.238,19.10947772857817
861.356,14.748768815456646
861.473,16.28847560555159
861.591,20.815546790554727
861.708,28.900115209931997
861.826,38.51704648105438
861.943,43.99616970403588
862.061,44.84527670435776
862.178,40.80271443812734
862.296,30.846020947398692
862.414,24.105674679928487
862.531,22.531275269086542
862.649,19.609351372880152
862.766,17.815098905169144
862.884,13.679848510479175
863.001,13.336480010541063
863.119,14.284735490267394
863.236,18.634509341042964
863.354,23.69087105453287
863.471,28.429817650756828
863.589,30.29479189480559
863.706,31.023496099312432
863.824,32.60232484811419
863.941,30.951520860631298
864.059,37.99956361642678
864.176,49.71774014229271
864.294,52.5123528044586
864.411,48.977500168812185
864.529,49.494595585113785
864.646,52.94675593648034
864.764,54.06644875537931
864.881,54.6302974184341
864.999,61.265141752484574
865.116,68.04717223372103
865.233,76.82400790976283
865.351,84.84932843428945
865.468,94.67811216227933
865.586,111.66100844438174
865.703,129.36511684769624
865.821,142.59909538088084
865.938,147.9153249963165
866.056,154.06705244724984
866.173,150.1296024090056
866.29,139.10643808504702
866.408,124.99755947537412
866.525,123.29820467522504
866.643,127.1538282300543
866.76,132.0761184515501
866.878,131.64169871633595
866.995,138.4064131802561
867.112,139.66030513335377
867.23,142.07263864489298
867.347,135.23215830361846
867.465,140.86267363333974
867.582,141.63691190678378
867.699,135.94967831875584
867.817,133.4728343411174
867.934,140.1890639565525
868.051,148.44295590964987
868.169,162.64663141253078
868.286,169.45636752147237
868.404,184.4687010330114
868.521,203.5087401722559
868.638,209.53146329418422
868.756,225.40093966286577
868.873,232.45310001423118
868.99,240.72603958637575
869.108,257.08815664769793
869.225,272.39053344928004
869.342,292.9994037573557
869.46,336.8385770957344
869.577,361.1374906938536
869.694,388.92471598028453
869.812,398.940512695287
869.929,415.5987336527137
870.046,433.86647841966413
870.164,447.3030543554456
870.281,459.1647385163352
870.398,473.9355135863158
870.516,469.31667826668587
870.633,460.1800940293074
870.75,435.15086909928823
870.867,418.8099558575808
870.985,399.6257525725833
871.102,383.6268306728671
871.219,361.9084282536703
871.337,350.0419738864216
871.454,337.3244372680906
871.571,323.68309112595017
871.688,303.0486713907362
871.806,284.8384940797645
871.923,266.8118665523424
872.04,235.30039054007182
872.157,207.1248452637317
872.275,195.2462696843612
872.392,182.19453393183045
872.509,171.08998432648588
872.626,156.78543472114143
872.744,157.00036563527755
872.861,148.8213571554744
872.978,124.67698071030361
873.095,109.60446573699448
873.213,100.98043561217028
873.33,93.9867085176492
873.447,75.663111293258
873.564,60.637349566702255
873.681,55.35877398733274
873.799,44.118293646058376
873.916,36.812878239848956
874.033,28.850765409371817
874.15,28.289798625087453
874.267,26.739136333738216
874.385,21.008602607698393
874.502,18.56265231767357
874.619,11.25639789000376
874.736,9.942636237136618
874.853,3.722571574146759
874.97,-7.873268103185959
875.088,-8.448913497397697
875.205,-9.282252744031995
875.322,-13.269041171091507
875.439,-14.827944484946368
875.556,-11.067207535753944
875.673,-2.6812410858725184
875.791,-2.8139711729734067
875.908,4.1223636544473985
876.025,11.988570571812298
876.142,11.475745182231094
876.259,4.94000910989492
876.376,-2.8935350942438056
876.493,-3.1123614792598184
876.61,-2.3649150648476196
876.728,0.8129314668239371
876.845,3.158416415009513
876.962,6.596152314924205
877.079,5.624747532052868
877.196,12.497384827448467
877.313,2.439948536366887
877.43,1.8465842197759397
877.547,7.627633594405369
877.664,10.192600351062211
877.781,5.774669297051147
877.898,13.368931381121957
878.016,16.473441848784123
878.133,23.728919637301928
878.25,17.39804645412747
878.367,17.886569063051542
878.484,20.562784644741477
878.601,12.375221222746534
878.718,4.50692314414327
878.835,2.4032732579548255
878.952,3.7235881858162916
879.069,2.984294147397284
879.186,-0.19361969573338644
879.303,2.41225985706322
879.42,-2.0833281934547685
879.537,-12.29542805300078
879.654,-16.100000343053484
879.771,-20.95603208482885
879.888,-18.184674830372884
880.005,-16.483710141851056
880.122,-13.040566475612742
880.239,-7.855243831657966
880.356,-0.9277422099867181
