wavelength_nm,intensity
792.446,160.4760665993688
792.565,183.25849084179305
792.684,197.25736530066752
792.803,202.47268997599218
792.922,198.90446486776688
793.041,177.25165101495298
793.16,153.93217049547252
793.279,131.9304388937409
793.398,116.9815211448232
793.518,109.49407525737738
793.637,106.5719973352995
793.756,112.6854172487194
793.875,133.22654278984487
793.994,148.5226466859487
794.113,172.0438588071608
794.232,177.07935664265858
794.351,179.42481118811318
794.47,174.37459473789676
794.589,153.4975384608405
794.708,135.77372893703102
794.827,124.45511421841627
794.946,114.40143456473658
795.066,114.25165101495298
795.185,106.29320945651139
795.304,112.63779820110017
795.423,112.93996270326471
795.542,114.28195404525616
795.661,111.80662936993156
795.78,106.63520079850298
795.899,110.50013586343806
796.018,106.3061964694987
796.137,102.32957309287532
796.256,108.71572027902249
796.375,107.09667265997481
796.494,108.54515750845968
796.613,101.79364235694447
796.732,91.4724302357323
796.851,95.64299300629503
796.97,89.7971055604076
797.089,88.74515750845956
797.208,94.65424841755046
797.327,102.36160772490975
797.446,109.15814452144653
797.565,115.82567698897903
797.684,123.67502763832965
797.803,132.32610988941192
797.922,137.21701898032103
798.041,132.94429170759375
798.16,124.42307958638162
798.279,113.51831768161972
798.398,91.67156443486644
798.517,78.75554711884917
798.636,72.7122570755592
798.755,75.8776250409272
798.874,81.66117482447704
798.993,82.78671595001818
799.112,89.2810882443904
799.231,94.7823869456891
799.35,85.72697569027778
799.469,89.63173759503965
799.588,95.60662936993148
799.707,99.06030902361113
799.826,102.95121811452023
799.945,95.3642051275072
800.064,96.66550382880591
800.183,102.152083915386
800.302,95.02481118811326
800.421,99.18844755174966
800.54,99.0984042617064
800.659,96.59017915348129
800.778,101.29234365564571
800.897,99.0308717941738
801.016,105.63173759503962
801.135,113.96507092837297
801.254,114.68628304958511
801.373,123.83520079850288
801.492,125.64991941322151
801.611,130.57892374222584
801.729,129.50879387209594
801.848,139.8455904088925
801.967,145.78411854742063
802.086,150.5936423569444
802.205,155.40922677252883
802.324,156.77026573356773
802.443,142.7226466859487
802.562,124.32784149114352
802.681,96.07069863400065
802.8,77.18813636841412
802.919,56.749041085559256
803.038,39.81429356145155
803.157,30.80709696227861
803.276,21.131505229312964
803.394,9.394758562806283
803.513,-4.260604056347908
803.632,-14.724559182941523
803.751,-21.737335010178633
803.87,-23.8448735450851
803.989,-28.240501428859236
804.108,-25.497207826162295
804.227,-22.692909547557022
804.346,-27.196491308193508
804.465,-23.220162708659267
804.583,-17.08018371418355
804.702,-13.212182282540295
804.821,-10.944051123523833
804.94,-6.417471508235632
805.059,-11.558899662356403
805.178,-5.959924247562002
805.297,-4.384354898632133
805.416,9.695985733973131
805.535,19.261853468865233
805.653,22.272892859458416
805.772,22.102022070205233
805.891,18.02696905744005
806.01,4.333421522146223
806.129,19.220109455810082
806.248,35.637872558788146
806.367,62.311981590881544
806.485,88.36911672872172
806.604,118.34345882943302
806.723,139.6461305703667
806.842,153.72700528895575
806.961,156.8529016525665
807.08,167.57879801617736
807.198,173.8553437304376
807.317,183.16305827586686
807.436,185.63700658752995
807.555,187.8252406134789
807.674,182.3026521286054
807.793,174.22162208529028
807.912,163.69037559175882
808.03,158.76865290775106
808.149,161.82528520209829
808.268,176.9788871934152
808.387,200.07794373018652
808.506,223.9120652020228
808.624,243.99900052667277
808.743,256.7569315223184
808.862,260.15642095952234
808.981,248.1714948123107
809.1,225.58223966077014
809.219,208.59211870836398
809.337,193.5924739464339
809.456,175.98936598104072
809.575,171.22175585114525
809.694,169.42037948748364
809.812,159.95406805888695
809.931,153.1353756779094
810.05,145.35651013675874
810.169,153.27894329690668
810.288,162.02388727956526
810.406,171.49090918430164
810.525,191.62806095916784
810.644,197.06304823186963
810.763,202.15777576431162
810.882,206.68540372965418
811.0,208.75848624045136
811.119,211.0151185347983
811.238,216.37218372957827
811.357,219.67989827500764
811.475,217.94518857801282
811.594,218.480608751148
811.713,224.72944883770296
811.832,235.74625429222328
811.95,245.17518095886481
812.069,255.28116390256267
812.188,272.7914758505896
812.307,284.8420475388764
812.425,289.2311473656913
812.544,293.39687056912965
812.663,289.01540762538184
812.782,289.26771091540024
812.9,281.13386701927135
813.019,285.87448199760115
813.138,288.06185022268426
813.257,303.06393706248593
813.375,312.1023875386511
813.494,326.024820698799
813.613,339.58448329617624
813.731,346.9934965429042
813.85,351.5107348978572
813.969,354.33360095843796
814.088,355.0958609584128
814.206,366.3793330795996
814.325,371.22211256009376
814.444,382.4120781877739
814.562,388.15961957302966
814.681,393.19027784140235
814.8,402.68673697557574
814.918,396.2914212179743
815.037,396.29177645604386
815.156,390.1665905685722
815.274,382.77300641270244
815.393,370.286781564192
815.512,358.0074831226078
815.631,348.58879074162985
815.749,343.72594251649593
815.868,338.93495576322334
815.987,340.91366597964776
816.105,341.28025498395095
816.224,343.59229853370874
816.343,346.797848576973
816.461,339.1730955899342
816.58,329.8401174946702
816.698,321.13917403144086
816.817,317.49104442102544
816.936,309.36152952922487
817.055,300.3142657196754
817.173,278.69124433436843
817.292,265.68294156378016
817.41,244.38459550314855
817.529,228.15551351178104
817.648,215.27102026500228
817.766,210.58739281908927
817.885,203.35571342512432
818.004,204.63399074111595
818.122,194.0949520397916
818.241,198.89357567612961
818.359,200.08873610900451
818.478,205.39298745097028
818.597,209.70589680159404
818.715,216.2246790723243
818.834,216.45710022342064
818.953,206.23844886529602
819.071,210.41906198959714
819.19,218.64665401443318
819.308,299.9621203949156
819.427,398.59877580959596
819.546,491.9247833100545
819.664,570.9335918368286
819.783,602.0845420330959
819.901,569.4759133917482
820.02,502.38041738248756
820.138,395.6333906015859
820.257,338.4346842083137
820.376,275.71512284150606
820.494,226.43712173623555
820.613,203.3534942903214
820.731,191.12181489635532
820.85,181.00615281840655
820.969,176.83334788331496
821.087,176.2181187057992
821.206,180.85570338109744
821.324,191.79978156288934
821.443,207.75511515593683
821.561,233.97884701738252
821.68,245.85799013423951
821.798,244.98821550217875
821.917,235.66822441990155
822.035,219.9075406969318
822.154,198.6291080562131
822.273,182.97924684406598
822.391,172.62895273148592
822.51,162.33666727691457
822.628,148.25563723359863
822.747,150.97200978768527
822.865,147.8710663244558
822.984,148.65497134607492
823.102,150.44666857548614
823.221,152.4946428611746
823.339,156.90538770963371
823.458,162.9369117788723
823.576,167.78921506889003
823.695,183.38350970089908
823.813,189.60897316407687
823.932,195.48551887833676
824.05,191.78457541510738
824.169,189.9260561943022
824.287,188.823381129341
824.406,181.93369307736683
824.524,174.24919983058743
824.643,171.14825636735785
824.761,172.92436918118466
824.88,176.0771053716349
824.998,177.30256883481255
825.117,183.20768597764385
825.235,181.9638853715574
825.354,175.50450034988668
825.472,175.7342928173935
825.591,183.90001602083095
825.709,189.65967861820792
825.828,193.11544511168873
825.946,187.0880947220525
826.064,178.50749757916944
826.183,162.4013593107452
826.301,148.87184441894436
826.42,133.40726459207852
826.538,139.94181896434668
826.657,153.09195775219928
826.775,169.6161225140778
826.894,172.5359582716273
827.012,171.74064251402524
827.13,171.61199342308976
827.249,161.33702398583407
827.367,138.8317515182754
827.486,137.225180349418
827.604,132.88873905069042
827.723,126.44320684287186
827.841,119.03663567401419
827.959,119.04738052247228
828.078,131.2953548081597
828.196,141.76757151808957
828.315,155.7220393102706
828.433,180.27997030591473
828.552,195.97383203748967
828.67,204.95427385564466
828.788,206.23601437509816
828.907,200.78528736208406
829.025,186.0488460633556
829.143,168.60158225380474
829.262,139.62738241643757
829.38,109.62945148599202
829.499,83.61617605262308
829.617,55.186094575382725
829.735,42.03329841314316
829.854,37.65227307890712
829.972,40.668572922674095
830.091,49.414383833696064
830.209,58.41510332705737
830.327,76.02514072509899
830.446,98.27445826338177
830.564,123.81683779467737
830.682,161.33535731160234
830.801,192.5957274561439
830.919,215.33748288207065
831.037,229.15975778851674
831.156,229.36817988110994
831.274,220.75495695205814
831.392,189.6361063173787
831.511,165.00470157014524
831.629,138.02091587053093
831.747,116.41375354754004
831.866,103.23516265312067
831.984,106.5119830141124
832.102,109.39919298549356
832.221,107.03532070579246
832.339,98.564089118732
832.457,99.50324714206113
832.576,85.14641060600225
832.694,78.61056899986724
832.812,68.65187658073555
832.93,65.40585179584227
833.049,59.1783995859774
833.167,49.60527523155477
833.285,50.7658018333575
833.404,53.82903014925475
833.522,51.66283495719145
833.64,58.698501815674504
833.759,59.045990879927274
833.877,63.74995190319565
833.995,65.87221599424743
834.113,72.27935995481482
834.232,84.15277802781877
834.35,98.25708796247088
834.468,115.73369226941722
834.586,136.91159527766214
834.705,154.1795415759504
834.823,162.95917618592705
834.941,157.69465495174802
835.059,140.88554497298048
835.178,122.25046096823914
835.296,110.68637263449361
835.414,94.22276537415158
835.532,82.90054013990999
835.651,80.52306155784504
835.769,77.53840900966298
835.887,77.09478788811134
836.005,84.84659020303997
836.124,104.40720843421431
836.242,125.46938185166225
836.36,136.45021816069544
836.478,148.2111410498151
836.596,165.6006353675061
836.715,167.80138509645258
836.833,174.85581447907856
836.951,184.5595945110551
837.069,196.84692432658142
837.188,205.3048169126705
837.306,215.78608612213623
837.424,232.6768791411257
837.542,238.65771545015832
837.66,238.95803227867134
837.779,243.9977430465781
837.897,245.7526053296363
838.015,251.9438312490582
838.133,257.5766156100386
838.251,269.3790969407159
838.369,282.27335316316817
838.487,278.22128903930013
838.606,285.1726881188952
838.724,284.92235559675873
838.842,283.1283001308992
838.96,279.62342215421745
839.078,286.89863075762224
839.196,290.5418047289925
839.315,293.20489212027604
839.433,288.41603145961165
839.551,295.27305824483483
839.669,293.38982528979835
839.787,284.63559666376636
839.905,280.9437057000722
840.023,280.5401264246897
840.142,277.8967203094804
840.26,274.71045705141375
840.378,266.6774405465938
840.496,263.81412101147083
840.614,261.2304551560014
840.732,250.78185423559717
840.85,245.41117539311503
840.968,239.1409294510658
841.087,244.70358394191712
841.205,249.76147652800654
841.323,256.77607907080585
841.441,262.7664391893626
841.559,268.2148079659279
841.677,274.17659665591316
841.795,280.075181882695
841.913,289.6612129969226
842.031,301.783174847081
842.149,318.3259159180187
842.267,331.4141115344112
842.385,338.466809315306
842.504,338.6407192174129
842.622,348.3133304182212
842.74,350.46819270128077
842.858,350.9191588804441
842.976,344.4870081764905
843.094,349.4375414552209
843.212,348.2781180239946
843.33,347.8866599607336
843.448,347.22593782820843
843.566,351.5695447000123
843.684,352.18674464540925
843.802,351.1952865821484
843.92,346.4479843630433
844.038,350.52838777164385
844.156,350.475457846911
844.274,358.6181989178493
844.392,365.7219789498265
844.51,378.78679794284267
844.628,385.9615736458156
844.746,390.1069121193514
844.864,387.6202159608527
844.982,383.6079786768129
845.1,368.1966071936389
845.218,354.4293915546208
845.336,330.77732743075427
845.454,303.58240616403054
845.572,267.2368355466576
845.69,234.54148137950116
845.808,207.36214452836208
845.926,192.89103278544815
846.044,178.0502240728373
846.162,169.99989155070273
846.28,154.46817374718285
846.398,138.91654252374957
846.516,127.57270350810848
846.634,113.07388613748896
846.752,100.49801248981308
846.87,86.33079685079525
846.988,75.52635177454806
847.106,57.91940825282253
847.224,44.31037855766381
847.342,32.9439065444334
847.46,24.73458099931449
847.578,10.946717581885903
847.696,4.885445594300333
847.814,-1.1185709903297338
847.932,6.961972096020609
848.05,12.906223577194204
848.168,19.22251546939222
848.285,24.504374781255954
848.403,26.202583918510097
848.521,21.530085617929206
848.639,24.942599559847856
848.757,36.176640122835636
848.875,47.24368065245287
848.993,64.8413832762176
849.111,81.46024653600371
849.229,97.46700074771498
849.347,102.25642069604069
849.465,107.04237744090317
849.582,114.49153764896906
849.7,118.78745110378819
849.818,120.20717408241669
849.936,124.59832563247366
850.054,136.27865467170807
850.172,133.86807462003335
850.29,135.58043829130213
850.408,146.9473474171163
850.525,154.15927818795205
850.643,158.4465336341126
850.761,167.85240379888774
850.879,168.5690964744855
850.997,176.2035380678323
851.115,171.06222208542158
851.233,173.34688012898485
851.35,183.50339964440963
851.468,181.2555901555055
851.586,189.4380836969044
851.704,199.35997117769716
851.822,217.1710361476674
851.94,235.6842656198021
852.057,254.72823102267267
852.175,283.8042310575779
852.293,328.65858607083817
852.411,364.22809259925
852.529,419.55171168177424
852.647,469.77056885953675
852.764,518.6560927039659
852.882,553.4948633016418
853.0,587.6574434231272
853.118,609.2892876138769
853.236,631.6908287743236
853.353,634.7979976403979
853.471,639.4584132597191
853.589,629.9854955457074
853.707,605.7004566195744
853.824,586.0846817627055
853.942,563.4637121006418
854.06,534.4574610532968
854.178,511.5239372786788
854.296,492.93327064691795
854.413,468.6949849675381
854.531,440.60908024053924
854.649,408.6703616607265
854.767,383.4130283622989
854.884,346.5660846742609
855.002,307.38494185202364
855.12,266.0947081206954
855.238,234.7940847789776
855.355,193.85450039829888
855.473,157.7651324678365
855.591,129.72165198326155
855.708,106.38206760258251
855.826,83.98137909365545
855.944,56.56921456455565
856.062,36.852688262857896
856.179,27.636748130843877
856.297,10.082348561892784
856.415,0.17448453544103287
856.532,-2.6755144628818393
856.65,-10.440900470206198
856.768,-16.001509221453222
856.886,-30.064883323357076
857.003,-28.508497386842116
857.121,-26.9606528729313
857.239,-29.56884665132875
857.356,-24.886272542233385
857.474,-21.40377767811345
857.592,-24.013497340153755
857.709,-23.049469981475745
857.827,-22.51707019175086
857.945,-13.103078565586317
858.062,-5.787524706226485
858.18,10.495453199455131
858.298,29.547600750123408
858.415,47.84857994860718
858.533,56.665928890403585
858.651,65.35415784909807
858.768,69.94386290491579
858.886,76.43659826376387
859.003,75.59340288668119
859.121,71.25410361349458
859.239,74.43515066065441
859.356,75.32528861690523
859.474,71.41802397575361
859.592,75.05275067659355
859.709,74.20176309171933
859.827,75.3654941215639
859.944,60.54972717752484
860.062,42.423322519105156
860.18,29.297321997144763
860.297,14.887973437167817
860.415,1.3545668787570446
860.532,0.062317641448113026
860.65,2.611280228201524
860.768,11.116867805922059
860.885,19.921540517147054
861.003,25.993775107112363
861.12,36.48755626944467
861.238,32.72981422934777
861.356,25.401379381940714
861.473,19.339940007661504
861.591,22.372628367748035
861.708,27.61547883451836
861.826,38.13316815111101
861.943,37.62744786992024
862.061,39.148716260751705
862.178,26.048706695817977
862.296,17.995524973882677
862.414,13.144626116285972
862.531,15.845952020567779
862.649,15.067103568277108
862.766,19.009212533873328
862.884,17.04839526393437
863.001,20.425128856901434
863.119,20.010358596771432
863.236,22.094881453544424
863.354,32.498003820390025
863.471,33.92780180660606
863.589,38.977906411403644
863.706,39.498216828259054
863.824,37.42757948862477
863.941,41.833340745450954
864.059,41.21238289546531
864.176,49.96285361690831
864.294,63.20769663272377
864.411,66.99020198620155
864.529,72.14067270764474
864.646,68.6314031693475
864.764,59.16196047087713
864.881,51.95831863820745
864.999,47.7200447709056
865.116,57.045407267240066
865.233,67.737869330674
865.351,78.56453052830696
865.468,92.83881077355898
865.586,106.26460617032603
865.703,113.7137781904697
865.821,125.75342640108968
865.938,135.08311790175307
866.056,142.6405150301223
866.173,140.98665674723622
866.29,137.23842616997806
866.408,139.21227351479777
866.525,136.0865537600504
866.643,129.76083400530302
866.76,127.54680256224393
866.878,141.674762461176
866.995,145.44254919993466
867.112,140.16185109020853
867.23,140.0439235432529
867.347,141.50261937292055
867.465,138.93447537574846
867.582,140.71351752576268
867.699,137.38606616928325
867.817,151.68372303791202
867.934,147.90865263381346
868.051,151.7171320132649
868.169,160.13080619791117
868.286,165.3055193435964
868.404,172.98239699144614
868.521,187.43589801591924
868.638,197.7785765295697
868.756,216.04939357135862
868.873,223.01285130578822
868.99,236.45682852073725
869.108,255.09474512962566
869.225,267.5369907428432
869.342,296.1082406850651
869.46,332.3392308870272
869.577,365.2057189244872
869.694,401.10857059831096
869.812,420.3923746530871
869.929,437.2311570628414
870.046,458.3634459661022
870.164,464.17971755334565
870.281,481.95183329643316
870.398,493.41572393129553
870.516,480.5419522284956
870.633,469.37380823132344
870.75,444.7338027622899
870.867,427.63925183871095
870.985,419.2009779714088
871.102,406.7194140608165
871.219,397.1746466870208
871.337,382.25412173746747
871.454,366.4617353160527
871.571,347.4580934833824
871.688,321.7211183173787
871.806,298.0092513764832
871.923,273.78656192476495
872.04,248.35348286265705
872.157,220.27884535899062
872.275,204.21806066917702
872.392,192.4092240313114
872.509,179.8800410730994
872.626,159.26600963003892
872.744,142.7896405246407
872.861,130.78859609456703
872.978,111.95465123159298
873.095,99.08434273225522
873.213,90.79325501213833
873.33,70.31688590674018
873.447,62.64311420393943
873.564,40.898346830143154
873.681,41.5094236121909
873.799,40.4868037228422
873.916,28.639862950746483
874.033,27.558182345821166
874.15,23.859350185579682
874.267,11.799230932894528
874.385,5.632437255620036
874.502,-3.0727190182176933
874.619,0.6070725189408219
874.736,-3.354823178257324
874.853,-9.450481735585486
874.97,-14.371239327895903
875.088,-15.786465481147095
875.205,-17.634805710317806
875.322,-14.128773715852525
875.439,-4.047655839227697
875.556,2.28276178564808
875.673,3.4442978790678453
875.791,1.4461566498534055
875.908,-4.929587004239368
876.025,-0.5760229255376381
876.142,2.255831590204928
876.259,8.570670788953832
876.376,8.882065279543497
876.493,8.123187688394253
876.61,4.526167507477087
876.728,3.4526055044551613
876.845,-0.3681958472159419
876.962,3.628796483528828
877.079,1.4736857439110094
877.196,1.2960814253448256
877.313,-2.322725412192549
877.43,-0.26513400266243714
877.547,0.025490282027610833
877.664,0.8394729935603302
877.781,-4.499639285170442
877.898,-3.8046270387955547
878.016,-5.647535737747711
878.133,-3.069319053615529
878.25,5.224835317216927
878.367,3.7675321928555814
878.484,4.254436435554273
878.601,2.2666931843548523
878.718,-1.3888501001522058
878.835,-7.77237530061635
878.952,-11.803238806994031
879.069,-10.759076824612936
879.186,-7.772382486378637
879.303,-2.1598557864754464
879.42,-1.426303054370937
879.537,1.2687762715079791
879.654,-0.920412889462936
879.771,-4.34217435514653
879.888,-7.016880833332436
880.005,-10.039165634930951
880.122,-13.35507936762296
880.239,-16.96462203140847
880.356,-20.86779362628749
