wavelength_nm,intensity
792.446,195.21052673758257
792.565,214.72264794970386
792.684,224.97892500598095
792.803,225.97935790641387
792.922,217.7239466510024
793.041,188.3490548761107
793.16,152.37849210554793
793.279,133.75251807957397
793.398,115.79840552546142
793.518,113.85121937827523
793.637,112.05381678087268
793.756,123.16463929169521
793.875,141.03130595836183
793.994,163.85727998433578
794.113,185.45295098000673
794.232,214.35598128303707
794.351,210.54039686745264
794.47,195.2131241401799
794.589,171.83390336095917
794.708,148.07632760338345
794.827,133.7672366942925
794.946,120.72394665100245
795.066,121.93347046052628
795.185,128.0165873436432
795.304,125.55771288476876
795.423,126.61658734364318
795.542,136.0624747895306
795.661,134.37329730035313
795.78,137.22784275489852
795.899,132.07979080684657
796.018,133.652085179141
796.137,132.00879513585105
796.256,128.19753972459566
796.375,128.94472587178177
796.494,127.80446613152199
796.613,117.65121937827521
796.732,111.93693366398949
796.851,103.49018041723626
796.97,95.90836223541817
797.089,86.28585141290733
797.208,85.29018041723634
797.327,83.18715011420599
797.446,90.42784275489862
797.565,103.81312414018
797.684,122.93520206225793
797.803,140.84862197567787
797.922,152.11095963801554
798.041,151.36031028736622
798.16,155.20706353411944
798.279,146.5750289020848
798.398,133.48758301463891
798.517,123.46766959472548
798.636,113.13953106658695
798.755,109.88238820944409
798.874,109.52914145619727
798.993,111.52308085013661
799.112,122.33173885879458
799.231,126.22611115316693
799.35,122.38801591507178
799.469,123.88065660771251
799.588,119.80706353411954
799.707,116.52134924840527
799.826,118.0910462181022
799.945,118.28065660771247
800.064,111.30316743022328
800.183,103.87113279818865
800.302,96.55078647784234
800.421,100.22437955143542
800.54,99.81312414018004
800.659,108.46074318779912
800.778,120.1369336639896
800.897,133.44515877221465
801.016,137.7239466510026
801.135,141.45814578520174
801.254,152.16637089342677
801.373,155.83996396701988
801.492,148.8096609367168
801.611,147.90922803628388
801.729,134.80273452979037
801.848,137.0529509800068
801.967,127.10836223541807
802.086,128.1750289020847
802.205,135.7464574735133
802.324,133.86507219212803
802.443,122.30057002762584
802.562,111.6616089886648
802.681,95.55338388043971
802.8,85.09710682416271
802.919,66.93271567443165
803.038,56.23260250468085
803.157,43.60658303923219
803.276,31.818153372255058
803.394,17.56347143275944
803.513,5.634126871154415
803.632,-3.1209905234351893
803.751,-10.049409921832721
803.87,-20.243705774742185
803.989,-24.060540319032693
804.108,-28.410825372209942
804.227,-29.06301356755573
804.346,-29.514658257391126
804.465,-29.086488798511205
804.583,-27.552140252207753
804.702,-23.78210176226119
804.821,-25.969487460466866
804.94,-19.60816146510634
805.059,-11.679245455122084
805.178,-10.002002850863164
805.297,0.6076375901055262
805.416,3.201630241722042
805.535,3.302157378153975
805.653,4.379608259792846
805.772,0.6142901266958862
805.891,0.8492604996867623
806.01,5.3362560040766
806.129,10.70847591709571
806.248,38.28448992510929
806.367,60.86803007626547
806.485,90.10334607767217
806.604,119.74344150149501
806.723,138.99393474608064
806.842,158.1095376183686
806.961,172.06063832615422
807.08,178.6619554841563
807.198,185.28491766380336
807.317,183.64987118544173
807.436,181.4130931053486
807.555,173.4100812590216
807.674,163.5308789365042
807.793,163.42483678714711
807.912,165.10061281960822
808.03,166.65604253172313
808.149,175.24437267673844
808.268,192.87945606850715
808.387,221.94137928711584
808.506,244.114125016547
808.624,271.35440321351075
808.743,287.8171922329855
808.862,293.994266966746
808.981,290.0735062026712
809.1,273.08088396673486
809.219,260.3402097827464
809.337,239.74325854248096
809.456,214.30821206412028
809.575,201.4870183996123
809.694,177.0511061203856
809.812,159.3476613736264
809.931,142.58620796885845
810.05,139.5070056463415
810.169,154.94382063984168
810.288,167.66808152078778
810.406,186.7256757350671
810.525,203.13045609653253
810.644,205.06770399046542
810.763,208.12876140820765
810.882,204.95258938872047
811.0,215.70369009650597
811.119,223.33444448394505
811.238,228.73489584108108
811.357,233.66435152722136
811.475,238.22670764626213
811.594,247.87824125448037
811.713,259.85964499256886
811.832,275.0626937523025
811.95,294.0259156722093
812.069,295.9190077219863
812.188,304.7030088626724
812.307,309.0350619514105
812.425,315.08313235616595
812.544,323.82470925442794
812.663,323.7628229492267
812.782,321.52258166567043
812.9,317.6884009881748
813.019,316.13214238860115
813.138,321.98454179768544
813.257,333.3685429383715
813.375,346.25037957689307
813.494,361.90451058770896
813.613,371.88071952060284
813.731,378.79026178682994
813.85,385.47209842535136
813.969,390.3374848474225
814.088,390.1206201872428
814.206,403.08990271321045
814.325,409.96394714394
814.444,414.15141148808937
814.562,420.56744726081024
814.681,425.44841809846605
814.8,438.86618547291835
814.918,437.3116584750762
815.037,447.53635225645485
815.156,456.45108932787684
815.274,454.8662592997317
815.393,443.7654119555694
815.512,426.5104520572945
815.631,409.5602540637816
815.749,400.54512100533367
815.868,391.43128664818437
815.987,394.622214195797
816.105,391.998423128691
816.224,392.9477922347452
816.343,395.96123060486855
816.461,391.09414949447245
816.58,392.9370250940332
816.698,379.69158900528225
816.817,365.3154169857954
816.936,347.8578596849233
817.055,321.3492201329689
817.173,295.48040742084135
817.292,281.84536094247994
817.41,269.0709205247246
817.529,263.5778653883546
817.648,253.48481025198444
817.766,246.1753048991642
817.885,247.21038829093268
818.004,244.22036345759304
818.122,236.41994901386394
818.241,230.79182894242916
818.359,225.5308084380939
818.478,213.6637273276981
818.597,208.6892869099429
818.715,205.56592874327004
818.834,220.2712035538691
818.953,221.19655044852482
819.071,242.13783646817208
819.19,261.72069673681864
819.308,361.7324629277242
819.427,463.3299705329954
819.546,591.9560754041864
819.664,691.9288830664316
819.783,748.675280685294
819.901,708.7104831502991
820.02,621.2740232277304
820.138,487.10378438093034
820.257,396.279956149619
820.376,294.353089411043
820.494,240.21167670365907
820.613,210.1967662124515
820.731,200.8255498665467
820.85,185.90046009814264
820.969,181.42385517822345
821.087,184.2970338080878
821.206,198.20657607431588
821.324,213.21222223664796
821.443,232.4888640699757
821.561,255.88671802451557
821.68,273.2378187323022
821.798,272.9612138123831
821.917,264.4906694985246
822.035,244.6599520244929
822.154,229.62144234266904
822.273,213.86518374309622
822.391,193.67689051148903
822.51,181.09638948767423
822.628,172.8336373816084
822.747,169.60118830584577
822.865,177.8726353339792
822.984,184.13802175605184
823.102,187.18089735561358
823.221,190.0731236045259
823.339,186.84240613049445
823.458,186.78571463048883
823.576,178.89612269758277
823.695,188.00306756121353
823.813,202.47797779280958
823.932,208.12740844756496
824.05,206.77223586170157
824.169,205.20105268540203
824.287,202.498441941041
824.406,193.29896658929573
824.524,181.12643615397593
824.643,177.87868613291693
824.761,168.89943946984172
824.88,167.20341477946897
824.998,165.87798819630962
825.117,172.1328223567773
825.235,175.3959481910067
825.354,175.37388872563267
825.472,179.35269506112428
825.591,179.3418910070055
825.709,176.41333803513763
825.828,178.38954696803154
825.946,171.22116715633692
826.064,173.86490855676345
826.183,170.9666586151987
826.301,163.11429611952144
826.42,164.9727561346666
826.538,164.9775364961321
826.657,168.04725192253252
826.775,165.83038726235276
826.894,169.6169858056362
827.012,173.5135410588763
827.13,178.23174133376136
827.249,173.27201953072432
827.367,169.14433235972183
827.486,155.22963220170627
827.604,141.82142555018413
827.723,129.9335652190081
827.841,126.14180878393586
827.959,123.82451122332253
828.078,136.37388032937588
828.196,149.92065203283187
828.315,160.74534581420994
828.433,175.40207422762268
828.552,192.65966844190103
828.67,211.3986479375647
828.788,215.53416422976517
828.907,213.04370649599156
829.025,202.88917949814874
829.143,181.91127587692927
829.262,148.28462908063068
829.38,112.20732592014676
829.499,85.6974054482475
829.617,70.49342500948157
829.735,58.017594196208776
829.854,50.66433197394154
829.972,52.53250203719814
830.091,64.54623485558477
830.209,74.24886706773493
830.327,88.15848434819415
830.446,119.30581827502212
830.564,157.23708205025747
830.682,201.82397534038284
830.801,247.05859969082204
830.919,292.56162230965947
831.037,320.655121118973
831.156,328.9910441707105
831.274,314.2542399497206
831.392,280.24124525254024
831.511,234.61439774150705
831.629,185.09847745400123
831.747,147.23843686692413
831.866,121.2515571220364
831.984,109.48832247257971
832.102,114.09505326487452
832.221,114.63452006169138
832.339,118.7933029496104
832.457,119.25971361694324
832.576,112.21989924983697
832.694,108.99313495653686
832.812,99.69848535046967
832.93,94.7047260382557
833.049,88.9916646434717
833.167,76.87237598393736
833.285,73.0643436790675
833.404,66.85094405132939
833.522,66.35111339263459
833.64,71.67793866859449
833.759,78.44428522414782
833.877,87.74228794588075
833.995,97.32324610395251
834.113,107.95213713259834
834.232,118.16339190664878
834.35,124.76170712319838
834.468,133.07517385489933
834.586,145.67435487231447
834.705,162.1479947641884
834.823,168.6181714525991
834.941,171.98791524057674
835.059,171.26588413677948
835.178,161.2745889637179
835.296,143.2945492019117
835.414,123.60282112841715
835.532,114.04442638825586
835.651,103.55183251389548
835.769,87.15014773044425
835.887,88.53634173487168
836.005,96.22470024146378
836.124,107.48188991688673
836.242,119.33128738451731
836.36,133.95903983050277
836.478,154.80843729813324
836.596,163.08554039346927
836.715,169.8674053935673
836.833,178.8778418222368
836.951,193.4198799825083
837.069,202.96451554537714
837.188,214.73079612989113
837.306,230.07889489622332
837.424,244.28153911710115
837.542,249.09976775356344
837.66,258.21323448526397
837.779,260.2288657191289
837.897,266.0349731434702
838.015,261.94064766737876
838.133,260.1675343124995
838.251,265.0100053732049
838.369,266.3658963473302
838.487,269.73650593617435
838.606,280.05863067653365
838.724,282.0101926463301
838.842,287.2795035338754
838.96,287.05097892358515
839.078,288.18695647779697
839.196,294.48483879391347
839.315,298.4814224087313
839.433,308.57151251705557
839.551,312.23389699767426
839.669,304.4841602661719
839.787,304.89719409744
839.905,303.219318837799
840.023,305.1345171712315
840.142,308.51032156526986
840.26,308.22811730129945
840.378,312.5095494009654
840.496,302.1693364789862
840.614,289.0325867604704
840.732,280.7919409380585
840.85,269.49501805936967
840.968,264.9530735356594
841.087,262.1877523885726
841.205,264.0206996397543
841.323,276.6129542502435
841.441,279.75239500791895
841.559,287.0009266746854
841.677,294.1412332332268
841.795,302.1265614367899
841.913,311.8538809823445
842.031,322.3275208742193
842.149,337.7007278656614
842.267,355.24276602593466
842.385,362.09476089616453
842.504,368.68355230319077
842.622,378.7874952253684
842.74,386.21178446789213
842.858,391.84646332080564
842.976,393.13049282306963
843.094,403.0171197279311
843.212,404.60331373235977
843.33,405.51158565886624
843.448,404.2899874555025
843.566,401.71514249889196
843.684,399.80523260721645
843.802,406.4052794254977
843.92,401.5871444255971
844.038,410.8356760923631
844.156,412.06342853835
844.274,420.0444277375835
844.392,426.8496693610594
844.51,428.86010578972997
844.628,429.6956504435088
844.746,437.0324937985864
844.864,430.5468263311533
844.982,420.49059609315736
845.1,409.6880455088411
845.218,403.6751053141352
845.336,385.20675386401797
845.454,357.41892189442
845.572,330.42070031443245
845.69,302.9038640158303
845.808,274.7636510938515
845.926,243.9507108991453
846.044,223.28192654859484
846.162,209.02959241449452
846.28,175.33396823710422
846.398,151.36301938438922
846.516,137.2639320035358
846.634,121.43584029367818
846.752,117.03372260979462
846.87,98.88367993683096
846.988,91.49545738645737
847.106,85.97416046515463
847.224,65.06946905577975
847.342,51.62362256006752
847.46,40.14600639610309
847.578,30.77728570937689
847.696,23.553994870183026
847.814,12.860049992768847
847.932,15.442717337188398
848.05,18.166869011017152
848.168,23.019181553362586
848.285,22.74969881151226
848.403,27.242621538745432
848.521,31.239241350647962
848.639,38.906832482384466
848.757,53.76640787508102
848.875,59.363519973197164
848.993,70.07721012428219
849.111,82.4291631538346
849.229,90.23237987434374
849.347,103.24252300177922
849.465,116.89509037163884
849.582,125.58488717872797
849.7,136.75000866114198
849.818,140.80690503533103
849.936,147.8283035740223
850.054,157.0297886928002
850.172,171.06417424447847
850.29,176.28297538057234
850.408,177.04030465519426
850.525,175.74395427613652
850.643,177.8302878797628
850.761,183.41705438382212
850.879,192.1726520567126
850.997,201.88669128804452
851.115,207.70982142846725
851.233,208.38403381997205
851.35,202.83054058377112
851.468,199.4588655293884
851.586,195.93221212002726
851.704,199.6523119574196
851.822,212.80964123204126
851.94,232.06394020363257
852.057,262.70611796310266
852.175,306.1084688827459
852.293,353.6493479409173
852.411,404.52529193415387
852.529,454.25924458539896
852.647,502.1750154184625
852.764,552.7834269441668
852.882,596.1416220196546
853.0,628.9179989133243
853.118,648.9818216944398
853.236,668.0612288911395
853.353,677.4679088151122
853.471,674.4988311633272
853.589,672.8379786197672
853.707,661.7199832190643
853.824,645.9552345716081
853.942,614.438104971771
854.06,584.5867762377349
854.178,562.2272223954735
854.296,529.8105256960694
854.413,502.054435057271
854.531,480.1987773189056
854.649,447.4877083251289
854.767,413.9688471235599
854.884,374.1157867877918
855.002,329.20125459055197
855.12,287.5533890599787
855.238,241.17132439520634
855.355,206.83514717632133
855.473,176.0833855418519
855.591,142.30391827967665
855.708,111.32704842009893
855.826,84.71104175835336
855.944,51.272220461561574
856.062,38.778856099960905
856.179,19.408393485819495
856.297,4.13722712281921
856.415,-2.5141953979924248
856.532,-17.647574993812043
856.65,-27.145739330093214
856.768,-31.70791354859371
856.886,-35.516164835482456
857.003,-24.73775930162973
857.121,-34.73101684021036
857.239,-30.351909688592215
857.356,-26.021315866021094
857.474,-37.34984346529374
857.592,-38.33226457202276
857.709,-33.394471971886475
857.827,-26.906404091062644
857.945,-10.868206439192637
858.062,-3.226281680863357
858.18,20.670840533503867
858.298,34.20982286074146
858.415,44.79454986358938
858.533,63.313200441494885
858.651,88.20749358390245
858.768,116.23338845791189
858.886,146.05495432759238
859.003,165.85400937476203
859.121,180.2253587942261
859.239,191.32744414442607
859.356,195.8200056851021
859.474,190.7142988275097
859.592,183.2440898054151
859.709,176.47864268808235
859.827,156.8283470859012
859.944,129.69926360493218
860.062,106.00221475599788
860.18,84.77882265248257
860.297,63.3513476970429
860.415,44.012163868110505
860.532,30.632207181190743
860.65,23.168620372713537
860.768,11.640925707974171
860.885,10.713599476531883
861.003,13.19650489264295
861.12,18.44662369699211
861.238,20.56587188744401
861.356,19.535633783252486
861.473,21.10792023620581
861.591,22.123662361936187
861.708,28.41716443719651
861.826,40.27595946208169
861.943,40.00913282896582
862.061,41.329541770843406
862.178,32.671715079696384
862.296,22.228802703058687
862.414,18.65029420860423
862.531,13.929059398591335
862.649,14.25344852300514
862.766,18.207903970704745
862.884,18.363436459899425
863.001,16.288800820774295
863.119,19.307120922297628
863.236,27.55339938158118
863.354,33.924699733082434
863.471,31.566138583129135
863.589,27.838504954186917
863.706,27.028064833621467
863.824,35.65805485638564
863.941,35.23327104960802
864.059,45.068540263611
864.176,57.45290609979242
864.294,68.43137592045522
864.411,74.97607950735174
864.529,77.10519867866384
864.646,77.34600616166426
864.764,89.62490888275988
864.881,82.33757783762181
864.999,76.32383986607705
865.116,75.94819713262763
865.233,89.02190504852888
865.351,93.99431426313163
865.468,99.77105248206354
865.586,116.67333182653665
865.703,144.5349185303171
865.821,156.87009830769074
865.938,167.72822180800813
866.056,171.71881284079296
866.173,173.44446880864265
866.29,164.52250572887334
866.408,152.06980671836806
866.525,152.90368779444276
866.643,150.76960350255212
866.76,152.92729410243624
866.878,159.52567734301297
866.995,155.2833679428972
867.112,158.62201092373374
867.23,162.7303508742673
867.347,167.53912372523362
867.465,173.39897882728226
867.582,171.84584691634385
867.699,167.24596175865213
867.817,167.5214012762852
867.934,164.79424339132106
868.051,173.20994264921399
868.169,179.21958130104622
868.286,196.79805112170948
868.404,213.17565514150704
868.521,228.31256652061182
868.638,230.51614456638342
868.756,237.62102131345378
868.873,239.65230498693103
868.99,257.2740648508843
869.108,277.3157381347508
869.225,305.82494388614987
869.342,344.3739764773758
869.46,385.608723354316
869.577,413.85472564251165
869.694,440.34661537659485
869.812,450.09218476435774
869.929,477.95896627333286
870.046,490.44219799875833
870.164,498.59729119604555
870.281,514.3160207569691
870.398,520.6901615733042
870.516,519.0383283636652
870.633,505.2748068423381
870.75,482.5779519876775
870.867,472.5607508126708
870.985,453.4370561311705
871.102,438.7081666444754
871.219,421.4736494521527
871.337,406.11705433775217
871.454,392.4028834657757
871.571,371.0185827236694
871.688,344.92519107247216
871.806,324.2335310230068
871.923,298.28299651466693
872.04,268.7705572444223
872.157,230.70054221660197
872.275,211.78550554375983
872.392,197.58129138174002
872.509,181.6420122846551
872.626,164.25944314428017
872.744,160.25782638485757
872.861,148.20252997175518
872.978,131.34377035518952
873.095,117.0200756736889
873.213,110.36651086231824
873.33,96.91381185181353
873.447,77.24899162918776
873.564,56.856898679289316
873.681,44.95658062116573
873.799,35.722063428842915
873.916,25.364602513576397
874.033,23.885063676231937
874.15,31.552710986073606
874.267,30.172197833004525
874.385,29.22860374628906
874.502,20.220137445888057
874.619,9.978236400390761
874.736,1.9664145388022822
874.853,-8.188018265015842
874.97,-11.362387458295125
875.088,-7.164376480488434
875.205,-5.362549384333028
875.322,4.014530476379116
875.439,8.808361759102581
875.556,9.402495661885176
875.673,14.55299579802401
875.791,18.099138994575572
875.908,9.588095410087686
876.025,-0.8648225200909254
876.142,-6.770022459744238
876.259,-9.465022918900136
876.376,-14.62627348977356
876.493,-18.465574308550003
876.61,-12.808169184638745
876.728,1.5714187223664497
876.845,7.503353839405361
876.962,13.287153243640443
877.079,17.041435404581907
877.196,18.870187120765287
877.313,8.082674349130157
877.43,-4.058375326131737
877.547,-11.847992578940879
877.664,-8.409000521830514
877.781,-14.325680468594797
877.898,-16.79043469871894
878.016,-16.41603035182363
878.133,-10.699607711339885
878.25,-8.77010117314671
878.367,-4.192352545779263
878.484,-1.688318771705332
878.601,0.8156155443959353
878.718,-1.3968710204002872
878.835,-2.611733400483587
878.952,-3.1977724202571736
879.069,-4.767990118166026
879.186,-4.569267382286175
879.303,-1.7437169421656273
879.42,-6.227798803598511
879.537,-9.659755896626969
879.654,-10.09440196079181
879.771,-22.764843445225253
879.888,-25.25110861730567
880.005,-27.174919469505706
880.122,-27.900478752629155
880.239,-27.42778646667607
880.356,-25.756842611646455
