wavelength_nm,intensity
792.446,235.64936467809744
792.565,237.03481922355206
792.684,234.17871532744823
792.803,227.08105298978592
792.922,215.74183221056498
793.041,194.59378026251304
793.16,170.32191879065164
793.279,156.8188884876213
793.398,140.38945125818412
793.518,130.25871532744824
793.637,131.95222182095483
793.756,133.18685385558686
793.875,138.66997073870368
793.994,149.49507896381184
794.113,168.25005731879014
794.232,184.02321749195028
794.351,190.0535205222533
794.47,182.60503567376853
794.589,172.51932138805432
794.708,150.37300104173403
794.827,128.03014389887696
794.946,116.62581489454791
795.066,112.82408329281628
795.185,108.9089317776647
795.304,108.46304433177724
795.423,108.72884519757811
795.542,102.82408329281623
795.661,101.63100969974268
795.78,100.02927809801113
795.899,102.2890183577514
796.018,101.99031705905006
796.137,95.77126944000241
796.256,96.424949093682
796.375,103.53577160450449
796.494,97.26650753524045
796.613,100.98598805472099
796.732,103.65438632311925
796.851,105.55481922355216
796.97,102.05178892052183
797.089,93.33057679930974
797.208,88.52711359584647
797.327,88.25438632311923
797.446,85.23360710234013
797.565,93.33490580363882
797.684,101.92884519757823
797.803,112.94010060883363
797.922,126.33923480796778
798.041,133.85611792485093
798.16,133.4846893534223
798.279,124.70893177766479
798.398,109.32971099844403
798.517,99.86910493783795
798.636,86.1089317776648
798.755,85.1020053707384
798.874,86.79031705905004
798.993,94.0431309118639
799.112,101.65005731879029
799.231,102.07862874736173
799.35,103.36347723221026
799.469,105.44226511099815
799.588,106.58252485125786
799.707,101.78945125818423
799.826,94.78425645298933
799.945,89.15741662614951
800.064,84.7877196564525
800.183,84.75395342268632
800.302,87.12451619324915
800.421,83.8240832928163
800.54,89.17733004606306
800.659,90.13404000277299
800.778,96.56261143134438
800.897,101.62235169108462
801.016,107.9383690071019
801.135,117.08382355255642
801.254,116.67516554389834
801.373,106.97386684259965
801.492,100.36867203740488
801.611,95.43620450493741
801.729,97.86910493783789
801.848,102.92884519757814
801.967,113.15655082528382
802.086,130.62148589021888
802.205,140.17992744866044
802.324,138.70460277333572
802.443,122.64313091186389
802.562,107.08642095515398
802.681,86.69767636640938
802.8,63.93488140549487
802.919,49.068840699598155
803.038,39.60938811905715
803.157,23.19398921265507
803.276,15.73872021610037
803.394,9.161759453157346
803.513,5.581804824267568
803.632,0.028830333434459288
803.751,2.0182074279599798
803.87,-3.3790875813011967
803.989,-10.412604842293042
804.108,-20.152055970598354
804.227,-17.234609053793545
804.346,-15.221480021922707
804.465,-14.848487012230635
804.583,-14.516229038556563
804.702,-10.67212171438296
804.821,-18.98105287649517
804.94,-17.965002815526656
805.059,-18.60036532898242
805.178,-13.206305205748354
805.297,-10.473776873435764
805.416,3.971387064729555
805.535,5.008214780135335
805.653,6.419642139031855
805.772,4.798151449063058
805.891,3.682765164963909
806.01,0.7344890837867188
806.129,5.093061826214893
806.248,13.842247732555782
806.367,30.237641986523883
806.485,39.33805732454079
806.604,57.91551387255066
806.723,82.23166831147871
806.842,101.76479930879168
806.961,122.2499654364035
807.08,137.0520146808983
807.198,148.36834963967885
807.317,148.87775819153302
807.436,145.15946111568152
807.555,134.29830689697272
807.674,128.73152497263607
807.793,124.17946166301786
807.912,126.10358882959004
808.03,131.7298804983266
808.149,147.18214619303728
808.268,162.33051578385192
808.387,179.95161264739383
808.506,195.10950604773234
808.624,211.00765918833056
808.743,230.24434046745694
808.862,237.31998278554423
808.981,233.8389151469217
809.1,221.42018517063678
809.219,198.66725606015274
809.337,170.7965780319198
809.456,152.6834757612625
809.575,135.601542321774
809.694,128.73952230219888
809.812,116.59958020470188
809.931,103.76613161369852
810.05,102.08852717853944
810.169,102.86113919359678
810.288,103.60604558094862
810.406,110.77865759600603
810.525,116.08893194872574
810.644,123.95418465642408
810.763,134.32593087061605
810.882,140.90027448740545
811.0,158.4711549007318
811.119,162.66021713224
811.238,172.5583702728391
811.357,173.24959700651186
811.475,177.35813975750068
811.594,180.91776475957187
811.713,184.47046335471646
811.832,191.32099744769656
811.95,204.64858781773285
812.069,209.98916520075616
812.188,227.6881841422209
812.307,240.56988706636946
812.425,245.7580834970115
812.544,248.73848771986115
812.663,247.52581834963712
812.782,245.97721824348235
812.9,246.94809865680816
813.019,245.4635678147228
813.138,253.97817117177175
813.257,268.5525147885611
813.375,274.3883302668224
813.494,295.52544444638227
813.613,311.8210001843839
813.731,322.0793264851559
813.85,327.115141963417
813.969,329.60550289622336
814.088,335.7443486775145
814.206,341.5792983549096
814.325,343.7051571232139
814.444,351.1072063677087
814.562,351.40622530917335
814.681,350.7416078870017
814.8,347.41725020508966
814.918,343.41843364871875
815.037,343.410093282824
815.156,344.38270529788167
815.274,344.0808584384805
815.393,337.3842063842742
815.512,320.3879872305006
815.631,309.34068582564487
815.749,301.23797316537775
815.868,294.4045245743748
815.987,293.8083054206013
816.105,296.7904412451827
816.224,295.62539092257805
816.343,293.8317691714019
816.461,282.92299590507423
816.58,282.8263438508677
816.698,281.32969179666117
816.817,275.3490570584718
816.936,260.856734008594
817.055,247.4440646383698
817.173,226.40715284390308
817.292,212.58755706675245
817.41,208.31687903851963
817.529,203.58299754708327
817.648,196.7175143240452
817.766,189.88406573304178
817.885,175.20472969615082
818.004,167.41197374583982
818.122,160.244326020637
818.241,163.85330167205763
818.359,174.02158468278566
818.478,173.99679410043996
818.597,180.2014407475315
818.715,184.24603625854178
818.834,169.72202399478584
818.953,166.79193660674053
819.071,184.35948822775055
819.19,242.42862790217245
819.308,340.4280490826692
819.427,457.4357752171363
819.546,567.0756665173783
819.664,632.2850590503617
819.783,622.187988362339
819.901,559.2798994265381
820.02,462.14670839851044
820.138,374.82292103547616
820.257,300.82554135067323
820.376,251.6850454563874
820.494,214.0942809232491
820.613,191.59212205976806
820.731,168.43919294928276
820.85,149.4092075617413
820.969,139.49523949021716
821.087,141.09469133211292
821.206,142.64998732985288
821.324,153.90831363062313
821.443,173.70689967165302
821.561,201.43795324515037
821.68,213.27463452427534
821.798,214.36412965621423
821.917,201.49345162797994
822.035,184.377751954724
822.154,164.39625141566728
822.273,148.51951278137244
822.391,143.4929905972941
822.51,145.50629525304254
822.628,135.5525003416912
822.747,131.41515564679
822.865,133.05183692591467
822.984,138.84089915742015
823.102,138.67671463567882
823.221,149.94975955116684
823.339,152.0020252458757
823.458,160.50623899253276
823.576,158.34724927598623
823.695,157.7328483040286
823.813,156.90546031908423
823.932,153.48240133846895
824.05,143.36583586434733
824.169,147.926326667282
824.287,142.8998044832038
824.406,149.85250307834644
824.524,148.65195492024233
824.643,144.01331152404288
824.761,131.83440838758358
824.88,136.51091650653535
824.998,137.99521683327922
825.117,140.45354313404886
825.235,141.89541921836818
825.354,151.13469790009015
825.472,150.32982073765623
825.591,150.2963721466508
825.709,145.39019628291808
825.828,149.66930180446678
825.946,141.83585321346146
826.064,127.77729639734801
826.183,121.23129369378857
826.301,113.71386241880066
826.42,104.49599824337974
826.538,108.05562324544798
826.657,112.95723958950755
826.775,116.70387757858884
826.894,121.54488786204251
827.012,125.56078992038812
827.13,129.58102098306284
827.249,124.43934728383284
827.367,111.64572553265481
827.486,103.33522066459362
827.604,90.48099285280948
827.723,86.50555291981313
827.841,85.74396580066943
827.959,91.6473137464608
828.078,102.97663571822605
828.196,117.85314383717736
828.315,136.3954528219296
828.433,152.62607349499362
828.552,169.49825260961603
828.67,188.09857025237704
828.788,189.3274593237094
828.907,181.57193281062624
829.025,169.16272664386304
829.143,147.14110653425593
829.262,120.5363820992232
829.38,86.39819110164717
829.499,66.86797588068835
829.617,52.11232621574898
829.735,37.988665503064794
829.854,32.830197434664186
829.972,41.6028888260541
830.091,43.907201217951986
830.209,52.01079814748667
830.327,67.45732211359547
830.446,91.89439274756037
830.564,127.31138848897528
830.682,156.48128490578736
830.801,196.2477181191362
830.919,230.25570977404357
831.037,249.64378800903756
831.156,257.25870607087137
831.274,246.48228214136333
831.392,221.46516557116283
831.511,191.86536501827848
831.629,149.53569433552406
831.747,122.50905395580003
831.866,99.68587677953917
831.984,93.29906323964201
832.102,95.48021506771025
832.221,92.04491667932837
832.339,90.37758365891187
832.457,91.1873069155516
832.576,79.1120002626475
832.694,73.217478340204
832.812,70.28210596529266
832.93,71.04086721707858
833.049,69.9279634959099
833.167,64.75038129703566
833.285,65.32771905043255
833.404,68.43417846279611
833.522,61.3163134352899
833.64,60.99106469576604
833.759,62.78131391110229
833.877,58.490956886789036
833.995,57.663803325679105
834.113,62.574312102231474
834.232,70.1540849480479
834.35,80.16502662503308
834.468,90.43917176522172
834.586,103.04058963268315
834.705,116.42382568196281
834.823,124.72913965332043
834.941,128.09765708788143
835.059,129.85924811551587
835.178,117.07188876063861
835.296,99.1719861426415
835.414,76.1920506723661
835.532,58.05434612210348
835.651,47.21786148407213
835.769,45.35969625180297
835.887,45.09973574481492
836.005,61.174677082640954
836.124,76.1618387086376
836.242,89.66071007701309
836.36,102.04264982302709
836.478,116.64277138722298
836.596,132.40566351418977
836.715,145.45340412600513
836.833,151.18772482440053
836.951,158.270097470848
837.069,172.6477082125334
837.188,182.47553540443505
837.306,183.8063928993671
837.424,186.55456641161504
837.542,187.72871394983724
837.66,187.68381386901194
837.779,197.26748521675808
837.897,197.95158946493723
838.015,210.77941665683915
838.133,226.74490618640328
838.251,227.11126151683317
838.369,227.16073373037977
838.487,220.69765183137224
838.606,225.61205910985396
838.724,232.32213738400668
838.842,224.825289251233
838.96,218.80636319638126
839.078,224.45496960906203
839.196,230.954658272825
839.315,238.39980148204256
839.433,239.12286676918234
839.551,249.84852945891976
839.669,251.4503826248477
839.787,243.11803665657663
839.905,229.2558205584354
840.023,225.1425222092118
840.142,226.35736238812666
840.26,223.50120689604574
840.378,215.67015962907283
840.496,216.6962552192427
840.614,220.34659323365486
840.732,216.7709572220931
840.85,212.0732432884534
840.968,209.72964190892645
841.087,212.10292364628282
841.205,210.32815343558735
841.323,206.9620412335498
841.441,206.4963619319451
841.559,207.2774358770937
841.677,213.78318514691762
841.795,222.53222446003156
841.913,237.88126377314546
842.031,255.15671001266622
842.149,267.6737146937454
842.267,280.25478863889373
842.385,286.20729115547056
842.504,286.09745600970973
842.622,292.02744770377586
842.74,295.5756212160239
842.858,301.7947903992677
842.976,299.0200201885721
843.094,308.03918937181595
843.212,312.0505663472676
843.33,315.50090436168006
843.448,315.6637964886464
843.566,312.4275544164784
843.684,316.30732966032764
843.802,325.27887979595175
843.92,327.41320049434614
844.038,345.863538508758
844.156,345.9969934062866
844.274,348.14256951593643
844.392,352.41195514939585
844.51,350.77917628069076
844.628,355.61219827778666
844.746,359.6694626991251
844.864,355.69122928496586
844.982,358.6636452214559
845.1,346.06896159084647
845.218,337.0898623758213
845.336,320.16617441620735
845.454,300.81910983321654
845.572,276.21143918961957
845.69,249.2167555590097
845.808,217.41427972060774
845.926,198.3659164363185
846.044,182.6534838879602
846.162,173.53325913180993
846.28,161.10480926743475
846.398,146.96640269310296
846.516,126.1656584564336
846.634,108.98049863534874
846.752,89.2039968229218
846.87,72.39379395075521
846.988,60.193937239627026
847.106,55.82648886640716
847.224,50.48575992958531
847.342,43.72626354247921
847.46,34.94187422930112
847.578,27.634838322200245
847.696,27.468350575291403
847.814,25.50619713710222
847.932,21.422563951710206
848.05,20.043137772434875
848.168,14.429034132752342
848.285,22.005829684855264
848.403,15.830947366878911
848.521,19.015573005006633
848.639,25.582379879817484
848.757,41.852121293226645
848.875,49.344520410637585
848.993,53.95023750965174
849.111,65.53941039507345
849.229,84.01745220320461
849.347,85.22193088701195
849.465,101.08095502536469
849.582,107.70188392562213
849.7,121.3080942111608
849.818,132.34114432353937
849.936,136.53436759609102
850.054,150.57953892059055
850.172,162.7303379507177
850.29,160.19195949166752
850.408,166.8319360109724
850.525,164.15070040906537
850.643,164.09197562966932
850.761,171.409008426031
850.879,170.93469923105107
850.997,178.708874884556
851.115,185.5808860358967
851.233,184.23298376732424
851.35,184.2582416719123
851.468,180.7415082345091
851.586,186.19274016507129
851.704,191.41366906533034
851.822,192.10559363658513
851.94,207.45552686584833
852.057,232.71195360160482
852.175,260.3995491685301
852.293,294.332166380477
852.411,333.3158658435061
852.529,377.2562752632449
852.647,418.6668145531137
852.764,451.4834144490431
852.882,487.15629140124963
853.0,510.51488263917054
853.118,523.4423050459227
853.236,536.8008962838435
853.353,548.1283186905953
853.471,560.7440527856585
853.589,559.9675790885138
853.707,547.7192439195078
853.824,535.5574888370819
853.942,509.15330951223194
854.06,484.87640291465476
854.178,463.9986305162116
854.296,447.756355953266
854.413,424.4733887496276
854.531,389.9661791217468
854.649,362.680614515511
854.767,334.1716732858987
854.884,300.45926885282324
855.002,266.3087691816527
855.12,232.0561050083177
855.238,197.56967460121646
855.355,159.76549527636644
855.473,133.20547179567225
855.591,108.7891712587012
855.708,87.92958067844019
855.826,68.76660859784454
855.944,44.25229411933594
856.062,26.48224615358164
856.179,8.377607787555807
856.297,-4.8479617806498085
856.415,-12.293172962958264
856.532,-25.111542520758572
856.65,-26.11000406350005
856.768,-30.45700164724419
856.886,-35.637853231475574
857.003,-34.30154808071903
857.121,-35.3584823667796
857.239,-30.845178354853225
857.356,-27.424981301106705
857.474,-25.4263538226483
857.592,-21.48381916498846
857.709,-19.65443195486114
857.827,-12.903042890647004
857.945,-7.370169034954966
858.062,-0.4089603463197644
858.18,10.223032868090607
858.298,11.510500381351973
858.415,20.149231930620967
858.533,31.488633097618397
858.651,49.30072725486227
858.768,67.98882636496576
858.886,89.918329301191
859.003,105.43830842789231
859.121,117.70720530351122
859.239,119.68779049081826
859.356,124.96967437942396
859.474,128.12601714248848
859.592,132.5083339315271
859.709,124.68632171623669
859.827,113.8478592844962
859.944,96.09078213414094
860.062,78.9614106114912
860.18,58.25281830962063
860.297,41.46786206073932
860.415,27.425307755469976
860.532,16.72544149713843
860.65,3.6522578215283836
860.768,4.557076945907382
860.885,10.29455691187375
861.003,16.441009811944454
861.12,21.50181885816813
861.238,22.665426768243982
861.356,20.029958658671198
861.473,18.14760926153252
861.591,17.000914604416558
861.708,22.798783961980146
861.826,28.547041160223266
861.943,31.78084726156722
862.061,27.66029681992926
862.178,19.60985438641798
862.296,13.068772961629309
862.414,10.31857888922722
862.531,8.423973065493815
862.649,3.3156260713912444
862.766,12.60700818629709
862.884,15.973881303342774
863.001,16.923977185356044
863.119,20.84181738140846
863.236,21.423761106712988
863.354,25.96368321193251
863.471,22.174336560227378
863.589,15.528031155307476
863.706,21.035502722262045
863.824,23.811383447205053
863.941,25.436583573350426
864.059,36.99075942849997
864.176,46.9908020739813
864.294,56.41767713148753
864.411,54.531143397796114
864.529,58.870583690078654
864.646,56.36327073560781
864.764,64.82305734823655
864.881,58.67938075740214
864.999,59.77379940466308
865.116,61.88293666664275
865.233,61.48904362559209
865.351,68.63281292220371
865.468,84.59909304132609
865.586,102.17403116910651
865.703,125.17407752199507
865.821,138.55247885323854
865.938,153.0347762883781
866.056,159.50495251139645
866.173,152.34309410238018
866.29,147.18036989249822
866.408,141.02197468694533
866.525,135.20470502251823
866.643,126.7978249684808
866.76,132.10869383219224
866.878,139.92086139720232
866.995,143.33476056394386
867.112,140.37463375665936
867.23,137.51926885413656
867.347,142.63706412477376
867.465,135.99382043437197
867.582,138.47178886518216
867.699,138.86837201460702
867.817,146.63898113805786
867.934,151.22430887622724
868.051,156.08842449318445
868.169,164.95686911447058
868.286,178.44609295653592
868.404,181.2149704782551
868.521,194.19510341122975
868.638,199.23584240481063
868.756,210.35710087891104
868.873,222.96147623612836
868.99,235.238578866073
869.108,244.4446858250218
869.225,256.5988447320225
869.342,275.3287612147807
869.46,301.16603700489804
869.577,331.50028249198516
869.694,356.21028555482974
869.812,377.98435788174373
869.929,394.50734795757546
870.046,402.24505664812574
870.164,406.5412068971177
870.281,411.95856926732176
870.398,417.0512563128507
870.516,410.885068899505
870.633,396.9128208800987
870.75,380.0600533801729
870.867,367.7657274386886
870.985,353.35278677858946
871.102,335.41776819641245
871.219,330.58837731986307
871.337,323.9356098199371
871.454,312.03782067498935
871.571,305.63007482008504
871.688,286.81193935479104
871.806,264.3799510756444
871.923,240.7358415843765
872.04,211.44238144375797
872.157,195.9948087490269
872.275,183.84160834866805
872.392,173.14901400891534
872.509,164.8884543011971
872.626,146.4123101778943
872.744,134.07382839225377
872.861,117.89032496159146
872.978,94.63149685560442
873.095,93.66963844658706
873.213,90.23245536224493
873.33,78.03683071946136
873.447,69.31653075200246
873.564,49.67078066517038
873.681,38.43709111968091
873.799,23.033535593039957
873.916,16.466975487768202
874.033,22.873559570228696
874.15,24.605868163902194
874.267,24.86853648224792
874.385,17.500744497336335
874.502,11.608962116545431
874.619,10.96580916518401
874.736,11.685713751098582
874.853,17.103052738057166
874.97,13.006802271725538
875.088,14.506178181464064
875.205,14.609370593267252
875.322,6.229096479342804
875.439,6.844686541976659
875.556,3.9663444884894226
875.673,0.5420751163293918
875.791,-0.5422062918484434
875.908,-4.926362807344094
876.025,-4.771247143648362
876.142,-2.5182297794173887
876.259,-0.2533748391895303
876.376,-5.151817469762582
876.493,-5.114501619204841
876.61,-6.731798492466074
876.728,0.9869898702031685
876.845,5.751572626394022
876.962,5.604932684804385
877.079,5.021111311412675
877.196,4.914791015780047
877.313,-6.813226563538654
877.43,-3.5362232145099526
877.547,-2.5889749688190657
877.664,3.482788402016432
877.781,7.037866685491742
877.898,10.032851386009222
878.016,4.829744276361072
878.133,11.69199965717
878.25,4.445101543682591
878.367,8.98347018872447
878.484,6.138958899816323
878.601,5.009536283343074
878.718,4.306621507677397
878.835,4.091252197881509
878.952,-4.76444822028364
879.069,2.5921493658179187
879.186,-4.4088173390040275
879.303,-1.185080745806582
879.42,2.449546875230503
879.537,5.755240186070008
879.654,5.408983258464627
879.771,-1.9651868421072005
879.888,-5.385906617772178
880.005,-8.500299097185886
880.122,-10.944364383587297
880.239,-12.718102476976407
880.356,-13.821513377353222
