wavelength_nm,intensity
792.446,0.3047468611401573
792.565,0.33303187581254545
792.684,0.35003619130676933
792.803,0.3557598076228291
792.922,0.3502027247607242
793.041,0.32084149186460104
793.16,0.2853819142313479
793.279,0.2620075533749811
793.398,0.25014753396652634
793.518,0.24615365863739047
793.637,0.25054613330865044
793.756,0.2630209415329236
793.875,0.2893296240999552
793.994,0.30549879515335016
794.113,0.32071087739091053
794.232,0.32688691522014957
794.351,0.3240156487726456
794.47,0.3146902257458895
794.589,0.28437077804708955
794.708,0.2655014905461987
794.827,0.2546379694930542
794.946,0.24383074778201758
795.066,0.2373878510711871
795.185,0.23429926916314664
795.304,0.24314164383461673
795.423,0.24220820074246735
795.542,0.23281634449202396
795.661,0.23422608001840628
795.78,0.24581924054526935
795.899,0.2472413619269155
796.018,0.2447416711373237
796.137,0.2313908451498513
796.256,0.22508982278113265
796.375,0.20849953264877039
796.494,0.19993752870099785
796.613,0.20240794383269342
796.732,0.21217137574104916
796.851,0.22303377080735157
796.97,0.21965806225456058
797.089,0.20771134185925977
797.208,0.2070019701486999
797.327,0.2097910395567263
797.446,0.2217940592941351
797.565,0.24255613067669426
797.684,0.24738436225586957
797.803,0.2614884734407461
797.922,0.2615481507433806
798.041,0.2566129504142003
798.16,0.24769963857167426
798.279,0.23706018890011926
798.398,0.225950076728542
798.517,0.21528022541224878
798.636,0.19845573001671749
798.755,0.20493578429333925
798.874,0.21208129679367665
798.993,0.21479605107012062
799.112,0.22002963791247293
799.231,0.22412147409687666
799.35,0.22655698363646526
799.469,0.2147048461359057
799.588,0.2069163951486958
799.707,0.20996556751726086
799.826,0.2016940681747651
799.945,0.18459595797658937
800.064,0.18245883495017257
800.183,0.18889159777942371
800.302,0.1890436060031151
800.421,0.18493150205555248
800.54,0.1891145431741711
800.659,0.19457220139811304
800.778,0.19825417837197107
800.897,0.20671709547763378
801.016,0.21217250172789134
801.135,0.2235900083073778
801.254,0.2301826612682154
801.373,0.23634856521587488
801.492,0.23383761455786162
801.611,0.23102377343930774
801.729,0.23213624843936034
801.848,0.2457820829794783
801.967,0.23887865765020505
802.086,0.23568761093952803
802.205,0.24451534778205014
802.324,0.23580471357111252
802.443,0.22084597837303782
802.562,0.2018044148852967
802.681,0.17891085041053162
802.8,0.16627052212046112
802.919,0.1450661707041484
803.038,0.12343452156918165
803.157,0.11462753580200424
803.276,0.09579551287035959
803.394,0.08522230213744905
803.513,0.07722317171575441
803.632,0.06245700594959826
803.751,0.06134078206630228
803.87,0.06166454462580907
803.989,0.06006995048658391
804.108,0.05807794879249374
804.227,0.0591874090192705
804.346,0.054274258206769094
804.465,0.05891172190475015
804.583,0.048861419938050765
804.702,0.059439429984945
804.821,0.07127431436588871
804.94,0.08099938393368897
805.059,0.0862785102274922
805.178,0.08711670402604887
805.297,0.0811962377266635
805.416,0.07529776992012911
805.535,0.07167640022447755
805.653,0.07492048259974497
805.772,0.08718208980559322
805.891,0.09392586839014644
806.01,0.09804635804985876
806.129,0.10593987075995033
806.248,0.11822763963897617
806.367,0.1320660856051206
806.485,0.15311349657018125
806.604,0.17573484552277008
806.723,0.21011528968248244
806.842,0.23571691849903326
806.961,0.2631843075130406
807.08,0.27366280705256163
807.198,0.2838429200789109
807.317,0.28422356961795536
807.436,0.27393774580123337
807.555,0.2566708035631292
807.674,0.24917967908864455
807.793,0.24102985231149737
807.912,0.25032719165359496
808.03,0.25737706125874416
808.149,0.2763477535618245
808.268,0.30397390672057667
808.387,0.3372435059322273
808.506,0.357230964353777
808.624,0.37637505863055
808.743,0.38338214073569754
808.862,0.38282146527469835
808.981,0.37288357139220385
809.1,0.34936177224591014
809.219,0.3301344869156089
809.337,0.3082667624404463
809.456,0.288220884675896
809.575,0.2694879075693024
809.694,0.2524439107259464
809.812,0.22768352605327857
809.931,0.21769045881551846
810.05,0.21787406065718595
810.169,0.2242719838807256
810.288,0.23222489493328602
810.406,0.2472253576309159
810.525,0.25187800124910986
810.644,0.2542662853277234
810.763,0.2593704496696229
810.882,0.26809578769590414
811.0,0.29080926026231935
811.119,0.30361742657826674
811.238,0.3226658119734559
811.357,0.33323213848666533
811.475,0.3280166334201821
811.594,0.3289208668408299
811.713,0.3360281617749282
811.832,0.33646736262976473
811.95,0.35404858716962107
812.069,0.36093406269581474
812.188,0.3826161313148121
812.307,0.3890275663804568
812.425,0.3878960155904819
812.544,0.3901998506559322
812.663,0.39271874920823474
812.782,0.3925882007209386
812.9,0.4047624364447498
813.019,0.41282231624731436
813.138,0.43316671249782746
813.257,0.44488492355056497
813.375,0.46865569776176613
813.494,0.4748588252616115
813.613,0.4901689343408343
813.731,0.4984776572355158
813.85,0.5080936508539431
813.969,0.5071355020376608
814.088,0.5040537420370677
814.206,0.5037633034181855
814.325,0.5102096440759374
814.444,0.5069578600621789
814.562,0.5148060543384184
814.681,0.5206635038777216
814.8,0.5407387892729594
814.918,0.5395948526277214
815.037,0.5340066459164841
815.156,0.531339249073806
815.274,0.5169976206516291
815.393,0.5082408869665582
815.512,0.5082004174266359
815.631,0.4999424959126413
815.749,0.5053472987413974
815.868,0.5039342512408844
815.987,0.4988403527533555
816.105,0.4893449716998295
816.224,0.4946000182785789
816.343,0.4966910418308629
816.461,0.4984904347910277
816.58,0.48394500275042074
816.698,0.47451155097321296
816.817,0.45852598176148507
816.936,0.4299620135360054
817.055,0.4000502390604621
817.173,0.39382134583603706
817.292,0.37490933682153943
817.41,0.36047988142567455
817.529,0.343537223398112
817.648,0.3279378676732442
817.766,0.3216211474751302
817.885,0.32458593681692804
818.004,0.32193655576372376
818.122,0.3307970122110627
818.241,0.33071713313166373
818.359,0.3208569323412768
818.478,0.30675063516911055
818.597,0.296237362010272
818.715,0.29288198720703446
818.834,0.3129615808229046
818.953,0.3133502046343454
819.071,0.3402027125162898
819.19,0.37744142272662684
819.308,0.4784623312985048
819.427,0.6311726210438526
819.546,0.771299555528715
819.664,0.8600219234025741
819.783,0.8895445177571675
819.901,0.8133381560340992
820.02,0.7002254232819275
820.138,0.5570542115397961
820.257,0.4595317126367181
820.376,0.38735911850457405
820.494,0.3386532161498538
820.613,0.30556165483205494
820.731,0.2852162645674894
820.85,0.26296345259230747
820.969,0.2653787603551324
821.087,0.26756774476268363
821.206,0.2744656061441414
821.324,0.2802464885781779
821.443,0.3046039019341442
821.561,0.3299139001585765
821.68,0.34784530660634433
821.798,0.35207232719820203
821.917,0.3526691662109413
822.035,0.3303071335120703
822.154,0.30887403995798035
822.273,0.2811140263378022
822.391,0.2598453268626675
822.51,0.24125647607186942
822.628,0.23637538909750794
822.747,0.24753961462390392
822.865,0.2593828102161217
822.984,0.26676822390023436
823.102,0.27641461916340127
823.221,0.2804051825184063
823.339,0.27549481988614904
823.458,0.2753620194251698
823.576,0.2755703929773644
823.695,0.28441508560891393
823.813,0.2876456078454618
823.932,0.288314510016099
824.05,0.2934806036343167
824.169,0.30380934692383055
824.287,0.2988674566599918
824.406,0.2937150068566694
824.524,0.28249236198727085
824.643,0.27612835034178596
824.761,0.27196226501219456
824.88,0.26805290468261544
824.998,0.2779492690247408
825.117,0.29598764422251367
825.235,0.2975370681037184
825.354,0.2935882982346633
825.472,0.2868909944838994
825.591,0.2728488785617359
825.709,0.26344357645558086
825.828,0.263755540797253
825.946,0.25642205448066946
826.064,0.256281372111794
826.183,0.24659569928194147
826.301,0.2478838942157649
826.42,0.24223038026768173
826.538,0.24387213506994299
826.657,0.254063507964713
826.775,0.26465460618844916
826.894,0.2683377751355434
827.012,0.2680878720429782
827.13,0.26342635250283597
827.249,0.2626911490813001
827.367,0.24410342427734238
827.486,0.23639836230284567
827.604,0.2273105884861782
827.723,0.22260965940655988
827.841,0.2237593579587967
827.959,0.22818342624803029
828.078,0.2356172573663533
828.196,0.24625789901114348
828.315,0.25829814230073667
828.433,0.284873749735753
828.552,0.3085150354601047
828.67,0.3207635863154974
828.788,0.3199045243413239
828.907,0.31744993901181207
829.025,0.2989004977604877
829.143,0.2719027772324487
829.262,0.2398245006492798
829.38,0.20602325443799724
829.499,0.17995889871424964
829.617,0.15182549289550956
829.735,0.12986337514701285
829.854,0.12472580620145644
829.972,0.13178488060369967
830.091,0.1444936125666576
830.209,0.15740470669512818
830.327,0.1668212208594625
830.446,0.20238646291920245
830.564,0.24507920203596856
830.682,0.2865513682953954
830.801,0.3440710990292641
830.919,0.4087960195661048
831.037,0.45619763253633794
831.156,0.4758594336631561
831.274,0.45440807722224363
831.392,0.41520441222786164
831.511,0.35898145611425514
831.629,0.29278788651333554
831.747,0.2411476968473134
831.866,0.22098672132751465
831.984,0.21643192344003148
832.102,0.2132789791710356
832.221,0.20336673588856277
832.339,0.20075426530380294
832.457,0.19666900392949999
832.576,0.18398458104163284
832.694,0.1779142048646041
832.812,0.1805522109248286
832.93,0.18044311190130652
833.049,0.1674126055470878
833.167,0.14668588974382307
833.285,0.1403137607542172
833.404,0.139847783552429
833.522,0.13822684300097426
833.64,0.14202136487045663
833.759,0.15370975543509655
833.877,0.16575120673560917
833.995,0.1697432001507031
834.113,0.17020757417216897
834.232,0.17786782763703068
834.35,0.19439690893713302
834.468,0.19832367529361777
834.586,0.20891515776883804
834.705,0.22901334715240185
834.823,0.24433960429889806
834.941,0.2530495627608714
835.059,0.24889737352486913
835.178,0.22855478713589422
835.296,0.21202055180909768
835.414,0.18236191635472498
835.532,0.15755434007313385
835.651,0.13687903409699514
835.769,0.12890863683358444
835.887,0.1338346625964863
836.005,0.14747038482946748
836.124,0.15967895847482366
836.242,0.1808265062311921
836.36,0.20142811550670753
836.478,0.22024477426380795
836.596,0.22972264309672963
836.715,0.24093565765341748
836.833,0.2553971442497324
836.951,0.273498946306746
837.069,0.28503286711344966
837.188,0.2949937843016581
837.306,0.3151820399771916
837.424,0.3255156588101543
837.542,0.3310841013271022
837.66,0.3397433777257749
837.779,0.35543444195372664
837.897,0.34905503808853117
838.015,0.34917483027627394
838.133,0.3429553165426647
838.251,0.35702270774422395
838.369,0.3588427400636258
838.487,0.36592676087011844
838.606,0.3802700188480062
838.724,0.3868631093913176
838.842,0.38238099335515857
838.96,0.3767199690952596
839.078,0.36462167805874074
839.196,0.37753380676024506
839.315,0.37680798282952627
839.433,0.3693757812669122
839.551,0.3835737869421615
839.669,0.38137066827453137
839.787,0.38763834862045904
839.905,0.3827587592290185
840.023,0.3842837829957749
840.142,0.3881531113679053
840.26,0.3706669732916589
840.378,0.35825565791302044
840.496,0.3608109596403519
840.614,0.3570573570910698
840.732,0.3528330920417653
840.85,0.3561596947559753
840.968,0.3612372070097416
841.087,0.3532510199207858
841.205,0.34794130355564035
841.323,0.35603983850691723
841.441,0.3617400214843968
841.559,0.3682070015013864
841.677,0.3743271775709913
841.795,0.39019389574631974
841.913,0.4042928145794596
842.031,0.40682559656994816
842.149,0.419759119021454
842.267,0.432393128972946
842.385,0.4380550283977931
842.504,0.4321800666378849
842.622,0.43205664566772206
842.74,0.43728166219781184
842.858,0.45454573004425947
842.976,0.46191237354813464
843.094,0.4777802177103059
843.212,0.49455110331988816
843.33,0.5010676267579337
843.448,0.5000186446035166
843.566,0.4963303492910803
843.684,0.4989126747026243
843.802,0.5028180346537044
843.92,0.5021811636835173
844.038,0.5049695446871759
844.156,0.509874780954092
844.274,0.5154938928789367
844.392,0.5271291525014336
844.51,0.5352806088342923
844.628,0.5416034625354857
844.746,0.5479702297235236
844.864,0.5516740380298568
844.982,0.5475443558752939
845.1,0.530535636220123
845.218,0.5106353823542894
845.336,0.4788559673036843
845.454,0.4397328660685219
845.572,0.40576228062307673
845.69,0.3715833876118325
845.808,0.34572891532466565
845.926,0.33157907626173544
846.044,0.3105314418037428
846.162,0.29686014714873005
846.28,0.2725426469011094
846.398,0.24840417856139196
846.516,0.231020505287783
846.634,0.19545777444752638
846.752,0.18385942156892748
846.87,0.16753592783379317
846.988,0.16174337175336417
847.106,0.15049126849214
847.224,0.1443231038943576
847.342,0.14003072244077835
847.46,0.13213039304080632
847.578,0.11961078190287716
847.696,0.1164092052011915
847.814,0.10004769426913676
847.932,0.10556030990113996
848.05,0.0976569847333133
848.168,0.11255066302021283
848.285,0.12012705453042695
848.403,0.11918221182490654
848.521,0.12739155485829148
848.639,0.1286376304928401
848.757,0.13261430031372057
848.875,0.15337060992568302
848.993,0.16903764926255382
849.111,0.1924063522245537
849.229,0.19637161649191062
849.347,0.19874698733814006
849.465,0.20781297200047524
849.582,0.20942041982035323
849.7,0.21304225810085295
849.818,0.22694210427657496
849.936,0.24458022676826302
850.054,0.2595925479440377
850.172,0.26863263490900413
850.29,0.28052597253200007
850.408,0.2958501920630531
850.525,0.3002399533699056
850.643,0.297767950860645
850.761,0.30056331479900145
850.879,0.3099389458429317
850.997,0.30845668576792806
851.115,0.3025470454295571
851.233,0.29961901824922166
851.35,0.30810061574047753
851.468,0.3118992339551967
851.586,0.3119190403276323
851.704,0.31733119768716445
851.822,0.33456846886304437
851.94,0.35093084826256704
852.057,0.3725065467412829
852.175,0.40327930574674864
852.293,0.45446170225317783
852.411,0.5093463434966241
852.529,0.5662374932927968
852.647,0.6150361756543767
852.764,0.6673997323582306
852.882,0.7139137874170713
853.0,0.742127178330311
853.118,0.7649617300985598
853.236,0.7865700821956979
853.353,0.7968836602791447
853.471,0.807350372573125
853.589,0.7977114638135243
853.707,0.7889834784092298
853.824,0.7733396818203984
853.942,0.7397161273359814
854.06,0.7071341106805609
854.178,0.6770630446831538
854.296,0.646796056975211
854.413,0.6169873459120268
854.531,0.5857430016250901
854.649,0.5537352382591698
854.767,0.5194192018668249
854.884,0.4725596720528351
855.002,0.4242059576993013
855.12,0.38882586374111694
855.238,0.34564042899309033
855.355,0.30239081299506054
855.473,0.265752991734185
855.591,0.22540954777576594
855.708,0.19189183605451127
855.826,0.1488234564803108
855.944,0.12574287630871755
856.062,0.10835406990312349
856.179,0.09346497309312729
856.297,0.08165384051530387
856.415,0.07893157482059734
856.532,0.07413565028729567
856.65,0.05752258631359488
856.768,0.04669682344597077
856.886,0.04700328611065452
857.003,0.04370577899037917
857.121,0.038509118784573186
857.239,0.03408417072304352
857.356,0.03415942261203328
857.474,0.029183157153322422
857.592,0.01871257242682416
857.709,0.03029177766040711
857.827,0.04920689746971216
857.945,0.06955299596357847
858.062,0.08677902646817101
858.18,0.10313565566371408
858.298,0.11235772683169543
858.415,0.11399597392490525
858.533,0.12153849272279882
858.651,0.14190457834118644
858.768,0.168487363678749
858.886,0.1953137356222112
859.003,0.2289545799344162
859.121,0.2514042410224086
859.239,0.27229103237348506
859.356,0.2743344339210404
859.474,0.2756268022448761
859.592,0.2690147429367598
859.709,0.2558764638914932
859.827,0.23069237760881578
859.944,0.20569858310246314
860.062,0.1841277885962721
860.18,0.1671161148139804
860.297,0.1501010630711623
860.415,0.13682847037714585
860.532,0.12492087703746742
860.65,0.11202719511658524
860.768,0.09628936622943304
860.885,0.09020265820391868
861.003,0.09143909402691464
861.12,0.09763616302916694
861.238,0.10807714662305816
861.356,0.10943682081912881
861.473,0.11341622657223974
861.591,0.10894328002616344
861.708,0.10123390902420484
861.826,0.1077757336076452
861.943,0.10625098460114107
862.061,0.11165570614999493
862.178,0.11653431435392131
862.296,0.10473674817966835
862.414,0.11085090580083243
862.531,0.10593214548650537
862.649,0.09230602627977896
862.766,0.09506945871526934
862.884,0.09360910614339181
863.001,0.0949087644925475
863.119,0.09882549079530356
863.236,0.09839560639918071
863.354,0.10653453411214397
863.471,0.10371800257569219
863.589,0.10302587708145954
863.706,0.10686534075441803
863.824,0.11653164025180279
863.941,0.11642148755972034
864.059,0.1274569961122512
864.176,0.1464865204508235
864.294,0.16052584430145342
864.411,0.16488618525688947
864.529,0.16274395219886054
864.646,0.151790872100942
864.764,0.1458698272006293
864.881,0.13187095269467194
864.999,0.13581355253166705
865.116,0.15414513822460457
865.233,0.17885206141784327
865.351,0.19469296421592658
865.468,0.2079598610928357
865.586,0.2218922161934607
865.703,0.23844023872841974
865.821,0.2543959921844033
865.938,0.26956130287719166
866.056,0.27742121093805616
866.173,0.2718019305114421
866.29,0.26633465830851943
866.408,0.2546114032105647
866.525,0.24968910863924704
866.643,0.25159479827877823
866.76,0.25491923133942873
866.878,0.25323865288668523
866.995,0.250407315881256
867.112,0.24223654927031135
867.23,0.24111446029127837
867.347,0.2421925496018229
867.465,0.2548165079918599
867.582,0.2743146160532741
867.699,0.2813187741140982
867.817,0.28281910849045194
867.934,0.28122297905086996
868.051,0.2769537568480037
868.169,0.2697761106318421
868.286,0.2769435367847786
868.404,0.2871342376089105
868.521,0.29734408020935904
868.638,0.3075877024150724
868.756,0.32257510718679905
868.873,0.3458790507747077
868.99,0.36618674337563295
869.108,0.3966114277533515
869.225,0.43448676706563244
869.342,0.46652836854869056
869.46,0.4964835164132292
869.577,0.5193809787511188
869.694,0.5457521104970672
869.812,0.5676373106638563
869.929,0.58959795194907
870.046,0.6209617093531489
870.164,0.6289815075455994
870.281,0.6293941386324282
870.398,0.6268927157717508
870.516,0.6100203228446055
870.633,0.5958694401149569
870.75,0.5633739797528634
870.867,0.550573155246963
870.985,0.5469750212020235
871.102,0.5243803631430289
871.219,0.5089582412685838
871.337,0.49069750656505695
871.454,0.47690806561174104
871.571,0.4594073720266706
871.688,0.4167487544272546
871.806,0.3920034614997368
871.923,0.3752076356778574
872.04,0.3471632013028153
872.157,0.3300689889677639
872.275,0.31359519538274183
872.392,0.3040912603506804
872.509,0.27936510919947916
872.626,0.2535501287719107
872.744,0.23280546709458147
872.861,0.21430827515420037
872.978,0.18708243321340717
873.095,0.18192255541839264
873.213,0.1731606457153133
873.33,0.17272315673631133
873.447,0.15867924275666695
873.564,0.14914490607986686
873.681,0.13418894275807408
873.799,0.11951631810042355
873.916,0.0984841691390691
874.033,0.09093324542851097
874.15,0.09337354725563338
874.267,0.09697056016046984
874.385,0.09431887452423685
874.502,0.09512453830770212
874.619,0.10121637299127428
874.736,0.0938501891334332
874.853,0.08770856159839722
874.97,0.08303073124352592
875.088,0.09484566880592539
875.205,0.08925693224864951
875.322,0.08615205239516932
875.439,0.08674850622469937
875.556,0.0867303262663271
875.673,0.07954109528204342
875.791,0.0808525978234668
875.908,0.078952842157608
876.025,0.0724360255152885
876.142,0.06824349318599435
876.259,0.06555674273073045
876.376,0.05880279907822346
876.493,0.05834327608377482
876.61,0.0717428663631201
876.728,0.08691450946049287
876.845,0.09966056302990431
876.962,0.10194942627330082
877.079,0.10880064008881897
877.196,0.1045608200257084
877.313,0.08611058969407323
877.43,0.072011649465224
877.547,0.06632579964811766
877.664,0.06609705056665205
877.781,0.06998164604096804
877.898,0.08041491681804308
878.016,0.09028749860995777
878.133,0.09882143728289539
878.25,0.09624929260658918
878.367,0.09420915476463666
878.484,0.09749845105427465
878.601,0.10184865714206695
878.718,0.10374348934880193
878.835,0.09737353934503126
878.952,0.09641852367822376
879.069,0.08918878923411941
879.186,0.08219666958800845
879.303,0.08161300509491835
879.42,0.0905283012823418
879.537,0.08426707521612561
879.654,0.08845111659156378
879.771,0.07853841543059761
879.888,0.0824317404980244
880.005,0.07731098438141029
880.122,0.06954723419449607
880.239,0.05914048993728176
880.356,0.04609075160976735
