wavelength_nm,intensity
792.446,0.325478794521964
792.565,0.35341348967702857
792.684,0.3693029966156753
792.803,0.3731473153379042
792.922,0.36494644584371494
793.041,0.3345980474610213
793.16,0.3017916227994154
793.279,0.26445958132258957
793.398,0.23149477235030452
793.518,0.22234777146224446
793.637,0.23121483728956926
793.756,0.24093644172334905
793.875,0.2555495430078713
793.994,0.27414680776645456
794.113,0.29060895379425433
794.232,0.2940406138589694
794.351,0.2942198705206683
794.47,0.27926053376628934
794.589,0.2636713431252561
794.708,0.2480698746306818
794.827,0.2373660419136206
794.946,0.23917088638415057
795.066,0.2373402584211844
795.185,0.24327782839362172
795.304,0.2523290620240618
795.423,0.23854839920962073
795.542,0.23673987138302838
795.661,0.23482452623062924
795.78,0.23320753291927696
795.899,0.23467105306136649
796.018,0.22269646250280956
796.137,0.220896529173696
796.256,0.216816598442015
796.375,0.21345123878642136
796.494,0.21180355084121646
796.613,0.2065780963741583
796.732,0.20326553148879112
796.851,0.19964847583560652
796.97,0.1906181145561862
797.089,0.18828286681268422
797.208,0.1944156546564238
797.327,0.21105828513127656
797.446,0.2125574110486352
797.565,0.21248742728345138
797.684,0.21423211027163028
797.803,0.21925252458455335
797.922,0.2249310318472752
798.041,0.23296443141916484
798.16,0.24376034803778385
798.279,0.24657074871332332
798.398,0.23118045929965458
798.517,0.2224693222123008
798.636,0.2013575530485166
798.755,0.1892994730858807
798.874,0.18526497041230144
798.993,0.18609495331167447
799.112,0.18934121778792007
799.231,0.19568395692721102
799.35,0.20047354759356306
799.469,0.20424898755742682
799.588,0.19850172431487528
799.707,0.20235328697069338
799.826,0.20053125350520598
799.945,0.19244383137773602
800.064,0.18700105890300173
800.183,0.19731445587745872
800.302,0.18988635448514157
800.421,0.18515446973043242
800.54,0.18485120674796923
800.659,0.18972428681840023
800.778,0.18820428855002191
800.897,0.19860976942603642
801.016,0.203480393925759
801.135,0.2114082039571957
801.254,0.21374099612998948
801.373,0.21862512626860733
801.492,0.2172745623790951
801.611,0.21979152235500427
801.729,0.218138923268383
801.848,0.23020805329920574
801.967,0.22562227500163465
802.086,0.2225528116163796
802.205,0.23039590445838326
802.324,0.21894312267531973
802.443,0.1973009502385635
802.562,0.1790621988033781
802.681,0.15265990254876846
802.8,0.14241894491020352
802.919,0.12474335527154962
803.038,0.12071558177114433
803.157,0.10935684200174395
803.276,0.10223276598005565
803.394,0.09330953663291573
803.513,0.08409421873060482
803.632,0.07131613531320659
803.751,0.06715910762319592
803.87,0.05289341124816814
803.989,0.04475797547275423
804.108,0.03420834364214176
804.227,0.04136209405006152
804.346,0.041409740624316446
804.465,0.04723939358463131
804.583,0.04380382832190037
804.702,0.05415142373866461
804.821,0.049871186488198965
804.94,0.0518366189989015
805.059,0.05034284843012234
805.178,0.05595350745960773
805.297,0.054576636515931816
805.416,0.07015998729384784
805.535,0.0692870572657068
805.653,0.08046991330553566
805.772,0.07781286764597259
805.891,0.08298750966182984
806.01,0.0737843419359627
806.129,0.08263180540482948
806.248,0.09631811573470352
806.367,0.12121688741410626
806.485,0.14953199926705796
806.604,0.17615153302909342
806.723,0.20484314742720983
806.842,0.22506462376803493
806.961,0.24128872938546897
807.08,0.2679858440733928
807.198,0.2751746772699899
807.317,0.27589553722117743
807.436,0.27500431500242917
807.555,0.26560085692369184
807.674,0.25690337542356295
807.793,0.2373670048174216
807.912,0.2382609825035379
808.03,0.2550879307298359
808.149,0.2595228413771823
808.268,0.2877473210456094
808.387,0.3176280831567203
808.506,0.34896745426850456
808.624,0.36991239457246106
808.743,0.3872378236525248
808.862,0.3880728676416444
808.981,0.3632091363840547
809.1,0.3352317414684624
809.219,0.3190779195128728
809.337,0.29209134737804104
809.456,0.2718232167008558
809.575,0.25300632831221925
809.694,0.24382509938257527
809.812,0.2170153283387346
809.931,0.19666248047211649
810.05,0.20282488511268554
810.169,0.21768001006029686
810.288,0.2330164268667161
810.406,0.2522522899577634
810.525,0.25989417595002523
810.644,0.2677717967302746
810.763,0.2687639972447201
810.882,0.2838094289222175
811.0,0.3010796076613478
811.119,0.32002325783811925
811.238,0.3315559956175311
811.357,0.3333474843974976
811.475,0.3332923840048948
811.594,0.3333539232209318
811.713,0.33821855874221607
811.832,0.34437114109995326
811.95,0.3585387062492683
812.069,0.3673482161132821
812.188,0.3805961700323747
812.307,0.3932081311380426
812.425,0.40691036563815286
812.544,0.4134177779632253
812.663,0.4118561849411393
812.782,0.401783583844418
812.9,0.3956214791005117
813.019,0.3971981054435105
813.138,0.41812585675251135
813.257,0.439796418200744
813.375,0.4696980526628765
813.494,0.49498935312035597
813.613,0.5107051556011939
813.731,0.5116040444287289
813.85,0.511435987783549
813.969,0.5136989461394912
814.088,0.518386780569785
814.206,0.5237916416468742
814.325,0.5278422554783884
814.444,0.5302402702232814
814.562,0.5401511035499245
814.681,0.5382995344944583
814.8,0.5426633387709432
814.918,0.5396467330752459
815.037,0.541096797257203
815.156,0.5396726026846387
815.274,0.5284654011700205
815.393,0.5239508443800439
815.512,0.5207819270975946
815.631,0.508346900507169
815.749,0.4968651340238879
815.868,0.49072702576683963
815.987,0.4881267263351834
816.105,0.48959285199631297
816.224,0.4893167502399717
816.343,0.49073376448693684
816.461,0.48676816774151904
816.58,0.47376975414597255
816.698,0.4534353230596667
816.817,0.43466877387054914
816.936,0.4208993110726267
817.055,0.41186296081476736
817.173,0.3905548959426586
817.292,0.37244521191798535
817.41,0.3691438470491367
817.529,0.3522901874417098
817.648,0.34193866037979537
817.766,0.3362858847911771
817.885,0.33594063307966704
818.004,0.3438958110139951
818.122,0.3295181740093157
818.241,0.32780819915501513
818.359,0.326734817766248
818.478,0.3169103830255501
818.597,0.30293018856698667
818.715,0.3032290225563137
818.834,0.3335653477062501
818.953,0.4058338644360413
819.071,0.484728915234974
819.19,0.5743463587224816
819.308,0.6934813620500405
819.427,0.8078870063412433
819.546,0.8741234853232701
819.664,0.9041470223758297
819.783,0.8780074945802019
819.901,0.8039362818966255
820.02,0.6871441053679089
820.138,0.5572093380002299
820.257,0.46032989263423607
820.376,0.3844724284517266
820.494,0.3320617655852802
820.613,0.2983674071203464
820.731,0.27018265256817653
820.85,0.2528317583052341
820.969,0.25218172163748376
821.087,0.25596819466280074
821.206,0.258171345790023
821.324,0.27737984528025483
821.443,0.3098329865938819
821.561,0.34076220163656423
821.68,0.3608444292930638
821.798,0.3644801274357235
821.917,0.34993470429400814
822.035,0.31535182417334817
822.154,0.27834529576369066
822.273,0.25337351939494085
822.391,0.24561529369070115
822.51,0.2424895021274884
822.628,0.23208662677051303
822.747,0.2344511210993676
822.865,0.23599569068686432
822.984,0.2425622751126445
823.102,0.25020264478611043
823.221,0.2530455551353346
823.339,0.25842702365107667
823.458,0.26796036028862674
823.576,0.2592335711942065
823.695,0.2703374691934768
823.813,0.2698043775909561
823.932,0.2755711395958561
824.05,0.2683130052379059
824.169,0.26434249735106974
824.287,0.2600331207065014
824.406,0.262393074105415
824.524,0.2494044827926995
824.643,0.2474193038234464
824.761,0.24614869593028102
824.88,0.25281203699532306
824.998,0.2469126783171935
825.117,0.25925821000101995
825.235,0.2675053941728536
825.354,0.27526760312981646
825.472,0.2670526412738494
825.591,0.26449408654423
825.709,0.27195180473337455
825.828,0.27049825682244677
825.946,0.254976744324218
826.064,0.24602756682649732
826.183,0.23665848673767367
826.301,0.22961360432416494
826.42,0.22616858856888322
826.538,0.23389641953593004
826.657,0.24482385913576676
826.775,0.2409515740772582
826.894,0.24200025271799055
827.012,0.2383698413742402
827.13,0.2308448948872785
827.249,0.2283047569379711
827.367,0.22205302386321318
827.486,0.21607017578100368
827.604,0.20285812753384155
827.723,0.1912311501788252
827.841,0.1913724954428768
827.959,0.19864850139961515
828.078,0.19977575830301064
828.196,0.21222196838587254
828.315,0.23412949240744438
828.433,0.26692133359313064
828.552,0.28923157121084797
828.67,0.30931460619622436
828.788,0.31370777214153145
828.907,0.31153474201310105
829.025,0.28969381829731056
829.143,0.2593349854686262
829.262,0.22424588472719265
829.38,0.1902358054755683
829.499,0.1480846979872094
829.617,0.12101770512662569
829.735,0.10283942207346489
829.854,0.0989669547687258
829.972,0.11377785982896778
830.091,0.12421382377627645
830.209,0.13311016112214136
830.327,0.14875760838696
830.446,0.16229552481161147
830.564,0.19551013809890733
830.682,0.24547264000934782
830.801,0.3063622679501113
830.919,0.35759290851015424
831.037,0.3960189756122675
831.156,0.40772720562376674
831.274,0.3947569500178153
831.392,0.3493203662933442
831.511,0.2974907042300639
831.629,0.24742536972062823
831.747,0.20308765388807848
831.866,0.17704393983164854
831.984,0.17387018356607709
832.102,0.18467476355695708
832.221,0.1906480081794456
832.339,0.18878798224276305
832.457,0.1920944770761419
832.576,0.1842993367377303
832.694,0.16976119923459038
832.812,0.17430407391954966
832.93,0.1671180913664181
833.049,0.16302225610798848
833.167,0.1411828475160915
833.285,0.12458234024862344
833.404,0.12366785769023331
833.522,0.12015622453040525
833.64,0.12288310258878743
833.759,0.12697801175417656
833.877,0.12430397686449861
833.995,0.1236542290439685
834.113,0.12738235609433682
834.232,0.13589840374850098
834.35,0.14993080382752905
834.468,0.16181003687677392
834.586,0.18683646928559805
834.705,0.19783629458391708
834.823,0.21169317640123125
834.941,0.22543096303919744
835.059,0.2356548279937233
835.178,0.22486036138212995
835.296,0.19633649665275738
835.414,0.1664280348108535
835.532,0.1396936536677017
835.651,0.11300592245077998
835.769,0.09763661101612457
835.887,0.10523249416502595
836.005,0.13032554927484588
836.124,0.1509652657563802
836.242,0.18303845516425254
836.36,0.20779804733952928
836.478,0.22558425043121896
836.596,0.23204461027030177
836.715,0.23862529307408692
836.833,0.24854309647032147
836.951,0.26175873132767413
837.069,0.26138032674440914
837.188,0.2675582959520487
837.306,0.27417458453110277
837.424,0.2917255294737894
837.542,0.3005248204124368
837.66,0.3239114291431699
837.779,0.34930915028392173
837.897,0.3601514760517941
838.015,0.3681846289294809
838.133,0.3699008261603128
838.251,0.3715298506310034
838.369,0.3772928283889556
838.487,0.37898938105412183
838.606,0.3884357148743797
838.724,0.3911771128758864
838.842,0.38559903731799805
838.96,0.3871850893012949
839.078,0.37958362347984653
839.196,0.3723480376939204
839.315,0.37771075742643495
839.433,0.3880189965652723
839.551,0.39676549273369177
839.669,0.3960813695972538
839.787,0.40121449346855126
839.905,0.39427848730902604
840.023,0.38225699421281045
840.142,0.37903258317873567
840.26,0.3720474656050463
840.378,0.36672354161545706
840.496,0.3639521833770458
840.614,0.3670975227600524
840.732,0.37309500752063807
840.85,0.3669411006316762
840.968,0.3624447039707523
841.087,0.361926331857119
841.205,0.36281991290070303
841.323,0.36002768231127263
841.441,0.36348365138886735
841.559,0.3714185814382261
841.677,0.3935995049512302
841.795,0.3950750562526578
841.913,0.39685387053654886
842.031,0.40915848866115634
842.149,0.4239432332010503
842.267,0.43513547779484185
842.385,0.44343751566507744
842.504,0.45446063282634186
842.622,0.4756424460074463
842.74,0.46162917812053955
842.858,0.45756281327989035
842.976,0.4600829029713214
843.094,0.46296334766418124
843.212,0.4870322981054565
843.33,0.4934880537494612
843.448,0.5072141403677808
843.566,0.5114469906281834
843.684,0.5084177974654112
843.802,0.5080001037508138
843.92,0.49811986831215227
844.038,0.5122907201749949
844.156,0.525174852986739
844.274,0.53193110909616
844.392,0.5500848966477099
844.51,0.5561953376608733
844.628,0.5600245534861152
844.746,0.556919237631389
844.864,0.5453667585404407
844.982,0.5551973891765332
845.1,0.5380830424315026
845.218,0.513529544225968
845.336,0.4851551779984679
845.454,0.45001325889915766
845.572,0.41359198746087344
845.69,0.37145169184318216
845.808,0.3371471223553698
845.926,0.33387237212177767
846.044,0.3133239097413241
846.162,0.28902210753338065
846.28,0.27001942691374126
846.398,0.25105849099614136
846.516,0.23480113842827402
846.634,0.19869909118205575
846.752,0.1834104612585749
846.87,0.17404901298668174
846.988,0.15681210828868664
847.106,0.14659515287773706
847.224,0.13947139191265281
847.342,0.13322065060014474
847.46,0.12341463130052674
847.578,0.10117693551870602
847.696,0.09750867256127868
847.814,0.08600834846027683
847.932,0.0863788900869961
848.05,0.09084646501563301
848.168,0.09870935741191304
848.285,0.11172939112828945
848.403,0.10742699067113284
848.521,0.10494801066050122
848.639,0.10887728463363933
848.757,0.12151409826829868
848.875,0.13590621627883356
848.993,0.14743569126484307
849.111,0.1638195074278187
849.229,0.17329547599377026
849.347,0.17245546891414898
849.465,0.18124007122533342
849.582,0.19542079016779612
849.7,0.22075593905227572
849.818,0.23922408445126273
849.936,0.25633675481932106
850.054,0.26686726790403825
850.172,0.2733276725399074
850.29,0.27544171702225523
850.408,0.2783771499064973
850.525,0.2871421076520158
850.643,0.3032676385953761
850.761,0.31215046373488864
850.879,0.3170638588245895
850.997,0.31209849295518544
851.115,0.3160382542590835
851.233,0.3113270399579787
851.35,0.30494358200458715
851.468,0.30513491462241193
851.586,0.3086879235397679
851.704,0.3130795098539755
851.822,0.3242104099768487
851.94,0.3406969098143148
852.057,0.37780160910321575
852.175,0.4149382308113234
852.293,0.4726869130440956
852.411,0.5274827715002522
852.529,0.577426422236998
852.647,0.6287071312243612
852.764,0.6724345047132887
852.882,0.7063359120133382
853.0,0.7390291785249516
853.118,0.7619284012668929
853.236,0.8023689933628897
853.353,0.8291922180965408
853.471,0.8516850438862744
853.589,0.8592050272827336
853.707,0.8357209749174084
853.824,0.8079224848177687
853.942,0.7648307003474344
854.06,0.7258397189598006
854.178,0.6805256429985416
854.296,0.6502470264836158
854.413,0.6268501468784319
854.531,0.6000031904282213
854.649,0.5557842990028209
854.767,0.5295008960301428
854.884,0.4830130572703618
855.002,0.42966189838115054
855.12,0.36493776375689224
855.238,0.32247337760250355
855.355,0.28522216806163214
855.473,0.2532725356797735
855.591,0.22225970352309482
855.708,0.1920263080405732
855.826,0.15791693221228334
855.944,0.12261808675358433
856.062,0.10743057521747257
856.179,0.09742699480193046
856.297,0.08919808174176957
856.415,0.08125420825311613
856.532,0.07348745922206523
856.65,0.04971132636750239
856.768,0.03130258873641693
856.886,0.02151397483897935
857.003,0.02199395494839094
857.121,0.022480795167172933
857.239,0.02645320776950541
857.356,0.029412534930531503
857.474,0.036500853188940884
857.592,0.03504649541046047
857.709,0.031167465777572727
857.827,0.043129918295228276
857.945,0.05431350893860085
858.062,0.06737139095242828
858.18,0.08125772144818341
858.298,0.09058820452987625
858.415,0.114090823499613
858.533,0.12605868219494631
858.651,0.1546728893101686
858.768,0.18396231087068435
858.886,0.20871086954824775
859.003,0.22632353974777036
859.121,0.24485336560680718
859.239,0.24925383761083791
859.356,0.25586063989618985
859.474,0.2506917528503494
859.592,0.2517501931205144
859.709,0.23647663261041424
859.827,0.21659028252495277
859.944,0.1915803841568235
860.062,0.16785597705443905
860.18,0.14362081124474807
860.297,0.1278512254515906
860.415,0.11271401272317595
860.532,0.10157846247059399
860.65,0.08896182855626564
860.768,0.07992211844940798
860.885,0.07789336236973667
861.003,0.08684897108139358
861.12,0.09351166860953097
861.238,0.09618184402880474
861.356,0.0951668736404431
861.473,0.10473302151989489
861.591,0.10347397319319523
861.708,0.10687442146301432
861.826,0.11300694822288196
861.943,0.117900111286949
862.061,0.10143828504369862
862.178,0.09051528395259903
862.296,0.08665493006334157
862.414,0.08886073418182157
862.531,0.08678941690224082
862.649,0.08770855420003747
862.766,0.08951889791764137
862.884,0.08598965032750591
863.001,0.08638576651450311
863.119,0.09647524518224426
863.236,0.10958890697487686
863.354,0.11506734887462541
863.471,0.11436268514210024
863.589,0.10510322323884776
863.706,0.10327668660072657
863.824,0.10702057240747753
863.941,0.11775853719127674
864.059,0.11780068083649786
864.176,0.1294835115160987
864.294,0.14318366259526513
864.411,0.14816108851180787
864.529,0.14436275231161616
864.646,0.14901771827441695
864.764,0.14767372499707543
864.881,0.14900507600632235
864.999,0.14640137495567213
865.116,0.16171720114814103
865.233,0.1793216192406561
865.351,0.18781832557644224
865.468,0.19800692013018112
865.586,0.2224795694935428
865.703,0.23623856385701023
865.821,0.25190799223146054
865.938,0.27287408662350665
866.056,0.28132904825725313
866.173,0.2686894297221727
866.29,0.24673214813481173
866.408,0.22928820550912982
866.525,0.232558229592503
866.643,0.22659408002767492
866.76,0.23613685948515573
866.878,0.25336925861537735
866.995,0.2577320116639018
867.112,0.2573837523087369
867.23,0.2573399837213892
867.347,0.25107379895945275
867.465,0.2515211445137462
867.582,0.25615278255481927
867.699,0.2561151528942424
867.817,0.2573986202746791
867.934,0.25327614874100446
868.051,0.2556584840133625
868.169,0.26872255186640814
868.286,0.26807962402625907
868.404,0.2853328955075013
868.521,0.3039993479313151
868.638,0.30795570402763284
868.756,0.3318905834058984
868.873,0.34802165907349136
868.99,0.38562178944291214
869.108,0.41625178235709537
869.225,0.4383265669238957
869.342,0.47156683150089945
869.46,0.49796955944090876
869.577,0.5183352667947982
869.694,0.5491887166434273
869.812,0.5615762747663617
869.929,0.5935777039210757
870.046,0.6062341470365581
870.164,0.614587202485913
870.281,0.6209954459343703
870.398,0.624642400121452
870.516,0.6157610325552768
870.633,0.6054235115591367
870.75,0.5777128278024531
870.867,0.5694981476835554
870.985,0.5638127053941078
871.102,0.545510540805908
871.219,0.5315154472398982
871.337,0.5196174110586949
871.454,0.5052024149015822
871.571,0.47583053756079907
871.688,0.4408464533664155
871.806,0.4119251732505874
871.923,0.3939434606398083
872.04,0.3618679999492923
872.157,0.33085702916078297
872.275,0.3205919475005353
872.392,0.3119401757955777
872.509,0.29319969183596395
872.626,0.2796380064999523
872.744,0.26832562393265547
872.861,0.258342932903851
872.978,0.23302029166089636
873.095,0.2028945541126947
873.213,0.19095231765874382
873.33,0.170419267082141
873.447,0.1518801399205999
873.564,0.13681441752581322
873.681,0.12672122581513962
873.799,0.11639966602860283
873.916,0.10686143329798325
874.033,0.11143659321276614
874.15,0.11629903727250754
874.267,0.10877272607540195
874.385,0.09934754752713185
874.502,0.09144226052323962
874.619,0.08601542628740039
874.736,0.07891830314797785
874.853,0.08733888749467411
874.97,0.09900982754056672
875.088,0.111285357365776
875.205,0.11656971468088302
875.322,0.10564544064397124
875.439,0.09641672832813783
875.556,0.08757841367207515
875.673,0.07523077823058037
875.791,0.07404981092369631
875.908,0.07256860775813648
876.025,0.07612170926991838
876.142,0.08966043746909302
876.259,0.08718946347125972
876.376,0.08881901223983929
876.493,0.08306176067783372
876.61,0.07086885857813896
876.728,0.0814135159113608
876.845,0.08879642518825723
876.962,0.0804267277649699
877.079,0.09157814691660746
877.196,0.09844530329296092
877.313,0.10194587006020106
877.43,0.0916364464288181
877.547,0.08004720619061192
877.664,0.08024882432245503
877.781,0.07106276332926525
877.898,0.06161321831942149
878.016,0.05798171286204166
878.133,0.06912390316572437
878.25,0.0729894709283111
878.367,0.07585857221539208
878.484,0.07988381137313502
878.601,0.08143739481133432
878.718,0.08112319798089751
878.835,0.08439494762171042
878.952,0.07730885846419588
879.069,0.07469389675840346
879.186,0.06626695472952218
879.303,0.06737420688098215
879.42,0.07129664481103826
879.537,0.07462438500434079
879.654,0.07036891586049754
879.771,0.06800190105371287
879.888,0.057056892796414516
880.005,0.05410123906819808
880.122,0.05204618782800356
880.239,0.050891739075831
880.356,0.05063789281168041
