wavelength_nm,intensity
792.446,197.7767450237252
792.565,213.20401775099802
792.684,219.97587922285956
792.803,218.09232943930985
792.922,207.55336840034863
793.041,171.35769740467765
793.16,139.75077099775132
793.279,121.1005545475349
793.398,102.94297878995914
793.518,106.41743766441796
793.637,106.98800043498078
793.756,112.25380130078165
793.875,128.99752424450455
793.994,149.98280562978584
794.113,179.2763121232923
794.232,196.77155021853036
794.351,196.2260956730758
794.47,191.47458052156065
794.589,165.14730779428794
794.708,138.80185324883345
794.827,120.45899610597635
794.946,116.22609567307596
795.066,121.42782727480764
795.185,114.27544632242669
795.304,119.81743766441802
795.423,113.3732818202622
795.542,102.65033809731844
795.661,94.61570606268636
795.78,94.64600909298937
795.899,109.66419091117123
796.018,109.51427464934606
796.137,97.0842159819844
796.256,100.0650407619085
796.375,93.12227359172078
796.494,89.31152223938814
796.613,89.4819408417055
796.732,91.89614332420892
796.851,98.0942726652452
796.97,87.03079743276798
797.089,82.37165120461967
797.208,84.13155259551891
797.327,86.21872671369098
797.446,87.75784888381114
797.565,90.7030316599919
797.684,104.11314950110784
797.803,117.68430630326291
797.922,129.5593592093142
798.041,132.25172813268148
798.16,140.06617497812672
798.279,135.4295395724898
798.398,118.25957083351959
798.517,101.71817352312077
798.636,93.78543422137997
798.755,94.61200227894662
798.874,91.46194695988999
798.993,81.61059293953483
799.112,91.33672809666898
799.231,95.88277667371663
799.35,96.91886854080762
799.469,97.54976560270381
799.588,100.56940725334451
799.707,113.33883245376887
799.826,112.04245678839254
799.945,103.9278993048346
800.064,103.6254630333978
800.183,98.69012632906058
800.302,96.72621819615176
800.421,91.51036201129477
800.54,84.58887812081001
800.659,93.48297864590978
800.778,100.12166791559842
800.897,104.08503250996252
801.016,117.45445771038723
801.135,129.7069997939289
801.254,139.87815659608532
801.373,141.52723547616375
801.492,134.07328405321198
801.611,135.42193003285774
801.729,139.5324807744082
801.848,143.85428692721405
801.967,151.68085498478177
802.086,163.34465247957888
802.205,172.17381793974386
802.324,168.24367604060126
802.443,154.62262505054954
802.562,129.7149939739178
802.681,103.04718973711299
802.8,73.46411012872298
802.919,47.31305292211134
803.038,40.03897415494136
803.157,33.3151704817693
803.276,27.322011758756517
803.394,20.09715784382478
803.513,9.730283464327014
803.632,-6.273858960479181
803.751,-15.212303882177201
803.87,-22.422910818855108
803.989,-25.008041177876418
804.108,-27.60112026673632
804.227,-23.15872182885979
804.346,-29.416086152281558
804.465,-26.225019918230807
804.583,-21.71581043781375
804.702,-17.32747075962681
804.821,-16.6358284546613
804.94,-21.35965148606548
805.059,-18.990848360154477
805.178,-15.493486303405856
805.297,-16.814157449258232
805.416,-3.5056590519488804
805.535,6.064633425238842
805.653,3.666769758331174
805.772,4.772078809492137
805.891,5.088123957400793
806.01,2.4820183558473032
806.129,13.107856585284852
806.248,32.16143331023119
806.367,62.80211824551904
806.485,91.13617436950096
806.604,117.7546925404748
806.723,148.76285326159075
806.842,173.9613282441416
806.961,188.61601852837651
807.08,201.9114014533041
807.198,211.78860256004992
807.317,213.683119684112
807.436,214.44084027137757
807.555,200.2963963564789
807.674,191.59697408660202
807.793,187.0464695656429
807.912,186.87864902736766
808.03,190.77576355402732
808.149,204.48499929280806
808.268,229.71284975020353
808.387,263.86537553227424
808.506,283.34430824075184
808.624,310.81718034316907
808.743,329.7013078568417
808.862,327.2295912146702
808.981,313.00549362011765
809.1,290.6220886662576
809.219,273.2343547080685
809.337,249.81631771957632
809.456,229.61905995186345
809.575,219.42180218415078
809.694,202.4825530744469
809.812,184.9398407612798
809.931,174.9694228204071
810.05,181.7704334509628
810.169,199.57490728498146
810.288,217.28500882462788
810.406,243.03320560236958
810.525,248.71300411171308
810.644,243.0629324911866
810.763,242.02757948537862
810.882,239.56798405532825
811.0,249.06076957765856
811.119,258.96740791384167
811.238,273.6913622673407
811.357,284.67419107971415
811.475,289.86481209987977
811.594,292.49179675640903
811.713,297.0062273003842
811.832,303.32845005215165
811.95,317.4221013753478
812.069,321.83177001456147
812.188,335.7158975282339
812.307,338.9844406263221
812.425,342.06423913566573
812.544,340.33451383548555
812.663,328.841152171669
812.782,315.1884831485452
812.9,311.98516477477233
813.019,311.75760397675697
813.138,323.8971427458411
813.257,332.0063784846226
813.375,344.36323327102286
813.494,351.54173307906825
813.613,357.9669861338668
813.731,359.3359621323882
813.85,367.23307665904804
813.969,377.53884919436587
814.088,389.4905091755709
814.206,401.36164967625643
814.325,416.30551744966914
814.444,422.89440686810354
814.562,444.30147810471976
814.681,470.4176402504267
814.8,490.27319633552764
814.918,494.54693423881037
815.037,497.84231716373813
815.156,497.7273104782762
815.274,497.37161115212143
815.393,482.25747026752504
815.512,470.4264462660457
815.631,468.79109326023706
815.749,460.74621644490463
815.868,444.79657772481045
815.987,442.2495364073137
816.105,449.14665093397286
816.224,460.2056702225367
816.343,461.1348193812305
816.461,459.58777806373394
816.58,453.81303111853174
816.698,441.596725731771
816.817,416.81505237964257
816.936,390.48792448205944
817.055,365.12616454984425
817.173,333.88388513710953
817.292,304.514332997102
817.41,285.728330640644
817.529,275.372631314489
817.648,271.5286203000222
817.766,264.808418809365
817.885,266.2613774918678
818.004,256.98186864190313
818.122,252.85387494345372
818.241,244.3613790805021
818.359,253.47494382361097
818.478,257.279417657629
818.597,265.0077010154564
818.715,272.28563025423125
818.834,282.1185541614824
818.953,258.8549375020758
819.071,273.470240920845
819.19,280.1343116919062
819.308,394.7028315000553
819.427,528.1612837102109
819.546,673.4319640128454
819.664,783.0584196360255
819.783,816.817462449445
819.901,759.2764187019234
820.02,659.9273059010652
820.138,518.1853337420846
820.257,437.4179852804251
820.376,351.2745957055646
820.494,299.79970840466547
820.613,266.8491241591346
820.731,248.1332516728066
820.85,230.17495494405443
820.969,234.29544609409015
821.087,238.8064134346021
821.206,240.7147833725166
821.324,252.52185460913242
821.443,273.89689121371356
821.561,307.99660314297006
821.68,336.6054059813178
821.798,339.14234734780416
821.917,334.2749597099617
822.035,309.2932863578336
822.154,275.06918876328115
822.273,252.47625999989765
822.391,229.1569243101072
822.51,228.17265355538154
822.628,220.22041743269057
822.747,222.439609881428
822.865,220.5497114210744
822.984,222.95245365336126
823.102,219.2045465349987
823.221,219.9639987239956
823.339,221.12171931126107
823.458,227.21537063445743
823.576,229.204260052892
823.695,237.93600661418364
823.813,234.75000425772623
823.932,234.2358633731301
824.05,225.46977443658565
824.169,219.04654264289837
824.287,212.73673076263105
824.406,212.28059853604367
824.524,207.68940137439154
824.643,203.5536154681506
824.761,199.95895510303524
824.88,204.55736833099346
824.998,208.38521878838867
825.117,217.87887011158472
825.235,220.21581147807092
825.354,224.58219007399447
825.472,217.50181542316483
825.591,216.45347540436975
825.709,219.59387997431938
825.828,220.4580940680785
825.946,217.4140830536125
826.064,216.16834043741488
826.183,208.47757617619556
826.301,202.5088898370541
826.42,192.50903466674396
826.538,195.9152401024944
826.657,208.14568796248744
826.775,212.8947505410953
826.894,218.81610749199763
827.012,216.91841682385228
827.13,219.1878257228064
827.249,204.51697488150072
827.367,184.51538810945902
827.486,176.07570609932196
827.604,170.55723621039698
827.723,161.13140701411254
827.841,157.43977695202722
827.959,158.6918698336649
828.078,168.66084583218577
828.196,178.41077421165897
828.315,198.3858108162406
828.433,220.16517642515123
828.552,244.5280918176117
828.67,250.23992495899
828.788,242.6149615635719
828.907,239.15017132832713
829.025,217.24295685065817
829.143,199.84743068467742
829.262,170.3126362191107
829.38,139.22231529332885
829.499,117.25907297082118
829.617,83.53435959496679
829.735,64.18487144196001
829.854,56.428928437264666
829.972,52.99231465638046
830.091,60.10176231214689
830.209,73.95594742573887
830.327,100.06622049982462
830.446,139.80422848613802
830.564,180.92631244895767
830.682,239.4453889134448
830.801,290.50194345889804
830.919,338.7610954069487
831.037,359.5544464891985
831.156,356.17723480088546
831.274,332.98617029871946
831.392,290.91458631603393
831.511,243.29841358875967
831.629,212.83981661906097
831.747,182.64788631602906
831.866,156.8412373982785
831.984,148.5540690000086
832.102,148.3231776580156
832.221,147.28535990909626
832.339,146.78520449783915
832.457,152.55604475757772
832.576,157.54420103463218
832.694,150.31677289610238
832.812,128.5515006499715
832.93,126.13526733271756
833.049,120.86631036371719
833.167,105.37370407525849
833.285,102.59065681389397
833.404,111.68315053074659
833.522,119.34344727501612
833.64,120.77158626834375
833.759,111.43529145753911
833.877,105.23329364615037
833.995,110.84531335533836
834.113,110.72618198775443
834.232,125.90274336277588
834.35,157.26072977532584
834.468,181.24952189010335
834.586,193.22933488876907
834.705,199.61867169695847
834.823,208.42445872159823
834.941,209.71596003195222
835.059,203.9061626410076
835.178,188.06952542322315
835.296,178.92985790240851
835.414,163.41443280583627
835.532,145.1985748088311
835.651,139.33856096767013
835.769,138.06902331698555
835.887,135.18996185677713
836.005,146.98449347016196
836.124,150.92621123073303
836.242,158.68957401294915
836.36,172.83475497698328
836.478,181.44054200162333
836.596,199.19957577951004
836.715,212.66077405956133
836.833,231.63366065130077
836.951,254.46801910451222
837.069,266.6244554798015
837.188,276.57396544816424
837.306,291.3901420831935
837.424,295.39160010350406
837.542,301.3506338813904
837.66,316.12092307053234
837.779,328.4998702683324
837.897,336.13336292067817
838.015,331.2612278673963
838.133,334.80640883143064
838.251,336.79228243615773
838.369,327.0110564737853
838.487,328.41944090102345
838.606,337.8486045490408
838.724,348.7591534784434
838.842,353.3943777325212
838.96,349.32397428097136
839.078,352.0172071930579
839.196,355.6022149969192
839.315,353.4313786449363
839.433,358.5999362323473
839.551,351.9849440362084
839.669,351.88943235955
839.787,347.5653492543204
839.905,334.9356384434631
840.023,334.2124211390995
840.142,343.3428834884157
840.26,346.4586272230133
840.378,346.67480385804396
840.496,332.4840540861484
840.614,329.3123519333004
840.732,322.7977926375952
840.85,314.1966532553098
840.968,315.8050376825482
841.087,323.71125760762186
841.205,320.5499450651632
841.323,315.6760784101501
841.441,306.59788275080814
841.559,310.2686048403837
841.677,319.9176819083142
841.795,337.3970620065478
841.913,360.16129058962997
842.031,383.0415364887298
842.149,395.8750291410764
842.267,406.40029668519816
842.385,413.86322656698235
842.504,418.55386207647217
842.622,432.5423330837974
842.74,447.1576439179624
842.858,456.9755521547246
842.976,454.65320065122705
843.094,453.40617382305425
843.212,458.18945002518456
843.33,454.3926396472285
843.448,452.5646604381035
843.566,452.54360763590495
843.684,462.11389682504836
843.802,464.69197822198385
843.92,465.41205096091073
844.038,469.66718863490246
844.156,479.2608544474224
844.274,481.49694450236666
844.392,486.0906103148868
844.51,490.723237166368
844.628,493.07014973213484
844.746,496.76338264422196
844.864,493.8981739978675
844.982,486.5957359142834
845.1,474.3002242376258
845.218,459.5397774960331
845.336,432.34123551634514
845.454,401.0976718916354
845.572,363.43332904614647
845.69,335.78283901451044
845.808,300.69338794391354
845.926,280.74939141877155
846.044,260.1283386165733
846.162,245.80252390961337
846.28,224.96675249269668
846.398,206.77600272080159
846.516,188.82767719133068
846.634,172.92177590428415
846.752,148.27128587264872
846.87,129.78183480205234
846.988,114.0534226924949
847.106,97.98677669555772
847.224,84.64680396539757
847.342,74.95274128526502
847.46,60.60399416069569
847.578,50.59678336168973
847.696,36.271233484882394
847.814,27.10651928496919
847.932,19.878930565307527
848.05,16.196338597838572
848.168,25.185800989850982
848.285,37.31384254384963
848.403,48.617275284191265
848.521,61.46372878817624
848.639,71.05226074125832
848.757,81.8955562574966
848.875,81.2893737048433
848.993,87.81998768898664
849.111,105.77570989823826
849.229,120.30545808151608
849.347,129.97286860245646
849.465,136.33551721863498
849.582,140.41678055342828
849.7,145.77942916960677
849.818,140.8494370931445
849.936,138.39217228940936
850.054,146.75655250731913
850.172,160.79972060401684
850.29,166.9952696530956
850.408,174.22112173247746
850.525,186.57424653913208
850.643,191.2399254583408
850.761,193.5532234251685
850.879,197.0898980153727
850.997,206.66466784367208
851.115,216.68013031266395
851.233,216.49299537905853
851.35,215.95001628960907
851.468,215.17327096639337
851.586,212.76449101114318
851.704,215.07432577450766
851.822,224.22312157683297
851.94,251.92602993327083
852.057,289.46703352780384
852.175,333.1768682911681
852.293,390.26072902855833
852.411,448.1064945278533
852.529,502.3124331873214
852.647,548.0162073446251
852.764,592.722578904526
852.882,640.802110637587
853.0,673.5162744052801
853.118,696.1923429348781
853.236,715.0632166592809
853.353,733.3548696044629
853.471,733.2439251470477
853.589,730.9580889147405
853.707,721.7770145871954
853.824,707.3820874457974
853.942,677.1646494818885
854.06,643.9601985309666
854.178,609.4345354588327
854.296,586.9218593996857
854.413,555.3035556349109
854.531,528.0947756796602
854.649,497.4453030837169
854.767,459.4434495353929
854.884,417.1740635195365
855.002,372.6085736075763
855.12,323.70455555708804
855.238,281.07845958452174
855.355,243.72855408814598
855.473,208.5215057346275
855.591,169.48069114734272
855.708,131.33598045616182
855.826,100.60685418056522
855.944,73.34165270459013
856.062,43.210362353058386
856.179,23.00774353734407
856.297,9.575509475051193
856.415,-0.5121203507697103
856.532,-13.697425733095605
856.65,-22.575467413387365
856.768,-27.811096626770503
856.886,-36.27495654217148
857.003,-39.07264592459978
857.121,-40.344406344553086
857.239,-38.61948504745645
857.356,-27.904939655392845
857.474,-29.45323258802716
857.592,-30.314272167686944
857.709,-27.835999648768087
857.827,-28.725244970928212
857.945,-12.51084951051992
858.062,-2.9773752115205205
858.18,15.651582247138526
858.298,34.87552474472537
858.415,46.846298540829196
858.533,66.00282757586301
858.651,92.87275989589224
858.768,115.8209788750676
858.886,143.36140564645075
859.003,163.95984107584235
859.121,177.0682332151906
859.239,184.0536816315951
859.356,183.8858832947528
859.474,185.29384253366823
859.592,183.06457233535434
859.709,168.0223151240537
859.827,156.1869843196795
859.944,142.10143706508893
860.062,113.0824407690107
860.18,89.90017384835431
860.297,62.24910675635304
860.415,45.168218277904
860.532,27.25713411561164
860.65,12.53467165860863
860.768,8.947792354536121
860.885,14.109114991754025
861.003,8.54626350148737
861.12,12.681406301167522
861.238,20.06987883721408
861.356,32.37820738315733
861.473,37.85050003579042
861.591,39.23914972841452
861.708,42.882762823929326
861.826,56.10223773867628
861.943,44.09943036398261
862.061,42.15206624613414
862.178,40.777767754155455
862.296,31.876298622481325
862.414,20.526396855380945
862.531,12.166540107934296
862.649,6.622358504103485
862.766,6.714554426445595
862.884,-7.096602297613651
863.001,-5.047827085126654
863.119,2.52811600970944
863.236,10.633616528236326
863.354,25.394095689636757
863.471,34.29504125987039
863.589,34.66573853052243
863.706,28.129530217735827
863.824,17.6218381385745
863.941,15.764496483157313
864.059,25.484149569995793
864.176,39.652137895027714
864.294,51.60917345629281
864.411,63.47789386648667
864.529,66.0114404071323
864.646,68.6205757942995
864.764,71.58122633298194
864.881,77.96005868984625
864.999,81.80122870904823
865.116,87.66490955076097
865.233,91.40045186433514
865.351,96.81478205669708
865.468,104.75032437027119
865.586,128.80274980072832
865.703,157.2092877852981
865.821,176.96474351878572
865.938,188.14530747738152
866.056,193.06959437970028
866.173,184.7774310655688
866.29,170.0662201323896
866.408,162.20782305202437
866.525,167.50873333096655
866.643,168.31960031986557
866.76,167.7200776983752
866.878,174.57942953575935
866.995,177.832720767083
867.112,177.65744056983516
867.23,174.77999587042268
867.347,170.73631740477634
867.465,170.44675149324235
867.582,165.88445830898098
867.699,162.38017378272818
867.817,167.43779401838012
867.934,178.80450516312305
868.051,197.0041167407664
868.169,213.9595724742539
868.286,223.83364292635616
868.404,236.87654454728954
868.521,255.37312582190245
868.638,266.6047720315803
868.756,276.2511368559767
868.873,296.5494497323211
868.99,315.5222214831243
869.108,336.53828327721754
869.225,355.4443883613542
869.342,386.2067705017679
869.46,426.2903647633939
869.577,456.6847815358425
869.694,481.16058358967643
869.812,511.8614938686187
869.929,526.5494171345739
870.046,545.9776001407888
870.164,554.1919303331509
870.281,564.1698968891494
870.398,570.9158288131134
870.516,563.9647910401079
870.633,554.3912424445919
870.75,542.222022853405
870.867,526.3263963358115
870.985,518.639427826876
871.102,494.2485632140444
871.219,481.8403825838966
871.337,466.2027647243116
871.454,445.88549318507285
871.571,418.0504727280853
871.688,387.36869902434444
871.806,355.7111677448462
871.923,333.71337672508815
872.04,299.44545583520005
872.157,275.97407174184883
872.275,255.9641595099695
872.392,235.23996156380446
872.509,213.99974630162205
872.626,199.71104619095482
872.744,186.26477032271174
872.861,176.216762852737
872.978,154.84148265548941
873.095,137.98221977425897
873.213,123.8502296203011
873.33,100.81607496417857
873.447,84.33430126043692
873.564,75.06205136621901
873.681,63.69542917762851
873.799,54.145257205488036
873.916,42.62885146711366
874.033,42.49772711402052
874.15,37.792462184409466
874.267,25.265405412943373
874.385,18.07458599183381
874.502,12.413908985023573
874.619,1.1367810312174795
874.736,-0.2550298954151671
874.853,-0.45477151875316113
874.97,-1.6914915885924562
875.088,-2.9420680594157083
875.205,-1.3681719312178728
875.322,-0.4740222217131569
875.439,-0.21816427142114403
875.556,-9.407448375367716
875.673,-9.054380486495083
875.791,-10.21010428552446
875.908,-19.723895336083338
876.025,-21.020051926957134
876.142,-16.25507520735715
876.259,-11.209810076827615
876.376,-9.146946434223388
876.493,-13.941596113905735
876.61,-13.650333985755902
876.728,-14.534612092559598
876.845,-7.571585741934458
876.962,-4.978736433183409
877.079,-3.5565649330191578
877.196,2.4617755956729437
877.313,7.026908892502986
877.43,8.506750203177475
877.547,-2.458520185061972
877.664,-4.888738535290664
877.781,-6.321833582593182
877.898,-11.112996222624812
878.016,-12.978673135780323
878.133,-0.43708356865685616
878.25,11.61277915658943
878.367,13.798652097314193
878.484,9.872761817230744
878.601,5.0264637818456
878.718,-5.85686136582147
878.835,-16.36589391213325
878.952,-17.948855041452138
879.069,-12.252124190680169
879.186,-7.2370804343818165
879.303,-8.357750260696472
879.42,-2.901276745071297
879.537,-6.440434014970084
879.654,-5.810670711898103
879.771,-15.11133509519397
879.888,-20.792666514130794
880.005,-23.865333252561072
880.122,-26.405000281430702
880.239,-28.411667600739708
880.356,-29.88533521048809
