wavelength_nm,intensity
792.446,179.12310075272217
792.565,202.39219166181306
792.684,216.25392326354466
792.803,220.70829555791693
792.922,215.75530854492973
793.041,193.16223495185614
793.16,170.3154817051029
793.279,146.50336049298176
793.398,121.91894490856623
793.518,109.86526525488662
793.637,104.34838213800356
793.756,108.72673711635849
793.875,130.24794923757062
793.994,143.7656981553195
794.113,164.94232153194287
794.232,173.52413971376103
794.351,176.5916721812935
794.47,169.1708929605142
794.589,153.77868516830645
794.708,142.49210508172644
794.827,131.13452932415072
794.946,117.06180205142344
795.066,110.72673711635856
795.185,104.03755962718101
795.304,105.63929122891255
795.423,104.15011373973505
795.542,109.8583388479602
795.661,115.49123928086067
795.78,116.77349036311168
795.899,118.22197521159649
796.018,113.14578473540607
796.137,109.77868516830648
796.256,107.82890161852293
796.375,109.08258127220262
796.494,110.12067651029795
796.613,107.64794923757069
796.732,104.44188863151004
796.851,99.98387997350139
796.97,96.71981070943218
797.089,88.2011959908175
797.208,81.97955096917251
797.327,92.26526525488677
797.446,90.46786265748419
797.565,92.60898819860967
797.684,95.011585601207
797.803,109.73885832847967
797.922,125.90855529817667
798.041,128.4358280254494
798.16,120.22976741938882
798.279,112.79513538475678
798.398,92.25314404276546
798.517,82.33885832847972
798.636,75.15617434579576
798.755,82.60725659687799
798.874,85.5336635232849
798.993,84.65920464882603
799.112,89.22630421592558
799.231,98.09556828518966
799.35,99.51028689990821
799.469,101.6037933934147
799.588,102.61418300380438
799.707,99.85574144536284
799.826,85.66180205142348
799.945,74.85314404276554
800.064,76.13193192155343
800.183,85.11201850163997
800.302,84.68604447566585
800.421,84.93972412934546
800.54,81.74924793886922
800.659,78.65314404276532
800.778,79.9960011856225
800.897,87.65400984363114
801.016,97.92240811202943
801.135,106.6271700167913
801.254,112.99167218129347
801.373,109.62976741938877
801.492,101.85574144536278
801.611,103.28777607739744
801.729,105.83582802544939
801.848,113.87911806873942
801.967,114.84015702977834
802.086,116.71201850163979
802.205,117.1353951250164
802.324,108.06353365315493
802.443,87.27603118922912
802.562,79.01295316734334
802.681,65.55053680233402
802.8,52.5042158924447
802.919,37.57289619775402
803.038,31.23927640968132
803.157,19.40972775025834
803.276,9.600057088490031
803.394,0.3817523099711895
803.513,-1.5994323864621802
803.632,-5.7482323553335375
803.751,-14.517913767083389
803.87,-11.990403814980228
803.989,-11.422025034179223
804.108,-13.351587779389591
804.227,-19.185327913658764
804.346,-17.397868134647734
804.465,-20.98572095392706
804.583,-23.516718762511594
804.702,-20.610675872201114
804.821,-14.725733527404298
804.94,-11.65711769151345
805.059,-12.003739472025039
805.178,-17.998047056593887
805.297,-17.069836586667392
805.416,-10.369771146463417
805.535,-7.519137439801668
805.653,5.7590648023128175
805.772,4.937275005462508
805.891,8.28239142279546
806.01,5.010723332558122
806.129,11.354442025266023
806.248,16.504883308571838
806.367,28.208890280546633
806.485,39.474688570981044
806.604,63.96651247798886
806.723,85.21332900945163
806.842,108.33789454857887
806.961,125.11537183554225
807.08,140.25561968527597
807.198,141.9993307384729
807.317,136.28676473539275
807.436,130.23047578858973
807.555,118.76379723139706
807.674,109.9040450811309
807.793,107.37156565813751
807.912,111.6044542005121
808.03,118.8970830026268
808.149,138.51352132855084
808.268,158.02086874538375
808.387,176.40613824013874
808.506,183.11954626303213
808.624,194.45200190497317
808.743,208.1861891486459
808.862,212.17838505032722
808.981,208.5705809520086
809.1,206.5523872433004
809.219,195.76709396749257
809.337,174.01123792112207
809.456,150.91165893102868
809.575,130.00428773314314
809.694,116.1826308209721
809.812,100.40772715555434
809.931,96.16442522173824
810.05,96.33064709744602
810.169,103.93583001211474
810.288,115.7903635761339
810.406,129.0890529843089
810.525,129.81891122365255
810.644,135.67863959286655
810.763,141.58945021316268
810.882,151.43359416679203
811.0,151.7859632286465
811.119,155.07166562383432
811.238,165.86559312724722
811.357,165.4448020159415
811.475,162.531370211995
811.594,167.14001633012634
811.713,180.9001775997728
811.832,191.75557696465722
811.95,203.55643087499618
812.069,215.0126960407465
812.188,227.10359324112886
812.307,230.70617875319942
812.425,238.92001967652556
812.544,233.68191254790372
812.663,238.9641517396284
812.782,232.63080651576868
812.9,236.65503704948492
813.019,246.51909442302804
813.138,256.14505655847586
813.257,271.30262042552545
813.375,291.25585528824604
813.494,298.2082243501009
813.613,309.8402470916094
813.731,310.76491052575864
813.85,315.7813488516829
813.969,319.1943239741439
814.088,317.48175797106387
814.206,320.0808802796722
814.325,325.83757834585606
814.444,325.15618117394456
814.562,323.0313361800848
814.681,322.31286094063745
814.8,321.38295419994927
814.918,324.873835835704
815.037,334.98031104270683
815.156,339.7067088252867
815.274,340.8651503955649
815.393,336.24784354574933
815.512,327.676433297485
815.631,315.67918299717945
815.749,309.4694702915781
815.868,308.0434843750784
815.987,314.24347248455274
816.105,309.0599108104772
816.224,304.8936651537176
816.343,298.2624844320228
816.461,295.4685331475572
816.58,285.7161403046499
816.698,284.740370838366
816.817,279.1187139261946
816.936,266.16026047722676
817.055,246.02951265596448
817.173,222.32127565721328
817.292,208.2095754549989
817.41,200.29181464672396
817.529,191.26063392502897
817.648,189.4909250648059
817.766,188.35411663748312
817.885,182.63202682487906
818.004,177.33591103824904
818.122,175.28221949404352
818.241,185.75147167278178
818.359,192.50557233636863
818.478,192.94711888740125
818.597,191.75143600120447
818.715,187.1704717297263
818.834,173.41272630296672
818.953,166.67722364649262
819.071,184.7629013213895
819.19,244.08033418369607
819.308,345.6785573254466
819.427,455.81904525045184
819.546,558.9960581774337
819.664,616.7920642994444
819.783,606.4702046705529
819.901,541.8470543254786
820.02,448.3452261202018
820.138,356.80131328952405
820.257,288.82726004001495
820.376,229.13933332422965
820.494,191.18774695004566
820.613,175.3875974986324
820.731,159.67243409295511
820.85,149.37285510286236
820.969,146.6550942945879
821.087,148.92521227419232
821.206,159.40485406332053
821.324,163.38233135028415
821.443,175.30872638616535
821.561,198.07494826187326
821.68,204.12515282156383
821.798,206.54159114748813
821.917,197.59525891064197
822.035,179.3450305698998
822.154,163.74588448023974
822.273,148.7320197758611
822.391,140.51555766888495
822.51,138.2185760813894
822.628,127.71466808696735
822.747,133.20037048215568
822.865,140.5137785050496
822.984,143.45748955824666
823.102,146.00639541663867
823.221,149.83928395901347
823.339,150.89814652736237
823.458,144.14142468012705
823.576,137.56998421817298
823.695,148.44010219777743
823.813,153.4383587055205
823.932,155.88163685828533
824.05,153.33703622317137
824.169,155.19070398632564
824.287,147.0279215330297
824.406,132.9707667853614
824.524,128.56296268704347
824.643,122.0858945194615
824.761,116.81142375447692
824.88,122.26942052195977
824.998,128.6425688045941
825.117,142.9040287755401
825.235,145.63908182007927
825.354,147.29188378236745
825.472,149.90226150223134
825.591,145.15246606192215
825.709,145.82951044845265
825.828,149.34032106874912
825.946,147.5567593946732
826.064,143.18964793704748
826.183,133.76972262660792
826.301,120.57577134214247
826.42,109.60346507932212
826.538,110.6450116303547
826.657,113.16015125498029
826.775,116.39563719995215
826.894,120.33328764708854
827.012,116.8744012976882
827.13,120.35750629027903
827.249,115.8103082525669
827.367,110.08821843996299
827.486,106.77045763168813
827.604,98.07174444246073
827.723,89.9063645865667
827.841,88.24834403803195
827.959,88.31932781850162
828.078,92.52104752970723
828.196,103.96692308506888
828.315,111.15652158415367
828.433,125.35131488843334
828.552,146.87770992431473
828.67,160.92445128054226
828.788,178.62227488785194
828.907,178.78243615749932
829.025,165.35558444013358
829.143,149.580680774716
829.262,112.61605469103961
829.38,81.44494483711847
829.499,59.35513894941308
829.617,32.1873410571148
829.735,21.09690956524274
829.854,16.83535768108139
829.972,24.28106319921018
830.091,36.55874902098425
830.209,49.35030566535677
830.327,64.52816747765564
830.446,92.44267555820957
830.564,121.31557896555339
830.682,158.3990210825375
830.801,199.9950173120757
830.919,237.83690098750117
831.037,255.49177167591364
831.156,253.50594972363325
831.274,239.1270541782792
831.392,211.83300711777372
831.511,177.96579988410807
831.629,145.1730515249012
831.747,115.90238108777233
831.866,104.0750006939333
831.984,92.22857268104671
832.102,83.31461220062744
832.221,84.89848721804348
832.339,81.91266526576257
832.457,85.9000034866414
832.576,81.03408965066671
832.694,74.31882870107898
832.812,71.24010623682956
832.93,62.34191636676644
833.049,54.138933836869526
833.167,45.96645062830282
833.285,42.734911106278105
833.404,43.92679519248476
833.522,46.11770600318758
833.64,48.456606554024475
833.759,52.91208439581063
833.877,55.559112121217254
833.995,58.05681514388753
834.113,58.95241181264673
834.232,60.06400584268005
834.35,61.081029521647054
834.468,75.02555546194853
834.586,88.15891459033479
834.705,107.4489836754309
834.823,118.77368479515899
834.941,117.50790972441098
835.059,116.56248097400925
835.178,101.37987480582476
835.296,76.19057377163628
835.414,63.63612542751859
835.532,53.27944662954562
835.651,44.51304278230482
835.769,39.350611673448284
835.887,43.05205098490234
836.005,59.2438046132139
836.124,70.1690791197671
836.242,84.19281320336935
836.36,103.90529890646377
836.478,114.95946937407658
836.596,121.41781873693267
836.715,126.89781312143383
836.833,130.8531321812598
836.951,133.47165470428925
837.069,137.21571835285974
837.188,149.20307204472016
837.306,153.03111837727306
837.424,163.2132772639385
837.542,175.83612879129655
837.66,189.59144785112215
837.779,195.81429937848034
837.897,197.91767038635797
838.015,198.73272970592387
838.133,198.79021326791403
838.251,198.52648470869195
838.369,206.47574316245692
838.487,208.63365962488007
838.606,210.32750682323405
838.724,210.7313107315447
838.842,210.78879429353503
838.96,204.24541205465954
839.078,204.53406444781876
839.196,217.83570385396473
839.315,227.8005467233142
839.433,225.34028136755555
839.551,226.81334934513023
839.669,228.8076294439171
839.787,227.6322125730071
839.905,217.2342848795864
840.023,220.88917103897955
840.142,225.67132992564513
840.26,219.32967928850098
840.378,208.25642691975492
840.496,205.18057714841134
840.614,205.41814729048764
840.732,199.43147500832157
840.85,192.90367718503
840.968,193.97328195914113
841.087,195.7104192007847
841.205,193.4588118536836
841.323,195.83231273169065
841.441,201.39975300363713
841.559,210.07714998554016
841.677,213.998702811599
841.795,222.34190065930272
841.913,228.13964396155183
842.031,240.93046085687445
842.149,249.955909786829
842.267,262.9804929159177
842.385,274.0648163047467
842.504,281.65909640353243
842.622,294.17718602612763
842.74,300.4762280296753
842.858,301.8601185180713
842.976,306.79638995884824
843.094,310.8192414862052
843.212,320.3927423642116
843.33,317.6311783071531
843.448,317.6574930379733
843.566,315.5920328770186
843.684,314.9222437117348
843.802,319.0758311698273
843.92,315.10041429891555
844.038,316.2903653933717
844.156,320.87771908523047
844.274,322.0832545952709
844.392,331.9277511442723
844.51,335.69605721708325
844.628,347.13968796521874
844.746,356.1798555098909
844.864,346.8070360415763
844.982,338.76668410572915
845.1,329.273518317068
845.218,323.33100187905615
845.336,305.16770622026513
845.454,286.11176986883333
845.572,260.69652615809406
845.69,237.37738634345857
845.808,205.1915798621565
845.926,179.42135779643863
846.044,163.51433919392417
846.162,154.25580543989474
846.28,134.81891670751034
846.398,124.79068598378379
846.516,106.65769335529538
846.634,90.97318557529185
846.752,73.06010636671702
846.87,56.998252132197536
846.988,50.209895822622464
847.106,42.93506001049024
847.224,36.595049428357115
847.342,34.880797792650824
847.46,27.242411933067796
847.578,17.922183727736275
847.696,17.760584616703
847.814,14.865035855630731
847.932,13.3115077092565
848.05,14.990905644479625
848.168,19.288472174126277
848.285,19.115863851913005
848.403,25.40799494626536
848.521,25.569982729899934
848.639,35.99590799958162
848.757,36.20103961661557
848.875,40.033004669338894
848.993,54.647362888065125
849.111,62.49930635114164
849.229,74.94289788941009
849.347,88.43286415019708
849.465,99.60824668218437
849.582,111.31955995010236
849.7,115.16680395395113
849.818,122.72833367208563
849.936,132.37644347680038
850.054,144.17260522956715
850.172,152.31941633298348
850.29,151.9675261376986
850.408,153.12126364804152
850.525,155.13474141812463
850.643,160.7655352055237
850.761,169.34264933924294
850.879,173.06521801841654
850.997,179.7765312863345
851.115,178.9025631689712
851.233,174.8259976490105
851.35,168.35376113337875
851.468,165.6979748341971
851.586,168.19976429259128
851.704,176.8288264782582
851.822,179.0336462396829
851.94,189.01335777599942
852.057,214.7203420395889
852.175,244.6429107187629
852.293,282.2780335104909
852.411,318.19107838014077
852.529,359.38031372598095
852.647,400.0769083791805
852.764,436.6557541146311
852.882,462.97745699293887
853.0,492.1580343301211
853.118,517.9377458664374
853.236,536.6144270997231
853.353,544.6660001079006
853.471,546.1617289602337
853.589,541.0868950420042
853.707,538.6700697817832
853.824,514.9112531795714
853.942,492.7671551920781
854.06,478.37630395783174
854.178,455.4806908188235
854.296,434.8275019222396
854.413,410.8487719001145
854.531,389.0154964234441
854.649,370.0142555788083
854.767,336.3688588900168
854.884,303.29748817525103
855.002,270.87893131329906
855.12,232.09587228684484
855.238,197.46952321710052
855.355,160.68473258891456
855.473,134.1406346014212
855.591,109.82164483903614
855.708,86.83512260911863
855.826,64.31406557793028
855.944,45.55975837235087
856.062,31.28733745017101
856.179,19.394797358627827
856.297,8.308764795681858
856.415,1.7145682920400915
856.532,-0.6298059415754635
856.65,-13.283702845151172
856.768,-24.9767743328744
856.886,-33.70276281869987
857.003,-36.38401678527523
857.121,-41.5303551110271
857.239,-38.00262206509767
857.356,-38.958652925457585
857.474,-37.91186970741663
857.592,-41.23462587368857
857.709,-33.44764321867644
857.827,-23.13615566590994
857.945,-9.131038557971948
858.062,-0.5623698227113074
858.18,13.63645781731776
858.298,17.640494956264227
858.415,26.416436662824317
858.533,42.768349288958944
858.651,67.61615992710588
858.768,88.47176277304524
858.886,115.30398899560805
859.003,136.33015461211056
859.121,146.88878776108078
859.239,147.81538627801646
859.356,142.35150860447612
859.474,141.51793396123884
859.592,135.12505195869426
859.709,124.696672120652
859.827,113.00508881940634
859.944,98.02173062638583
860.062,79.60980100479384
860.18,61.496572681902975
860.297,37.61712208349398
860.415,34.291487778431765
860.532,20.51168387861034
860.65,23.32536011093189
860.768,14.456808668851721
860.885,11.38444713840874
861.003,11.453254283334992
861.12,10.799362419703272
861.238,8.383839199506689
861.356,16.41143841594056
861.473,18.44521645060147
861.591,36.69826652164774
861.708,38.089019650781076
861.826,45.36811483243957
861.943,47.1430806099319
862.061,45.31796343739653
862.178,37.76252834229872
862.296,29.495414863685564
862.414,28.6393989246242
862.531,33.712301923110786
862.649,28.745032151236213
862.766,30.190757600236026
862.884,29.064106017510387
863.001,34.831208196667106
863.119,34.59151615933992
863.236,35.334745444899596
863.354,31.482561816610996
863.471,26.73684338112629
863.589,28.561640602742234
863.706,31.848305250709377
863.824,36.56043014829507
863.941,43.77251771032746
864.059,55.70028297349835
864.176,60.20887870458831
864.294,59.295146482717584
864.411,60.319076598509255
864.529,69.30317987447387
864.646,66.52970739286258
864.764,70.79433014934642
864.881,70.51349836037569
864.999,73.49587003460849
865.116,74.75962699022656
865.233,82.18615450861518
865.351,85.1425521568741
865.468,93.64094114712444
865.586,104.77223057027535
865.703,123.64118233108879
865.821,128.4183592001275
865.938,136.61285208648235
866.056,142.21686878236096
866.173,135.7905824479365
866.29,127.20065974987564
866.408,128.0142002552779
866.525,130.01908275202197
866.643,134.19193061673147
866.76,134.560449477112
866.878,145.13849214701628
866.995,147.86458676497247
867.112,144.36124415349144
867.23,145.2613647454736
867.347,145.93637711234754
867.465,142.90576177359378
867.582,147.51151007120365
867.699,144.24626269781794
867.817,144.43556077897756
867.934,142.5529973882758
868.051,145.02454655168674
868.169,155.7506411696432
868.286,165.26374877461274
868.404,174.91105551378143
868.521,187.1176696122576
868.638,191.35025773670782
868.756,201.39929607760828
868.873,203.88383225400673
868.99,216.67313033516706
869.108,230.55333750723645
869.225,242.1989126446739
869.342,257.13539687302057
869.46,287.1246949541812
869.577,311.46204498339375
869.694,341.0980963113077
869.812,356.3151000201742
869.929,380.61002580696265
870.046,396.71101219981165
870.164,405.23624101690314
870.281,408.32597199849675
870.398,413.63215319654046
870.516,406.1253473815971
870.633,394.0237363718486
870.75,369.8589218988965
870.867,358.2516831835202
870.985,356.8721500958493
871.102,349.5462966618582
871.219,336.8282354356594
871.337,321.28506598435234
871.454,305.43107402222296
871.571,282.2368223198337
871.688,252.70057927545304
871.806,235.50199856873462
871.923,228.4705174291156
872.04,206.79747784793813
872.157,189.86123480355707
872.275,174.802913837098
872.392,159.7567140827603
872.509,145.53735415526256
872.626,135.25565656542716
872.744,130.5289373305701
872.861,123.10957740307222
872.978,102.72484951020616
873.095,88.24748092469932
873.213,76.33548030456046
873.33,62.82434548528736
873.447,55.031825384629165
873.564,50.703374548040145
873.681,43.004360940888105
873.799,40.39019581858456
873.916,27.218444795479833
874.033,20.09547398329886
874.15,15.585545745297827
874.267,9.873062306447395
874.385,11.956014250830627
874.502,11.132726669931952
874.619,8.821566083226081
874.736,10.912455469207963
874.853,8.288324720354643
874.97,10.476939110818213
875.088,5.965725203106329
875.205,0.7080617306857511
875.322,4.527664089556963
875.439,1.3623979861705877
875.556,-0.7925753383413556
875.673,-1.8725246249085892
875.791,-2.3223120232375978
875.908,1.885704689239251
876.025,-1.85674054347482
876.142,1.178204156221125
876.259,0.4150171178426447
876.376,-8.374999551169857
876.493,-7.785210635284939
876.61,-6.367781755047972
876.728,-1.5596959265864572
876.845,8.142969562548172
876.962,9.276215626980667
877.079,16.802608445529422
877.196,11.031258488834357
877.313,6.774171440393375
877.43,4.464476495115132
877.547,2.7850833571458207
877.664,0.8364446092683822
877.781,2.888149893591697
877.898,1.3325811001915517
878.016,0.27600460921239467
878.133,2.248817139095202
878.25,7.2085306753012555
878.367,7.653207480821646
878.484,5.662678630356544
878.601,8.715792000701523
878.718,9.423204652787646
878.835,4.748335208685666
878.952,1.8382638981241533
879.069,6.8256858098644955
879.186,7.47040560339442
879.303,4.6689684059850345
879.42,2.0513970507945483
879.537,1.162230568491597
879.654,-2.202927553614479
879.771,-2.664912757432777
879.888,-3.503307501255744
880.005,-7.341775340112563
880.122,-12.319249087755605
880.239,-18.435728744184882
880.356,-25.69121430940038
