wavelength_nm,intensity
792.446,209.44405008528506
792.565,221.94526220649715
792.684,225.8023184835534
792.803,221.01521891645382
792.922,207.58396350519817
793.041,171.48439640563112
793.16,136.106907228142
793.279,111.40301112424598
793.398,100.5908899121248
793.518,92.5709764922114
793.637,97.24716696840184
793.756,114.18050030173511
793.875,135.57357389480865
793.994,158.1467340679688
794.113,178.66881199004666
794.232,198.24630116753588
794.351,198.85755657879128
794.47,167.98742670866147
794.589,144.06361718485198
794.708,122.21772973896458
794.827,103.21859553983042
794.946,94.44370376493868
795.066,92.5839635051984
795.185,101.7874267086616
795.304,108.59521891645377
795.423,105.22898515022004
795.542,116.95798947922431
795.661,124.22465614589098
795.78,129.19262151385638
795.899,136.4030111242461
796.018,135.47920160043657
796.137,127.27746999870493
796.256,119.20474272597764
796.375,112.99868211991695
796.494,101.30517562641039
796.613,96.77876870000341
796.732,96.80127952251425
796.851,99.68093320216799
796.97,96.62292454415935
797.089,85.48179900303384
797.208,86.22725354848836
797.327,92.96837908961389
797.446,90.20127952251431
797.565,103.06275138398618
797.684,122.40734012857493
797.803,139.62292454415936
797.922,152.87487259610742
798.041,143.77963450086943
798.16,141.81513233636724
798.279,127.18223190346683
798.398,108.97097649221136
798.517,90.88439640563129
798.636,80.13980766104257
798.755,82.77357389480878
798.874,91.67054359177851
798.993,92.61513233636728
799.112,110.0524825682951
799.231,123.0121658036822
799.35,117.4317177127617
799.469,104.94121322842429
799.588,93.91389696878305
799.707,82.4999494709393
799.826,80.48016684466302
799.945,80.60448891092022
800.064,94.24481305468726
800.183,108.1566430322128
800.302,99.66215057630413
800.421,102.13216028489764
800.54,101.66277605409734
800.659,100.46179009169533
800.778,113.54305521154437
800.897,127.67973158680469
801.016,144.87787982353663
801.135,159.52451290875337
801.254,162.52266114548493
801.373,170.30868817009508
801.492,166.09644679643685
801.611,160.81580715438048
801.729,155.15940993656653
801.848,151.9185971343371
801.967,154.40159385591704
802.086,162.93653862944495
802.205,165.59442712591644
802.324,167.1536143236865
802.443,151.4773036859587
802.562,134.8555385027764
802.681,110.63983392565481
802.8,87.1176358420399
802.919,69.67442602589779
803.038,51.94675118660817
803.157,38.54520672440369
803.276,29.056891610981385
803.394,16.14467550433893
803.513,9.217752136466999
803.632,-8.727187369222976
803.751,-14.461833732546417
803.87,-24.70496163961917
803.989,-37.493870155320835
804.108,-36.315960778383264
804.227,-30.37860169152933
804.346,-30.22174423697618
804.465,-21.426413998731192
804.583,-25.057320804384442
804.702,-16.371521364584837
804.821,-10.080453714991656
804.94,-13.33655238792604
805.059,-9.495201939257054
805.178,-8.920696532012308
805.297,-6.689679847634324
805.416,3.916977540390044
805.535,5.8670854489160735
805.653,11.546134052698813
805.772,18.799410285975405
805.891,15.095291549303475
806.01,14.764231813057563
806.129,25.216405404578808
806.248,46.95963868009915
806.367,70.3441806689916
806.485,97.74846485522144
806.604,131.54679334645598
806.723,163.1122036089337
806.842,188.5674761561359
806.961,201.2868179674074
807.08,219.75248012499918
807.198,224.4787483431969
807.317,222.3721161284942
807.436,216.18496443327209
807.555,205.36750970774696
807.674,191.17083420300116
807.793,183.83995956405633
807.912,175.49869531472194
808.03,186.03795054590717
808.149,199.8170326169191
808.268,233.74416663598294
808.387,268.1552833390294
808.506,295.939560215236
808.624,312.8952656628711
808.743,328.5946940542293
808.862,326.57723932870425
808.981,313.5052391486338
809.1,289.23064156596575
809.219,280.11275394000756
809.337,258.54897886816195
809.456,234.83974925086176
809.575,217.4344157374577
809.694,202.82648482145626
809.812,191.3752638621648
809.931,186.32577450460502
810.05,193.1195751903353
810.169,214.52722868991833
810.288,227.73661379123297
810.406,241.67067421722294
810.525,255.09044892892712
810.644,258.73879506920264
810.763,265.56463038696734
810.882,273.8822405965071
811.0,285.882101888298
811.119,291.9590194571453
811.238,304.34762533768105
811.357,307.1414260234118
811.475,307.3802483541642
811.594,313.3887676546136
811.713,314.23278479056086
811.832,321.62052487023095
811.95,334.2238493654853
812.069,341.3076933412591
812.188,360.84694857244415
812.307,367.9117449291703
812.425,360.160956870312
812.544,358.1296493309345
812.663,337.93210802532326
812.782,316.17006455520993
812.9,310.562999440075
813.019,306.7542027232084
813.138,301.36185622279197
813.257,307.42924998211583
813.375,308.87413291892875
813.494,320.2211803579062
813.613,327.3006953293512
813.731,343.3992579198439
813.85,376.3515001640162
813.969,397.51586362030974
814.088,403.7745993709756
814.206,419.3857160740225
814.325,439.5015946818312
814.444,449.41747328963976
814.562,465.2060791701756
814.681,479.5245551805814
814.8,501.1036372515929
814.918,510.17449421437925
815.037,511.69297022478474
815.156,511.5655587893028
815.274,518.75589627157
815.393,516.3176623252657
815.512,510.8300777296109
815.631,503.4143546058172
815.749,500.20382628721813
815.868,494.0443802197012
815.987,488.5749774422276
816.105,482.805141764321
816.224,480.7963450474533
816.343,481.2446911877287
816.461,473.7051585401254
816.58,467.52493325182945
816.698,445.7897296085552
816.817,436.8553917661467
816.936,418.2924824951666
817.055,393.966802661416
817.173,370.40908819563083
817.292,353.5318932103651
817.41,331.4945250649263
817.529,316.92728678961726
817.648,296.84403119829096
817.766,300.48718253337137
817.885,287.5857451238631
818.004,283.2514072814546
818.122,282.2261603481369
818.241,282.60091341481916
818.359,277.12371842955326
818.478,279.3668697646336
818.597,279.72863581832866
818.715,293.31238217017597
818.834,296.21911398947475
818.953,287.79788983407536
819.071,305.4118611290951
819.19,319.5133283289439
819.308,431.20738456347715
819.427,569.7529325814069
819.546,708.5019308449605
819.664,830.0752602947126
819.783,866.1244741020553
819.901,814.9556489297422
820.02,706.3077450097853
820.138,551.3988539490197
820.257,468.3674769466076
820.376,383.44520892179145
820.494,324.72492561888794
820.613,299.5935621911996
820.731,272.95464968131444
820.85,253.48703932337247
820.969,235.92239845065953
821.087,230.19585281604185
821.206,243.96108207319912
821.324,263.4657052697503
821.443,290.5616704576434
821.561,326.51910750700836
821.68,351.2194016992303
821.798,352.9854967572529
821.917,338.7308125944967
822.035,309.41032756593967
822.154,281.7686304161706
822.273,257.5814787209469
822.391,236.16315819455446
822.51,229.50847403179847
822.628,225.18452579977858
822.747,226.59477670195804
822.865,227.91411851322871
822.984,228.15380664484593
823.102,231.15366793663605
823.221,240.45829113318786
823.339,239.24256800939315
823.458,242.8580137167672
823.576,242.1262732769551
823.695,240.3763510189612
823.813,241.88963222417107
823.932,239.65139827786595
824.05,239.681562599959
824.169,239.9221165324418
824.287,233.92111202336616
824.406,226.47681747100052
824.524,219.81780430391615
824.643,220.88433226237282
824.761,220.9361416061109
824.88,226.38102454292243
824.998,233.5202797741063
825.117,242.49243543819068
825.235,243.05333569101973
825.354,243.57527490488786
825.472,250.20543922698118
825.591,257.07110138457233
825.709,251.02247782787785
825.828,245.88034777767672
825.946,239.55120474046268
826.064,236.45842533961223
826.183,225.83664160975752
826.301,225.12221718726198
826.42,228.97662393359764
826.538,235.5868748357774
826.657,242.19625993709138
826.775,241.84893508169512
826.894,240.13624226093083
827.012,234.86597368259083
827.13,227.51518562373133
827.249,214.03625903673333
827.367,198.51490820731118
827.486,187.84723703156874
827.604,181.41592949218992
827.723,177.95085571904485
827.841,173.52301138312936
827.959,171.45620600825293
828.078,180.32100236497817
828.196,190.61177274767732
828.315,202.52505395288716
828.433,215.9837897035514
828.552,232.4217462334363
828.67,257.91424821786666
828.788,262.9219017174487
828.907,254.62652491400053
829.025,243.67746845687282
829.143,217.11159620931676
829.262,183.108308686035
829.38,143.66126743751212
829.499,106.49962197141488
829.617,84.85048820597572
829.735,66.82652200895257
829.854,57.970910720038
829.972,62.016287458300084
830.091,68.46685892295362
830.209,93.10975842178104
830.327,127.5668179847751
830.446,166.30808055412513
830.564,215.34302673407626
830.682,270.6209510254117
830.801,329.33313361148305
830.919,377.4236711759093
831.037,410.126329952457
831.156,416.8705471705633
831.274,394.41563018953565
831.392,344.9018387496335
831.511,292.0434585651427
831.629,239.37295716853077
831.747,204.83752070698358
831.866,181.03282017617227
831.984,179.05755687479808
832.102,179.80437149550167
832.221,171.59447615949512
832.339,166.07635571526333
832.457,167.92706643986247
832.576,159.18643517311943
832.694,152.95576061633304
832.812,146.75192588638646
832.93,148.23640284475152
833.049,147.03429971653637
833.167,138.0443178004424
833.285,128.64932473165527
833.404,128.19302596668356
833.522,125.94195199548906
833.64,128.06727652330392
833.759,129.91754374335858
833.877,139.38663370484693
833.995,148.9466627458266
834.113,163.50685795209384
834.232,177.27329741692333
834.35,190.63627367828957
834.468,205.69968284008888
834.586,220.0929621317582
834.705,228.47412021130634
834.823,237.35484539042153
834.941,236.29444502841113
835.059,235.96651219886803
835.178,229.75113348187904
835.296,209.66562489476001
835.414,187.92124184876667
835.532,172.02707525298962
835.651,160.86970519400924
835.769,148.28549530818904
835.887,142.9627572838407
836.005,154.1179413374143
836.124,164.46446738232996
836.242,180.33999775624986
836.36,195.92375323839497
836.478,221.9880282010597
836.596,238.74407805549941
836.715,249.6377902476014
836.833,259.8457881539891
836.951,278.8693704759611
837.069,288.7907882957688
837.188,301.45679486016513
837.306,313.38427328603336
837.424,330.3256045257545
837.542,329.6955071940469
837.66,332.1086999056293
837.779,335.6872605825795
837.897,347.7636567573651
838.015,357.0573689494669
838.133,361.65064824113585
838.251,368.12791021678754
838.369,374.68309427036127
838.487,364.63221771787437
838.606,360.0635922476383
838.724,357.62050790294313
838.842,359.9176832985077
838.96,356.6590145382281
839.078,362.20207737968
839.196,382.4680839440756
839.315,394.9912333656141
839.433,400.7031273758972
839.551,405.7630733342323
839.669,407.79444786399586
839.787,404.3418397097769
839.905,387.8771103434367
840.023,383.8643290290443
840.142,380.6091234722277
840.26,367.01971878121185
840.378,365.71256517244717
840.496,361.69891805718896
840.614,361.96146141812113
840.732,360.1815805366291
840.85,354.99390744734507
840.968,349.66424301606946
841.087,343.0800331302486
841.205,338.5434422920468
841.323,339.137587384581
841.441,343.8269705723533
841.559,352.29990354367544
841.677,369.74686248902344
841.795,391.36784740839744
841.913,402.3827717217107
842.031,424.962198199526
842.149,439.1831831188995
842.267,446.2621766962817
842.385,450.5429018753955
842.504,448.52059675147905
842.622,461.7511054803765
842.74,467.00931983697956
842.858,468.1818199078682
842.976,480.1491251735621
843.094,489.1233568461824
843.212,496.2724802936944
843.33,493.8830756026782
843.448,489.3343635523546
843.566,492.4081623245421
843.684,485.3711385859069
843.802,485.4189633321204
843.92,483.98280539435143
844.038,482.6600673700022
844.156,487.23949384781736
844.274,493.5669722736843
844.392,504.3204247255252
844.51,510.43405033753936
844.628,519.1268967287741
844.746,519.2335959338618
844.864,515.8667020653563
844.982,503.85651815356084
845.1,496.98226497769576
845.218,481.58679968061875
845.336,463.2934988857061
845.454,439.111020601616
845.572,406.16057694956066
845.69,364.9997436871156
845.808,331.3523303380904
845.926,305.48933257348074
846.044,280.2765512590875
846.162,261.4100902910146
846.28,243.65012282943525
846.398,225.9455666232672
846.516,201.60810998419893
846.634,179.27671395119114
846.752,155.85787203073752
846.87,139.0485539198076
846.988,115.70330507294699
847.106,101.21087007890023
847.224,86.42047406881188
847.342,72.11230018403998
847.46,63.21240315287204
847.578,47.46040908905053
847.696,37.92337547477996
847.814,38.84921808290341
847.932,40.28951975561706
848.05,38.006927155787764
848.168,49.4345771846604
848.285,58.51129402758731
848.403,60.863795843812326
848.521,63.37148573602488
848.639,70.8861063055827
848.757,80.9267744302329
848.875,88.93889678297091
848.993,99.38476091835784
849.111,117.64014886326862
849.229,129.22367533631788
849.347,128.2574182595835
849.465,141.88423477592272
849.582,142.28247986369044
849.7,140.93180720254034
849.818,136.47810423836012
849.936,139.86595971573843
850.054,145.5932091325107
850.172,150.28842391724834
850.29,149.0762793946265
850.408,155.62863703650683
850.525,160.92731502470747
850.643,165.93854712546226
850.761,172.02770130413936
850.879,183.4778944438554
850.997,200.7350139904979
851.115,200.55317249817938
851.233,207.72804096257056
851.35,213.4440349680872
851.468,217.16089477446945
851.586,216.3816506847478
851.704,230.47773127035077
851.822,247.24567332781538
851.94,275.1737885454535
852.057,298.88870029988834
852.175,345.48586313657427
852.293,400.5250173152516
852.411,455.96893339869075
852.529,518.3301654994458
852.647,575.1602287690318
852.764,633.2608548091807
852.882,683.9004418882906
853.0,724.3794229067944
853.118,751.9328627997571
853.236,780.8514542078708
853.353,806.0436386895778
853.471,812.1102820457436
853.589,798.8912111161953
853.707,786.503309017816
853.824,757.6392164432461
853.942,721.3837818773345
854.06,679.8660096490851
854.178,642.6045144771126
854.296,606.791504153625
854.413,575.4044678561116
854.531,547.506609047776
854.649,521.3074515381418
854.767,479.31954943976274
854.884,428.22948283921943
855.002,380.0026197018793
855.12,327.86579985458275
855.238,275.9263826046889
855.355,240.72289609072595
855.473,213.7029593603129
855.591,181.08042522730233
855.708,147.7115707479713
855.826,107.77752841421756
855.944,76.44072262536821
856.062,48.28596801141786
856.179,29.700421809422444
856.297,11.806402595219751
856.415,-0.48246301497107336
856.532,-10.585461070266074
856.65,-18.752796679082724
856.768,-36.03175950547181
856.886,-47.19530507090651
857.003,-45.530038932079535
857.121,-39.21023898586837
857.239,-35.26635656465259
857.356,-28.595176286882396
857.474,-21.129189923143365
857.592,-23.730178963613927
857.709,-20.510565838145496
857.827,-16.215203918948028
857.945,-4.9430566551463695
858.062,8.786996742215223
858.18,25.6049673316344
858.298,43.46405206575679
858.415,58.24248735599336
858.533,72.52257950382833
858.651,99.90980393765452
858.768,126.81140058683859
858.886,155.4160275390529
859.003,184.9764986471112
859.121,200.821818240018
859.239,209.87493004071683
859.356,218.62587733925116
859.474,212.19154325250398
859.592,205.57971998826756
859.709,185.76443352056788
859.827,163.15261025633123
859.944,138.97541902672663
860.062,114.64238364127796
860.18,89.71194565842677
860.297,75.80315269722082
860.415,56.65121495841721
860.532,44.78345166009002
860.65,28.863215194623315
860.768,27.586312827803468
860.885,22.26924054220649
861.003,17.49392420464896
861.12,21.46652521981394
861.238,22.421769534580406
861.356,29.931172746247753
861.473,36.659540881603284
861.591,44.66651313880426
861.708,52.21785739663976
861.826,46.297448466015176
861.943,34.56247496507766
862.061,28.827400515587705
862.178,20.462234567930313
862.296,30.329328937910606
862.414,33.182258418806235
862.531,34.926870123142564
862.649,33.39385469780923
862.766,30.09184414953168
862.884,20.438582834757323
863.001,12.583487077011107
863.119,13.484380256524519
863.236,23.752274682777568
863.354,32.12842787155528
863.471,25.746366574706563
863.589,26.72398362918571
863.706,25.670010638573935
863.824,28.52518635058093
863.941,33.53740645792724
864.059,45.5691270266031
864.176,58.60338725025083
864.294,72.95073585709073
864.411,72.11243457312486
864.529,77.63170904673464
864.646,77.14319131255226
864.764,77.42956535326167
864.881,75.2371515151832
864.999,79.30447793684499
865.116,90.6523238390264
865.233,102.06770220874026
865.351,114.14628404165748
865.468,128.1798442295529
865.586,146.22206242610622
865.703,165.51449707287597
865.821,177.9584468711608
865.938,188.75477762182652
866.056,198.44548066686463
866.173,189.24787202359107
866.29,177.9593542894085
866.408,168.82321750760659
866.525,168.3095915483154
866.643,173.01847641153503
866.76,173.1490062963997
866.878,171.96784786957605
866.995,178.8827933388565
867.112,180.31115872155704
867.23,183.6832470479805
867.347,188.4613959804644
867.465,193.84214231554571
867.582,192.5596851874235
867.699,189.33783411990737
867.817,185.81814755455565
867.934,192.99716228790538
868.051,205.9614584065366
868.169,216.64610084551424
868.286,222.36883852258705
868.404,234.57209568017947
868.521,244.35543941785852
868.638,257.3985234152778
868.756,278.02255979364924
868.873,300.67343599886044
868.99,324.6732299529895
869.108,349.2236732577679
869.225,374.279744268174
869.342,405.64490618767104
869.46,442.19188628898615
869.577,474.45921271064753
869.694,513.3300023357721
869.812,539.5748179349225
869.929,565.4057807202203
870.046,594.4419383107129
870.164,610.5231175462275
870.281,614.6571106345559
870.398,615.5512768830579
870.516,606.1562656423823
870.633,593.0400422804946
870.75,569.2407020354899
870.867,553.6162535653771
870.985,547.374489077948
871.102,529.4677895255838
871.219,509.3446397567697
871.337,490.3175938840594
871.454,463.9459592667604
871.571,432.49120776634436
871.688,396.39316622263806
871.806,366.91850130230836
871.923,340.71916105730304
872.04,308.9483922408692
872.157,286.00273164954376
872.275,270.8215732227205
872.392,249.86292561840818
872.509,230.7700788798968
872.626,218.66684253099584
872.744,210.91685293534164
872.861,199.26643043925466
872.978,177.6393845665445
873.095,160.68246856396416
873.213,146.49611533194667
873.33,121.44049803066511
873.447,106.06453440903708
873.564,88.45999935883769
873.681,69.7931266463006
873.799,50.88469549220526
873.916,34.84206520391089
874.033,25.779201921500835
874.15,20.166157624553424
874.267,13.333063969057346
874.385,12.268704794214008
874.502,2.385079991444703
874.619,-7.065761175535874
874.736,-9.446186386985815
874.853,-5.459652141368281
874.97,-7.709495668414659
875.088,-6.208370999130306
875.205,1.9945374153144964
875.322,3.25520683603864
875.439,-3.1993154013906526
875.556,-11.606606559095912
875.673,-14.019184766567289
875.791,-16.319413073966842
875.908,-20.547647059637573
876.025,-17.77696492376446
876.142,-8.542605807523842
876.259,-5.696658563254033
876.376,-7.239923424660115
876.493,-11.09510227529345
876.61,-9.262504385281348
876.728,-8.129086146495442
876.845,-5.353473586833711
876.962,-11.397901162880801
877.079,-5.113370532787902
877.196,-8.83119838344754
877.313,-8.181371201907126
877.43,-5.718588062742889
877.547,-3.1873396605148656
877.664,-4.268214473216057
877.781,-4.414408600877639
877.898,-11.04206474822952
878.016,-12.338326009533024
878.133,-11.734666489336302
878.25,-5.2999911495854874
878.367,1.2839580917165696
878.484,0.3241405992495654
878.601,1.4153479314964459
878.718,-7.480370535862186
878.835,-12.499884414174169
878.952,-20.916277067696406
879.069,-10.47020916169076
879.186,-4.568867832192039
879.303,0.9493970213761243
879.42,-2.1471774676308755
879.537,-6.772999411552321
879.654,-19.01263456749362
879.771,-24.284298256311658
879.888,-32.188151113369784
880.005,-33.92512082215794
880.122,-32.30532047686253
880.239,-27.328750077483555
880.356,-18.995409624021
