wavelength_nm,intensity
792.446,188.0084353343265
792.565,207.19510200099316
792.684,218.4627210486122
792.803,221.81129247718363
792.922,217.2408162867073
793.041,190.86505871094974
793.16,166.9611626070536
793.279,148.86332710921815
793.398,142.9559678018589
793.518,139.43042667631778
793.637,136.70401974991086
793.756,135.5204699663611
793.875,142.76895481484598
793.994,160.19666044255158
794.113,182.58453923043032
794.232,187.22696347285458
794.351,195.8364872823784
794.47,189.87717992307103
794.589,164.31787256376364
794.708,144.51267775856883
794.827,132.4087816546727
794.946,127.42609767198871
795.066,129.08930113519222
795.185,119.88670373259481
795.304,129.07891152480266
795.423,132.92739637328754
795.542,132.34730979320094
795.661,141.56202840791946
795.78,140.45120589709697
795.899,138.62090286679393
796.018,139.02090286679396
796.137,119.80185524774632
796.256,113.1975262434174
796.375,108.27371671960796
796.494,106.64774269363394
796.613,106.90055654644779
796.732,103.80185524774652
796.851,108.89103273692403
796.97,112.3308595767509
797.089,105.4209028667942
797.208,100.71787256376395
797.327,97.60012364601502
797.446,94.7654916113829
797.565,103.26679031268155
797.684,113.35943100532221
797.803,125.09709334298452
797.922,137.33951758540871
798.041,140.9611626070538
798.16,139.4044526503439
798.279,132.66852191441313
798.398,120.34211498800616
798.517,117.07198511787625
798.636,105.93259117848234
798.755,99.25986390575505
798.874,101.01570806159924
798.993,96.04687689276817
799.112,102.51440936030063
799.231,109.23995048584172
799.35,108.73692018281136
799.469,113.41224485813602
799.588,118.29622754211874
799.707,118.05986390575505
799.826,124.37328381917499
799.945,115.42350026939152
800.064,114.92306736895864
800.183,114.68237472826601
800.302,110.52046996636129
800.421,109.78194182783321
800.54,115.95250459839602
800.659,117.00272104861239
800.778,127.21051325640454
800.897,128.48497213086335
801.016,139.78713663302784
801.135,145.50055654644774
801.254,151.74471239060355
801.373,144.38194182783303
801.492,141.66505871094995
801.611,140.24081628670749
801.729,138.67198511787626
801.848,141.87544832133943
801.967,151.85640070229184
802.086,150.85899810488925
802.205,154.3810760269672
802.324,139.46505871094996
802.443,126.56635741224875
802.562,109.88064312653444
802.681,90.74990719579844
802.8,74.5187383646296
802.919,63.590718767149156
803.038,47.953078162041514
803.157,36.688660499712654
803.276,18.10936970922342
803.394,5.546546877142761
803.513,-7.214482766013303
803.632,-15.122178861025551
803.751,-17.196023025223408
803.87,-13.906248061112311
803.989,-13.227128735028014
804.108,-18.642045297701415
804.227,-23.265868192274986
804.346,-30.197193980870644
804.465,-26.05907733835577
804.583,-21.03610954159318
804.702,-7.535544713643845
804.821,-0.8511333638461074
804.94,0.6848600137950447
805.059,-3.3530975309795243
805.178,-6.309935061799717
805.297,-7.534083202415683
805.416,0.704859442462115
805.535,5.853028355340735
805.653,13.062497276656886
805.772,11.7296843110095
805.891,12.266211080586167
806.01,11.28282676411813
806.129,18.293015990602385
806.248,38.504693714968624
806.367,56.57867591429755
806.485,79.6305091355108
806.604,106.73345856155856
806.723,132.65703811177383
806.842,151.78840986978156
806.961,166.76826647627433
807.08,180.02691096155525
807.198,191.79118315246382
807.317,185.68705707497415
807.436,178.77427298882623
807.555,171.3567269979164
807.674,162.71753598536134
807.793,152.8385181329795
807.912,153.71447863557614
808.03,155.30126164899542
808.149,171.09843427280424
808.268,195.23759823860433
808.387,217.8979743256165
808.506,246.47350192778032
808.624,261.05941914033366
808.743,275.49468700223775
808.862,277.09445702864406
808.981,264.4474738082972
809.1,252.6792784667382
809.219,241.8729878870838
809.337,218.79137263210487
809.456,204.33573140310003
809.575,179.80909450309957
809.694,165.86340998405154
809.812,159.22508477236286
809.931,159.41619679011143
810.05,163.5527633533144
810.169,169.19322602041336
810.288,178.02762808145167
810.406,184.87848035894012
810.525,184.0947006017964
810.644,183.73602906976072
810.763,194.25268221304955
810.882,207.43946522646817
811.0,221.76737378101222
811.119,227.4260182662924
811.238,240.7374766043866
811.357,240.99871849226423
811.475,237.56385648403796
811.594,247.17315031996714
811.713,254.43179480524677
811.832,268.8817812818681
811.95,284.6529798797013
812.069,286.50210055545665
812.188,293.1564160364069
812.307,295.8271817338074
812.425,304.14556647882694
812.544,315.44144040133557
812.663,318.56155674808673
812.782,319.5682531814179
812.9,313.2173738571733
813.019,308.682944749379
813.138,312.9944030874721
813.257,326.5067272264311
813.375,347.719484265823
813.494,364.1703365433101
813.613,380.2878554874639
813.731,392.03481166105485
813.85,392.19562064849885
813.969,397.4256937052069
814.088,394.76312606927434
814.206,395.5083506411339
814.325,403.3687267281451
814.444,408.9806179666715
814.562,414.4323360450249
814.681,422.94639178571606
814.8,424.9340406000005
814.918,422.38922188181755
815.037,411.19851571774717
815.156,415.4424415883088
815.274,417.5287917012947
815.393,416.98483878397735
815.512,415.6339594597338
815.631,419.1861104385205
815.749,420.24042591947193
815.868,414.92331282899477
815.987,409.57762830994625
816.105,407.4501256090797
816.224,393.50530689089715
816.343,385.7648171770435
816.461,382.6113404502029
816.58,380.59639186189054
816.698,367.88620517834033
816.817,362.43316135193305
816.936,344.9030612484696
817.055,326.979021751067
817.173,303.31039350907577
817.292,288.5205531458723
817.41,262.95755260950887
817.529,241.2768031553964
817.648,220.21683292206328
817.766,221.55253368440123
817.885,214.2406153991201
818.004,215.38843737357936
818.122,226.73193034370962
818.241,232.82434106275764
818.359,226.59553966059354
818.478,221.9156560073472
818.597,223.65914897747757
818.715,227.4095683545342
818.834,234.00234125939463
818.953,223.23008788549998
819.071,245.78827567335009
819.19,259.3939124265914
819.308,354.6312048955882
819.427,464.0852762698828
819.546,584.4693492616393
819.664,665.5434189882355
819.783,696.7319554555459
819.901,639.4912105941203
820.02,554.6944080317778
820.138,428.1147066129506
820.257,358.91211185558916
820.376,291.70788278651673
820.494,249.85707664113036
820.613,225.10112687227934
820.731,209.48877568656445
820.85,190.49547211989722
820.969,191.75411660517796
821.087,189.48635416405165
821.206,200.938072242406
821.324,218.83048296145316
821.443,245.81466857227522
821.561,271.03521781946097
821.68,287.5986242095039
821.798,283.0408184783347
821.917,273.47781794197067
822.035,248.6516139424033
822.154,227.21069132811743
822.273,207.77929252335534
822.391,196.4240841947837
822.51,179.30091049824657
822.628,165.93704416101667
822.747,161.81819946880836
822.865,167.7738136510588
822.984,174.50691701079833
823.102,178.126600457118
823.221,177.45364321079694
823.339,176.05427903806907
823.458,174.4194170298435
823.576,163.5689706060336
823.695,174.47090513460455
823.813,183.22738511772093
823.932,189.45399497096724
824.05,189.60701175062053
824.169,195.93492030516563
824.287,191.31564271252466
824.406,190.14571576923458
824.524,175.86323471339028
824.643,177.306294783087
824.761,168.99783970126862
824.88,166.45648418654974
824.998,169.8787650354672
825.117,181.7729073562461
825.235,184.55622716620238
825.354,195.49192792853984
825.472,199.83888410213268
825.591,202.26462815451367
825.709,209.83582675234936
825.828,207.34468768784757
825.946,195.27173044152767
826.064,184.9875177839523
826.183,172.2617466848185
826.301,163.74030459001364
826.42,154.0967845731309
826.538,149.39352429650793
826.657,165.294593024214
826.775,165.0051855614438
826.894,173.10365688655236
827.012,180.04368665321945
827.13,180.51618395235414
827.249,173.56270722551488
827.367,163.77286686231213
827.486,150.87566719174998
827.604,140.55682249954276
827.723,132.36265313201076
827.841,133.984068180063
827.959,142.7466087692409
828.078,155.74378139305082
828.196,171.6058890817957
828.315,190.55977166231537
828.433,202.0998014289821
828.552,210.87359742941504
828.67,221.02488260733725
828.788,220.16491237400407
828.907,222.3040763398054
829.025,203.44497190733847
829.143,187.02309691210098
829.262,158.47124286857485
829.38,119.94397144279397
829.499,88.22723930699036
829.617,66.63025404389597
829.735,52.52076666170598
829.854,49.22631564657111
829.972,41.78431013573133
830.091,59.688584013045656
830.209,75.22878984838586
830.327,99.94330769380385
830.446,130.09184519170572
830.564,165.04272709548496
830.682,210.62768485073877
830.801,255.69988738609334
830.919,291.0205747699328
831.037,319.23043964295005
831.156,323.6100014856645
831.274,307.64237718119296
831.392,262.264363266332
831.511,218.39803766315947
831.629,182.29275102102594
831.747,150.31040810183606
831.866,130.29949375407466
831.984,124.40459672233055
832.102,121.52614990703677
832.221,111.83991088395075
832.339,106.00042510761807
832.457,117.50812547847156
832.576,119.09597835185573
832.694,113.28782768098432
832.812,109.41876299335367
832.93,104.70903924310471
833.049,94.51165207097807
833.167,78.64808245242264
833.285,74.65384968271516
833.404,78.19685618996209
833.522,79.13885939657206
833.64,83.99562322336101
833.759,88.31277308079427
833.877,90.45404163485401
833.995,95.69733517085982
834.113,100.45122759758277
834.232,109.04927586846165
834.35,119.42221591423211
834.468,133.29385725870384
834.586,149.86333410101105
834.705,164.7072698177773
834.823,169.46289384623196
834.941,161.86094211711094
835.059,152.3507652797649
835.178,143.45011225194247
835.296,128.4066020812628
835.414,111.24534299283428
835.532,105.24339126371311
835.651,101.9436040367565
835.769,92.2247691907524
835.887,89.71112914994312
836.005,97.57930729095207
836.124,105.42410880858432
836.242,111.5251873824936
836.36,128.31111444125133
836.478,145.94206314503066
836.596,158.77301184881003
836.715,168.93815968678865
836.833,181.75265817411787
836.951,191.23642073071122
837.069,198.86823523535662
837.188,204.0437726837249
837.306,215.3370590498421
837.424,226.1662761518901
837.542,232.28726814571294
837.66,237.9822861135617
837.779,247.98033438444048
837.897,250.2666943436309
838.015,251.54439629416322
838.133,253.22296404556147
838.251,259.9413586367868
838.369,269.06321643147555
838.487,271.3642950053853
838.606,283.00303591695763
838.724,287.93095431770735
838.842,284.52727098685534
838.96,284.0742370066527
839.078,289.7978264030736
839.196,295.676394154473
839.315,296.6692476201582
839.433,293.82746905121155
839.551,299.5562532528278
839.669,296.88244005184663
839.787,299.4155532577917
839.905,302.5807010957714
840.023,298.35537274327487
840.142,298.75948162021564
840.26,295.0233307568966
840.378,285.14692015331764
840.496,282.2973493765784
840.614,275.01834137040174
840.732,270.63976626465796
840.85,268.01963271735576
840.968,264.167464538019
841.087,266.75252579591194
841.205,264.863993980212
841.323,265.8984058874559
841.441,265.5180991799812
841.559,260.21225134696545
841.677,272.96268057022667
841.795,286.95293663331455
841.913,303.8219805751903
842.031,319.9083405343821
842.149,332.61115071002416
842.267,344.1200214917268
842.385,344.48343772797483
842.504,348.1135206308894
842.622,364.7107031009035
842.74,367.78321024624233
842.858,376.8643754002392
842.976,380.6771422858377
843.094,387.0968355783626
843.212,387.64293579729434
843.33,384.059165886356
843.448,383.9160886161103
843.566,381.14097671383
843.684,370.43945788514293
843.802,371.6219217404385
843.92,370.3888011801497
844.038,378.78425204843234
844.156,390.36411850113075
844.274,402.0132490230933
844.392,414.19138387405997
844.51,425.7366182921262
844.628,436.37103019936967
844.746,437.711069812241
844.864,429.6511094251124
844.982,418.64396289079775
845.1,394.92166484133173
845.218,378.49720228970114
845.336,360.57663584196655
845.454,338.8829092210717
845.572,310.97619558719
845.69,275.59935208317825
845.808,248.121209877868
845.926,228.1590849885751
846.044,198.79782590014804
846.162,187.71275728791142
846.28,172.7056107535966
846.398,158.20928673010434
846.516,136.5753003689498
846.634,117.48936595584715
846.752,109.34802028733344
846.87,97.39019162242775
846.988,82.43642521485718
847.106,66.05755796623333
847.224,48.09406885477424
847.342,43.62194095402684
847.46,40.259940446504956
847.578,34.68701191794712
847.696,35.88628412041339
847.814,34.09564251975428
847.932,37.83076756047526
848.05,31.212890661212434
848.168,30.397558763725943
848.285,39.08635577623794
848.403,44.096803654611136
848.521,42.48906623592386
848.639,44.960535037411695
848.757,50.44285228238489
848.875,60.73304063602666
848.993,71.60492882017168
849.111,89.74781267531236
849.229,106.39459263434915
849.347,118.7539267059401
849.465,125.42841229268265
849.582,135.9106900872175
849.7,142.55487264365712
849.818,146.91593831697986
849.936,153.44843256173112
850.054,163.064909490465
850.172,174.96190589971837
850.29,179.70046075053017
850.408,182.60178616411258
850.525,190.71956179414528
850.643,183.95508634192686
850.761,178.3836844827822
850.879,186.15254236389728
850.997,194.95170327531542
851.115,202.00108063695006
851.233,203.89028483841145
851.35,203.05048471086855
851.468,202.18990536254628
851.586,192.72586281076076
851.704,195.45402805118306
851.822,210.8479941574064
851.94,233.42897325064266
852.057,266.71038524431185
852.175,308.20045524663897
852.293,352.3736421320831
852.411,400.6723701430683
852.529,443.9286739116294
852.647,485.82740192261474
852.764,525.5694199768905
852.882,563.4300527497808
853.0,595.4751011070866
853.118,620.9019676462108
853.236,644.7383579948587
853.353,661.6907656595242
853.471,659.5384114194278
853.589,658.28735588063
853.707,646.3003696059018
853.824,626.0103530281431
853.942,597.3324576625055
854.06,567.0259908682967
854.178,540.4078357623995
854.296,519.2788581456798
854.413,493.23905801813737
854.531,473.17155226288924
854.649,444.7473365509312
854.767,407.7638134796658
854.884,362.81751984563016
855.002,316.40196214233026
855.12,272.2954953481214
855.238,237.24790301278676
855.355,203.20896868611004
855.473,171.10769669709572
855.591,140.31378401544077
855.708,103.76144287395644
855.826,69.64911642761422
855.944,44.40711201705629
856.062,25.680746414463925
856.179,14.220048383688411
856.297,1.9037654014179721
856.415,-8.131465002777839
856.532,-18.133205839369115
856.65,-30.176342290628604
856.768,-38.599398382917286
856.886,-44.01372236474806
857.003,-41.37054827703771
857.121,-38.58254779647183
857.239,-28.61515471282635
857.356,-27.844581951277846
857.474,-30.303684614379275
857.592,-34.97466172764853
857.709,-38.00204717518348
857.827,-33.93304092801007
857.945,-17.592398448517116
858.062,3.3706731710612616
858.18,28.674602612148853
858.298,44.007311040114956
858.415,57.913349670625976
858.533,68.2127109500126
858.651,85.05484160482925
858.768,104.13853070120459
858.886,131.6776310529913
859.003,161.40374439179115
859.121,178.17055037128372
859.239,186.01008362350373
859.356,185.4063268324335
859.474,180.06404190283513
859.592,171.73214658362627
859.709,156.71626858043476
859.827,140.34974122659366
859.944,119.99533508487374
860.062,94.58118868341336
860.18,63.02415547946952
860.297,46.76353454500243
860.415,35.78064339894488
860.532,35.10357991196385
860.65,38.77665928371384
860.768,34.61234282424612
860.885,31.367701955500493
861.003,17.332444891411903
861.12,11.291100875721536
861.238,13.552805438786827
861.356,11.801933545027078
861.473,19.48679535977983
861.591,27.12620427875349
861.708,30.81691123946759
861.826,34.54541742185622
861.943,27.91113523415862
862.061,29.773830830132226
862.178,29.998249615956844
862.296,21.28175793501068
862.414,17.200382920245374
862.531,13.876911930309127
862.649,9.121513102357422
862.766,2.8567462456105184
862.884,-0.7598689936498473
863.001,2.962167859542208
863.119,11.003170249545061
863.236,16.16109637499906
863.354,26.382995449065938
863.471,29.503032151463458
863.589,34.20664768314447
863.706,37.14519233234567
863.824,35.43525213306205
863.941,40.733969942436545
864.059,38.97035008947326
864.176,46.666470496250085
864.294,57.244841985277745
864.411,65.3729970240889
864.529,72.9227970845451
864.646,73.46480493720915
864.764,58.715037898098274
864.881,53.459643153359636
864.999,49.52459472896709
865.116,61.44409175911975
865.233,76.07960610528957
865.351,93.24152737786623
865.468,105.14111098810537
865.586,123.87619243384232
865.703,136.5593258276313
865.821,147.92211290107406
865.938,157.91000819962483
866.056,155.85721085748295
866.173,143.43644814737567
866.29,138.64685426843727
866.408,137.07197900421758
866.525,148.0901773330715
866.643,154.45383020738
866.76,158.73869520290054
866.878,160.33871171357248
866.995,158.55431263982877
867.112,153.54480534097698
867.23,154.0123543191815
867.347,151.84353966102242
867.465,156.7509154790538
867.582,158.2877285265223
867.699,159.9743251237744
867.817,161.65832431842918
867.934,170.24448801524844
868.051,176.2401755215916
868.169,175.83672882880055
868.286,177.7726760754034
868.404,191.03416444754734
868.521,199.02465714869567
868.638,205.17965201434617
868.756,223.3692789146288
868.873,242.99180624781178
868.99,268.7346799013412
869.108,280.0212764985936
869.225,297.2438038317767
869.342,323.1174134160421
869.46,355.44643425571894
869.577,384.66463258457327
869.694,421.47677030736696
869.812,450.2326309738836
869.929,474.26208471399343
870.046,483.56166832423327
870.164,483.1157973890187
870.281,486.6881082719861
870.398,492.7521940467286
870.516,492.190305795497
870.633,482.035343951192
870.75,459.5981310246358
870.867,441.55312589028745
870.985,428.22673547455395
871.102,412.40683856531405
871.219,397.8163788855113
871.337,386.5479971277864
871.454,383.7246370150831
871.571,355.4320128331157
871.688,321.9324622442217
871.806,297.1818294042456
871.923,278.81041734349037
872.04,252.49181913554912
872.157,228.97581833020539
872.275,213.5420686071127
872.392,200.8762842519854
872.509,177.36201504837334
872.626,155.29536489238026
872.744,139.42265413032663
872.861,130.2261338444634
872.978,107.89541442440114
873.095,103.84088548052932
873.213,95.73181108211202
873.33,87.39156785252567
873.447,73.60803457964914
873.564,54.64181732408847
873.681,39.724950717878365
873.799,28.048776752360805
873.916,19.98212659636718
874.033,23.151006999358422
874.15,15.737606062936866
874.267,12.554286202327123
874.385,5.260633012053933
874.502,0.7715464594918973
874.619,-4.101370929624158
874.736,-9.12750610551822
874.853,-8.030438008335649
874.97,-7.540335413937929
875.088,-11.586652455841746
875.205,-5.849489231487906
875.322,-0.5996931009705451
875.439,7.820070734577116
875.556,6.898891848072084
875.673,2.75606889412832
875.791,-3.721466072101567
875.908,-8.828978079354403
876.025,-8.850663162726324
876.142,-7.905311026529583
876.259,-5.249347034100147
876.376,-1.7173730875564521
876.493,-7.174981534965724
876.61,-12.210116921863946
876.728,-10.939127476740577
876.845,-6.49401843207729
876.962,-0.26592199956075113
877.079,0.24678292303272698
877.196,0.8397906298324762
877.313,-0.169851138654173
877.43,-4.513272114409096
877.547,-7.4185408613565285
877.664,-2.917374929531626
877.781,-2.3103084489184806
877.898,-2.7798528294551184
878.016,-7.7370065222461175
878.133,-10.651043365951296
878.25,-6.513668953804123
878.367,-1.3772708932782423
878.484,0.2723991694044927
878.601,5.794243023114557
878.718,10.95407827035973
878.835,5.963156557353825
878.952,6.249474118424914
879.069,5.891323417923178
879.186,2.4708207259593147
879.303,3.4693520838009455
879.42,-7.783616669123209
879.537,-7.8655302297247065
879.654,-6.365121270585989
879.771,-14.14900108584775
879.888,-12.923023891963728
880.005,-14.750813949843652
880.122,-17.555336386940244
880.239,-21.336591203253533
880.356,-26.09457839878352
