wavelength_nm,intensity
792.446,182.46328777576937
792.565,187.78692413940567
792.684,187.74952154200304
792.803,182.35107998356142
792.922,171.5915994640808
793.041,142.62276829524967
793.16,125.11194578442718
793.279,105.51281158529298
793.398,89.25480292728437
793.518,88.9188721913536
793.637,93.58380725628871
793.756,99.20978128226278
793.875,119.15696742944893
793.994,128.35004102252253
794.113,149.81757349005503
794.232,152.96649123897276
794.351,153.67904535152684
794.47,147.78467305715452
794.589,132.58640465888624
794.708,113.81237868486028
794.827,105.8946297671114
794.946,92.13532240780407
795.066,93.58380725628894
795.185,83.36389383637548
795.304,88.95437002685168
795.423,83.84787652035818
795.542,86.77082024330193
795.661,91.84268171516334
795.78,104.22103669351829
795.899,104.3777466502282
796.018,103.32579859828016
796.137,88.31326495438243
796.256,84.92669169068779
796.375,68.47571199895111
796.494,55.88959028823806
796.613,52.4435824723563
796.732,50.86227713999734
796.851,53.187370052283235
796.97,57.74146410961896
797.089,54.77915160277472
797.208,60.9381558197434
797.327,66.02252298059763
797.446,68.39059911744337
797.565,85.09819190830984
797.684,86.35495127658692
797.803,99.9545677877212
797.922,105.55072109539228
798.041,100.08107353726237
798.16,93.40276797047432
798.279,85.8283585075823
798.398,75.17949017023125
798.517,69.84490754716583
798.636,55.73110414487961
798.755,53.39392411921669
798.874,56.0887787255883
798.993,53.87713982546646
799.112,59.51138837123217
799.231,64.4270221983832
799.35,67.77122745410574
799.469,72.59422058861621
799.588,75.27608818200122
799.707,71.59864841607882
799.826,72.10562423457179
799.945,61.27840091886562
800.064,60.219142971124754
800.183,62.43001489351376
800.302,60.18893876395481
800.421,66.26994055647353
800.54,71.66003325808308
800.659,71.31332942289598
800.778,75.39952602060906
800.897,81.64849318109265
801.016,85.02733047144633
801.135,92.0433971990296
801.254,87.37461544176432
801.373,88.45734883601406
801.492,84.71930300948463
801.611,79.35701475871281
801.729,80.64580875902327
801.848,88.9752954000264
801.967,90.23465217089961
802.086,92.50872755649132
802.205,93.8053137645937
802.324,95.62138049217654
802.443,82.45103465510601
802.562,64.5249740700576
802.681,43.740804522757955
802.8,20.376276099576152
802.919,3.463474834492996
803.038,-8.013297076010755
803.157,-4.5059910620229084
803.276,-12.476579819482353
803.394,-19.576281918505757
803.513,-19.623263532456505
803.632,-27.154346017791738
803.751,-31.97945285041955
803.87,-34.4124218131954
803.989,-34.757794255201595
804.108,-31.903385273318776
804.227,-34.314015863889296
804.346,-32.84569210555955
804.465,-26.500448502091988
804.583,-26.40199173326952
804.702,-27.093953754659697
804.821,-32.54582000127518
804.94,-31.152497058902732
805.059,-32.123868489470965
805.178,-28.63489809241935
805.297,-31.746250788292855
805.416,-30.112906140896428
805.535,-28.39909419353493
805.653,-26.48629239168187
805.772,-25.707674014181443
805.891,-20.222654166473863
806.01,-21.999048681080893
806.129,-13.735457856943473
806.248,3.4161199772775435
806.367,10.420803785388745
806.485,24.65313996121915
806.604,45.554774916935315
806.723,61.63618046452357
806.842,73.9433610682207
806.961,83.99638287664507
807.08,94.08154131191652
807.198,104.02190341587745
807.317,100.11625655360082
807.436,92.37857505928977
807.555,94.91621824030352
807.674,92.02528999274571
807.793,92.00622321704944
807.912,102.78715644135302
808.03,109.8910333886003
808.149,124.07369821463527
808.268,141.15073533504255
808.387,155.53859496627234
808.506,179.9082727793202
808.624,188.2727557871733
808.743,189.61213056991835
808.862,192.0995573007155
808.981,177.35062039514906
809.1,161.71856660646563
809.219,144.59560372687315
809.337,128.68303045767038
809.456,113.45530567331599
809.575,98.37823023961096
809.694,83.43410852270611
809.812,71.64309296801748
809.931,59.23267792662205
810.05,61.26787861355635
810.169,72.77417483075979
810.288,81.49768412724814
810.406,92.03676353071486
810.525,97.23941214493416
810.644,95.91236205885153
810.763,102.44812176725318
810.882,113.16223645400987
811.0,120.56119962561516
811.119,131.19998963704725
811.238,138.062156271856
811.357,145.69488567722732
811.475,145.21159776658132
811.594,139.5542838819092
811.713,147.2761907764578
811.832,150.8794829523916
811.95,161.69056733611757
812.069,165.673946092138
812.188,172.55689194772566
812.307,185.75066031413598
812.425,191.66217759829556
812.544,194.3200152287755
812.663,193.83239831380087
812.782,191.04781170185652
812.9,205.35413418082084
813.019,208.31153891086737
813.138,220.3338787058487
813.257,230.72072066533224
813.375,236.9612422784955
813.494,242.04072493061977
813.613,244.8379565004929
813.731,252.39622703140515
813.85,259.77614258396244
813.969,268.6183957988575
814.088,274.57147152457503
814.206,270.8821230078683
814.325,269.7919086902959
814.444,268.9138155848447
814.562,267.8911337348048
814.681,274.43988045619346
814.8,282.6804020693572
814.918,286.63261199420924
815.037,282.2722678065072
815.156,275.721447428329
815.274,274.44854912807307
815.393,274.1297633819297
815.512,261.8715836963926
815.631,255.4549624524139
815.749,252.61236718246107
815.868,245.93167667441278
815.987,237.10380001917804
816.105,233.67852076654026
816.224,241.51471337537436
816.343,241.80718304048537
816.461,235.68753149347515
816.58,230.45272843131346
816.698,226.93134528257178
816.817,217.32251624638417
816.936,196.06347075998016
817.055,177.72823479738568
817.173,165.84234948414192
817.292,155.26901828345234
817.41,148.7649511520268
817.529,143.20980176951892
817.648,138.6875528199114
817.766,130.87612638112623
817.885,121.18850946615055
818.004,114.03595748623965
818.122,108.29292931585248
818.241,110.72998772555198
818.359,112.55146171966712
818.478,109.8924162332628
818.597,111.08358719707488
818.715,110.43406552019437
818.834,107.89142053035056
818.953,101.52610870407963
819.071,130.76421134056034
819.19,170.42117113000853
819.308,260.98993266944524
819.427,357.53484458755656
819.546,449.26919479166884
819.664,499.4781180580014
819.783,492.8974234157193
819.901,439.51799068948515
820.02,369.89793483133406
820.138,276.2449144471416
820.257,211.5183786215835
820.376,153.59535955138716
820.494,115.14484194119962
820.613,96.62613427451964
820.731,86.14890696993328
820.85,77.48026355003154
820.969,69.74731168175416
821.087,78.99495510988494
821.206,86.84563391679202
821.324,98.15819898130223
821.443,111.38895093974006
821.561,132.71718131146906
821.68,136.5006560600558
821.798,122.97289736972282
821.917,107.53764508991799
822.035,95.41678767257662
822.154,80.19228653110244
822.273,64.42756209953467
822.391,58.53283118483729
822.51,63.83408701739358
822.628,53.04643029602864
822.747,57.8652789032576
822.865,65.47048895555318
822.984,68.00878431810129
823.102,69.06008657286785
823.221,60.22678898555868
823.339,63.5086115062641
823.458,71.53634950130329
823.576,70.8516965116563
823.695,82.05302757343004
823.813,88.58924364123973
823.932,96.59726305400801
824.05,97.94959466308742
824.169,84.99336020192548
824.287,78.63118253548527
824.406,68.58392684296211
824.524,66.47614686390789
824.643,65.42396368610974
824.761,63.770130680655015
824.88,69.96801618591388
824.998,73.83355155948774
825.117,68.24046927344662
825.235,73.75820949822815
825.354,76.4646943117543
825.472,87.07161202571345
825.591,87.41013147127437
825.709,90.84042580861028
825.828,95.55297122819724
825.946,87.49794075791911
826.064,72.34308353600684
826.183,67.34384189681853
826.301,59.770191197678976
826.42,49.22637298580176
826.538,45.54462951899795
826.657,58.770660756583815
826.775,69.45107024682639
826.894,71.20739110096986
827.012,69.57332821481526
827.13,73.29921665811804
827.249,62.44964285799362
827.367,45.888654624445124
827.486,34.62726634653368
827.604,37.75610328853742
827.723,32.141938787922314
827.841,30.514706715639676
827.959,37.90275239141856
828.078,54.31248626341912
828.196,66.84180382165323
828.315,87.52715413121324
828.433,103.23774960088207
828.552,124.4414579224428
828.67,131.4674017280704
828.788,132.2665057068581
828.907,120.98249280252891
829.025,104.92445392417349
829.143,92.86208604148896
829.262,73.48258193979925
829.38,43.34624250438488
829.499,20.630989096232852
829.617,4.415828517577361
829.735,-5.789704365462215
829.854,-17.70110058648482
829.972,-12.753540898486868
830.091,-3.762168299869407
830.209,1.2439530621949504
830.327,9.12814464578501
830.446,29.741224233770904
830.564,57.46330061013733
830.682,96.1729146544357
830.801,139.23170035897013
830.919,180.3319056485876
831.037,205.68012584498774
831.156,207.35735037039206
831.274,198.779163640385
831.392,156.84007584326173
831.511,122.92744734340755
831.629,86.19959399889328
831.747,54.50884171004169
831.866,31.894979489119127
831.984,25.340852222035508
832.102,23.123319867142285
832.221,28.384163920547536
832.339,19.618110753115616
832.457,37.32647969039614
832.576,39.97349225466997
832.694,35.413640689062255
832.812,30.686655867762774
832.93,26.78299704551349
833.049,25.19602189679661
833.167,9.373623444694392
833.285,7.523894706226669
833.404,11.838477363218477
833.522,13.244538084091747
833.64,15.79642335542512
833.759,16.189062290585568
833.877,13.78152736280854
833.995,17.694200215524713
834.113,8.616177271524384
834.232,15.456366418016803
834.35,20.274279679796344
834.468,35.39093332097053
834.586,47.036345255586966
834.705,58.019880020486866
834.823,68.7309974407865
834.941,79.03791254528227
835.059,72.6053472118748
835.178,58.794325244321314
835.296,36.909316664403036
835.414,19.300887487233737
835.532,-2.822793096850962
835.651,-7.815117156501335
835.769,-7.004012103454418
835.887,2.5249546918019536
836.005,9.061660891452986
836.124,13.660360006841195
836.242,19.395714796344016
836.36,35.04837173691584
836.478,47.49020780184098
836.596,63.05985995554023
836.715,76.53868299686755
836.833,88.66539462951076
836.951,93.7975778728669
837.069,100.1167741032359
837.188,108.82384912148365
837.306,119.60798041678773
837.424,127.92977404975409
837.542,136.42213045328333
837.66,142.76903231135805
837.779,151.39731945081815
837.897,148.8394594041311
838.015,149.8703439461885
838.133,151.0310986181161
838.251,152.03168012987055
838.369,154.16819237755564
838.487,157.09777821831443
838.606,164.4005242322333
838.724,172.24699318987516
838.842,170.18437123842608
838.96,167.44815621338392
839.078,176.36562084202143
839.196,185.38957897715244
839.315,187.97717347591959
839.433,189.45567706559598
839.551,192.92205944315117
839.669,182.83865827092288
839.787,174.4245211679588
839.905,167.6337606883714
840.023,170.2118313776151
840.142,171.56998864694532
840.26,171.81992080805026
840.378,170.3261300254324
840.496,166.5180535285287
840.614,160.14028006192797
840.732,167.71921655203732
840.85,162.22196256595635
840.968,157.97319342836045
841.087,158.2534286197691
841.205,158.89297117048523
841.323,154.2268860155737
841.441,152.3114502113114
841.559,159.44623085726533
841.677,176.16109808330594
841.795,180.66817310155426
841.913,194.96918751374182
842.031,211.09790755363494
842.149,222.33398690088737
842.267,222.06703594510952
842.385,223.16025814950484
842.504,224.95997386039375
842.622,226.1380445496377
842.74,232.53602865879503
842.858,244.03011666405627
842.976,253.64974579485855
843.094,265.9066043628902
843.212,266.4509088183677
843.33,270.364910243542
843.448,274.2598640496685
843.566,271.75135465233177
843.684,277.7086461207957
843.802,284.4191843425061
843.92,283.7124065469004
844.038,292.40476295042873
844.156,287.6546951115327
844.274,292.93406450207397
844.392,301.5874598666413
844.51,307.60795479830836
844.628,309.43797353949935
844.746,307.2082520209501
844.864,303.22008894395935
844.982,299.450973486016
845.1,280.65934720556163
845.218,267.82010187748807
845.336,249.37912494768278
845.454,237.09139477112433
845.572,219.85301524391667
845.69,193.0388781409516
845.808,177.68188389512937
845.926,160.75605848047587
846.044,145.4856443212337
846.162,130.4758362225976
846.28,110.77338743132063
846.398,98.26463630842306
846.516,80.3333814877472
846.634,55.313524055253396
846.752,43.788188730397046
846.87,34.77335601022007
846.988,28.402422639910046
847.106,21.581395083840405
847.224,14.490988920899463
847.342,4.414108806436641
847.46,-7.481731812961416
847.578,-18.36416486699176
847.696,-22.83172421766864
847.814,-21.15802143538809
847.932,-22.2582795799682
848.05,-18.605435363380884
848.168,-17.17081198825715
848.285,-12.815371824052944
848.403,-12.514053189649177
848.521,-9.040624069352448
848.639,-5.9015600281525
848.757,9.432645279969352
848.875,22.84057501441958
848.993,31.100582738057266
849.111,31.29092166856657
849.229,41.18032031382667
849.347,41.19116817888825
849.465,50.72053285433845
849.582,60.52509341359233
849.7,83.35040105448479
849.818,100.7892545085475
849.936,107.62648433352791
850.054,115.93656096787328
850.172,121.35226530784638
850.29,120.71948479933454
850.408,129.81484281896115
850.525,137.0461315745186
850.643,145.4981995508552
850.761,147.09225886918327
850.879,144.51662121781447
850.997,148.80072382618607
851.115,137.79997794970922
851.233,134.53083380483417
851.35,136.75346455173386
851.468,139.52934205188006
851.586,142.12253556934218
851.704,146.39018796126305
851.822,152.81541611075954
851.94,168.75146677107853
852.057,194.25115379503413
852.175,223.92919579734485
852.293,264.89987849229624
852.411,304.621210537897
852.529,349.53215297310794
852.647,387.3140910793146
852.764,418.13239282188476
852.882,446.74809716185746
853.0,472.0382603762891
853.118,486.2002850625822
853.236,501.51988550645115
853.353,506.59359850443263
853.471,518.9911210262237
853.589,521.8466522060235
853.707,515.0493695330097
853.824,509.7932124011214
853.942,486.54657907875696
854.06,460.23847389492073
854.178,429.4576414383572
854.296,401.4664193714041
854.413,381.4639418931955
854.531,355.5385206920432
854.649,329.19924667703816
854.767,306.690275692336
854.884,275.04537397170304
855.002,237.4515545021522
855.12,205.280245855112
855.238,180.66045235958717
855.355,154.65278007618366
855.473,118.8944584421309
855.591,99.76817144011278
855.708,69.64691948168876
855.826,46.45224320637109
855.944,22.740485071275383
856.062,11.971396905789867
856.179,7.088690252940851
856.297,-10.422697346909787
856.415,-19.774870956468952
856.532,-18.907737754744772
856.65,-31.279877148552693
856.768,-41.002940349053496
856.886,-49.211042267869246
857.003,-48.319975375717966
857.121,-43.960036871197076
857.239,-45.21795530459874
857.356,-46.565132496973476
857.474,-44.01755215735704
857.592,-47.25931301690743
857.709,-46.58012779203902
857.827,-43.614805583163836
857.945,-37.17000062263743
858.062,-21.565070216519196
858.18,-8.25318871207261
858.298,1.2957030146074666
858.415,13.57361517974334
858.533,26.01265526384673
858.651,47.57869558009779
858.768,62.33642484479812
858.886,82.58098939514528
859.003,95.27111026132125
859.121,107.04766960144424
859.239,118.36015967749796
859.356,121.66312594402793
859.474,124.32713117159693
859.592,121.27771648574607
859.709,113.40579097738454
859.827,107.82564036079805
859.944,82.52662122426632
860.062,66.21362987448028
860.18,47.23376820589995
860.297,34.048697010114665
860.415,22.509862570344314
860.532,9.99985466737939
860.65,3.9786086154401556
860.768,-0.6870842615373705
860.885,-8.852263866476832
861.003,-10.466670420340314
861.12,-8.824780501626957
861.238,1.3988445421253726
861.356,7.211787132249702
861.473,10.416352434189712
861.591,15.382127919802391
861.708,22.924041469202812
861.826,26.528551367936434
861.943,22.5306960537512
862.061,18.38926273161552
862.178,10.85785324842118
862.296,5.407217900116997
862.414,4.510334396579439
862.531,7.574020678208261
862.649,3.4498809474718555
862.766,4.93542671846945
862.884,2.4127979744834134
863.001,0.7018600317465977
863.119,-5.8120879273458215
863.236,2.505285901308368
863.354,7.781892632171512
863.471,9.411887385769733
863.589,6.245096535758623
863.706,12.797235304347659
863.824,18.7327157116632
863.941,27.284360416351667
864.059,27.148514806434687
864.176,35.55059618906603
864.294,42.84935749290824
864.411,51.342356301964
864.529,55.96813872403055
864.646,51.524208897301904
864.764,45.9883352811928
864.881,49.79002803732212
864.999,44.794758144176015
865.116,50.87538150126415
865.233,64.13061455940789
865.351,78.91895655144083
865.468,86.7452695787891
865.586,91.77415226430934
865.703,101.91732066411524
865.821,117.24490464833661
865.938,119.2807137407832
866.056,121.32431504102192
866.173,117.56964794299242
866.29,110.17169080167292
866.408,107.59018387680366
866.525,111.79655573981333
866.643,122.65487565477115
866.76,126.57033842687201
866.878,124.9091778223497
866.995,121.9042942741045
867.112,117.6154280418767
867.23,111.82959211267892
867.347,112.9632367029616
867.465,114.67263886900186
867.582,118.2746817276827
867.699,116.7407938504328
867.817,118.0224903887673
867.934,123.99163281454776
868.051,132.35471463426762
868.169,139.31519905138987
868.286,145.42373541656428
868.404,146.08898173844875
868.521,152.99232329842835
868.638,163.1839765467196
868.756,171.9461925655736
868.873,187.61230468832372
868.99,200.6039579366149
869.108,215.347992137287
869.225,231.6071778531107
869.342,246.23865794122878
869.46,272.3515233107322
869.577,297.4115748274219
869.694,317.9339640064492
869.812,340.6121973413206
869.929,359.4843700701315
870.046,369.9132527556525
870.164,375.97330427234226
870.281,380.88703544271175
870.398,382.2657016780164
870.516,370.4036752726286
870.633,358.69229821789
870.75,348.9662025484329
870.867,337.43577787464653
870.985,320.01357830908546
871.102,303.32384627599185
871.219,293.3276207364047
871.337,281.985940651363
871.454,264.80356792562867
871.571,252.17790515660423
871.688,238.15916879450623
871.806,222.49800818998403
871.923,197.91390386251828
872.04,175.97135797661116
872.157,152.80976447165648
872.275,142.81786793639878
872.392,142.20432637949605
872.509,135.76307919488778
872.626,129.9408796293271
872.744,119.20352854861474
872.861,109.16834197006682
872.978,92.31410777247109
873.095,73.07459218959374
873.213,68.09135366299333
873.33,71.02586405414175
873.447,57.4457997670601
873.564,41.667589168422914
873.681,28.567334617475325
873.799,21.338475373097115
873.916,10.815179125830433
874.033,6.45282016778387
874.15,7.90836705487454
874.267,9.921625528046327
874.385,7.8443169497464
874.502,4.075131705029566
874.619,5.68421333811722
874.736,-0.45742638628006405
874.853,2.2727523219604997
874.97,-0.4380797400076504
875.088,-1.1311480210056395
875.205,-4.909308086515275
875.322,-1.028277613083195
875.439,2.3184153813248836
875.556,6.007694559970565
875.673,-1.8286611899186065
875.791,-4.125666882672035
875.908,-7.269984643717082
876.025,-12.959962427269968
876.142,-12.102559069182103
876.259,-6.431132574898532
876.376,-4.245696832148475
876.493,-8.804695858008017
876.61,-14.213972086359838
876.728,-13.72676276787773
876.845,-7.196481223811166
876.962,-3.620943239276876
877.079,8.404531368046516
877.196,15.09079943748619
877.313,10.64044221056319
877.43,1.136435834511411
877.547,-0.6033634752515377
877.664,-2.5029009678962977
877.781,-3.290059994801935
877.898,-5.381675114884091
878.016,-8.522504329847939
878.133,-8.830226108210748
878.25,-11.830388985329805
878.367,-12.591069471734118
878.484,-8.559536244303201
878.601,-1.7683542551126068
878.718,0.5114932831422747
878.835,-4.9491619547273515
878.952,-9.78586368351261
879.069,-11.740490981251266
879.186,-19.20630173987096
879.303,-19.00367729611481
879.42,-19.966188010616424
879.537,-16.92940464925421
879.654,-16.392484287327378
879.771,-16.850150117830566
879.888,-17.54961849144158
880.005,-15.445001035950426
880.122,-12.839534576520805
880.239,-9.733219113152742
880.356,-6.12605464584624
