wavelength_nm,intensity
792.446,0.24048384546201917
792.565,0.24654830214594362
792.684,0.2467641777596337
792.803,0.24113147230308934
792.922,0.22965018577631052
793.041,0.2021621599426468
793.16,0.18002321034263974
793.279,0.15345484310829613
793.398,0.13244918961408847
793.518,0.11840303222380738
793.637,0.1265365172919104
793.756,0.13538212738161082
793.875,0.1685142526721647
793.994,0.2001763484538493
794.113,0.22973869274328057
794.232,0.23682331938671627
794.351,0.23087402349199876
794.47,0.21779228684525254
794.589,0.2026606474577649
794.708,0.18281880971313952
794.827,0.17471075768152222
794.946,0.16478576952337184
795.066,0.15663600731191807
795.185,0.14408531246699174
795.304,0.14662149486533832
795.423,0.14557772304796834
795.542,0.1499043912149029
795.661,0.15308046881122775
795.78,0.1534548431082961
795.899,0.14952391298907775
796.018,0.13950838322103848
796.137,0.1262303035326232
796.256,0.13093032867516685
796.375,0.1308316484936027
796.494,0.12916913273491828
796.613,0.12363110298563376
796.732,0.12378000416294543
796.851,0.11874736157068483
796.97,0.11394891236996746
797.089,0.11435577150040728
797.208,0.12519943545149886
797.327,0.1364037119690361
797.446,0.1422464919014197
797.565,0.15294901644547654
797.684,0.16498931870867725
797.803,0.17750674473634837
797.922,0.18388972236368661
798.041,0.190474129639991
798.16,0.18543767388528348
798.279,0.1677167632452544
798.398,0.1526873342586978
798.517,0.1294131359059039
798.636,0.12207058200728176
798.755,0.12779956594562564
798.874,0.13337329010025334
798.993,0.14320105633913938
799.112,0.15027661710211476
799.231,0.14938911187296
799.35,0.14781186269431512
799.469,0.1374825970002368
799.588,0.13671411838183498
799.707,0.13826208072654395
799.826,0.13434397486976224
799.945,0.128397330022887
800.064,0.13262491709172142
800.183,0.14178346127438873
800.302,0.13848083490055907
800.421,0.13870933131239338
800.54,0.1372053292788267
800.659,0.143174570686196
800.778,0.14735332632497697
800.897,0.15401536364621443
801.016,0.16945485051937093
801.135,0.18494113417966085
801.254,0.18765494691686985
801.373,0.19265875025924456
801.492,0.19260036201952027
801.611,0.19411068347022947
801.729,0.2020372513655322
801.848,0.20881933261898183
801.967,0.2186075987850324
802.086,0.2314793662946001
802.205,0.22985023372152363
802.324,0.22554656303161885
802.443,0.20301656107465554
802.562,0.17705004722775464
802.681,0.15984572311088147
802.8,0.13366988182989242
802.919,0.11615914248583369
803.038,0.10547377910609455
803.157,0.08592203411372755
803.276,0.07466007580536271
803.394,0.05993731207078945
803.513,0.05107140240774415
803.632,0.04508480186185272
803.751,0.044215132960917614
803.87,0.042135684127019235
803.989,0.03769428170786035
804.108,0.03418721276476053
804.227,0.033365171179892655
804.346,0.03230771020118875
804.465,0.0389955789306474
804.583,0.03950780511212234
804.702,0.05404967417413896
804.821,0.059157939776537244
804.94,0.06737302957718776
805.059,0.07119098449979809
805.178,0.0722899037059184
805.297,0.06781020302204302
805.416,0.07334706275966152
805.535,0.07118926592949243
805.653,0.07485906056339786
805.772,0.07004732171451539
805.891,0.07477354316903292
806.01,0.07033736765402923
806.129,0.0718466307458123
806.248,0.08321375478990313
806.367,0.10880146901908769
806.485,0.13132961718083266
806.604,0.16778611885462286
806.723,0.1883591443094613
806.842,0.22162419609854705
806.961,0.23416194610288676
807.08,0.24868550759602415
807.198,0.2679884453055401
807.317,0.26949232676095614
807.436,0.25955642840513804
807.555,0.2524537703138187
807.674,0.23973549776647324
807.793,0.2281271229313605
807.912,0.21783516206474363
808.03,0.21994536710997706
808.149,0.22925922540939903
808.268,0.24679507574389395
808.387,0.26558833540223825
808.506,0.29523132842535027
808.624,0.3234795737275905
808.743,0.3340040445637282
808.862,0.352923452083041
808.981,0.34965406125083476
809.1,0.33346163591955275
809.219,0.32327954577055373
809.337,0.30115410168790524
809.456,0.2859433915649685
809.575,0.2639563032008019
809.694,0.24603544870995703
809.812,0.2345603429860289
809.931,0.22358372477721883
810.05,0.22740913380304278
810.169,0.24732348170967325
810.288,0.2659946627928863
810.406,0.28249793184606453
810.525,0.29898288911297316
810.644,0.3144088147406202
810.763,0.3225079912174882
810.882,0.3268471475803213
811.0,0.3296236981814775
811.119,0.33376142489534427
811.238,0.3352887047443263
811.357,0.3340661646884825
811.475,0.3333502507194324
811.594,0.33459369788123494
811.713,0.3390122053179032
811.832,0.3345433924850346
811.95,0.33395159173403466
812.069,0.33455107441202125
812.188,0.33793801788883227
812.307,0.34283873569726764
812.425,0.34670585490292716
812.544,0.340276663617746
812.663,0.32587777601942924
812.782,0.3069121323897537
812.9,0.2955285855971726
813.019,0.2783900513086243
813.138,0.2780179919928596
813.257,0.295459231431627
813.375,0.3207297768221292
813.494,0.33138039551923465
813.613,0.33962403164334054
813.731,0.3472257379265494
813.85,0.3506106467604416
813.969,0.346845820377495
814.088,0.35894205286844383
814.206,0.38120641334634586
814.325,0.39729868452991646
814.444,0.4119911213853183
814.562,0.42950052136186795
814.681,0.4460017557721273
814.8,0.4581742873725334
814.918,0.45899045952137796
815.037,0.4654120729116543
815.156,0.46799634975697957
815.274,0.45665654778715437
815.393,0.45067090865828274
815.512,0.4489407251941857
815.631,0.44862054927285144
815.749,0.44748142957668
815.868,0.4487482751320486
815.987,0.45968781312363016
816.105,0.458123453057419
816.224,0.4562345674456514
816.343,0.45702428923655025
816.461,0.45227266103796127
816.58,0.4390477624038213
816.698,0.4219427997234343
816.817,0.40540753706032523
816.936,0.3875151675703431
817.055,0.36289016466188606
817.173,0.3466763755799549
817.292,0.3356488912981725
817.41,0.3214371908483894
817.529,0.31500698224174806
817.648,0.3086744364952112
817.766,0.30638370890697
817.885,0.3088581150346754
818.004,0.31320642729064174
818.122,0.31982947032988224
818.241,0.3257241112041742
818.359,0.32610995637567963
818.478,0.32013245581848143
818.597,0.310291168358387
818.715,0.31417159721286314
818.834,0.32087669010485587
818.953,0.3127828091570365
819.071,0.33336841430300523
819.19,0.3507822945681622
819.308,0.4559545948154744
819.427,0.5763876161855223
819.546,0.7048931286343271
819.664,0.8076346636574405
819.783,0.8420913421561924
819.901,0.7993230484284523
820.02,0.7193919368434831
820.138,0.5922493649706562
820.257,0.5232359539893836
820.376,0.4458304443802128
820.494,0.3896440250310421
820.613,0.35234386467186574
820.731,0.32762628551060013
820.85,0.31762934786721453
820.969,0.30822652595613304
821.087,0.30868256630833946
821.206,0.31349070786396627
821.324,0.3259582626876042
821.443,0.34113189259331284
821.561,0.36613996904728324
821.68,0.38410411171619496
821.798,0.39339457162204905
821.917,0.378288645609432
822.035,0.3593575909093771
822.154,0.3343470231677985
822.273,0.3175645513900495
822.391,0.30227754215765523
822.51,0.29652283500007337
822.628,0.2819011540021428
822.747,0.2798556008856241
822.865,0.2751344923308174
822.984,0.2796710090567784
823.102,0.28538761867567247
823.221,0.28420068487090844
823.339,0.2856465790031363
823.458,0.2925860090162594
823.576,0.2768228933408542
823.695,0.2763002704490951
823.813,0.2846283442543337
823.932,0.29978366237377346
824.05,0.30382881283483276
824.169,0.29979846555097645
824.287,0.2977620683275931
824.406,0.2973167618667507
824.524,0.2795637654167108
824.643,0.27044477619281115
824.761,0.2637663411500722
824.88,0.2626424812757937
824.998,0.27059516346250534
825.117,0.27559456145250627
825.235,0.2828208761171884
825.354,0.2882322892982564
825.472,0.2893292421699031
825.591,0.28856144480642376
825.709,0.28890252783371767
825.828,0.2843462253553397
825.946,0.27780207674524526
826.064,0.26500241848114636
826.183,0.25181109145516845
826.301,0.23397569196691526
826.42,0.22682420244554358
826.538,0.23115420291524275
826.657,0.24853338574498673
826.775,0.25672920776050134
826.894,0.2637001747388684
827.012,0.2612405717883656
827.13,0.25675242984776914
827.249,0.2417441666952584
827.367,0.22943689201752104
827.486,0.21701669465778764
827.604,0.2109333926688126
827.723,0.2048856969309173
827.841,0.19802007473964411
827.959,0.1943417206807494
828.078,0.20798631643294377
828.196,0.21964611801779999
828.315,0.23778829194211248
828.433,0.26160203300271967
828.552,0.2815041730518377
828.67,0.29702877886105006
828.788,0.29328836819313076
828.907,0.29347074907275433
829.025,0.2788826396829863
829.143,0.2541314889135625
829.262,0.22138245715605837
829.38,0.18899727214059658
829.499,0.1500949066375572
829.617,0.1304508472425884
829.735,0.11240769104507867
829.854,0.10911016542153598
829.972,0.10684659661795323
830.091,0.12740653112504224
830.209,0.14464613350495106
830.327,0.16659685614800412
830.446,0.19669152676553137
830.564,0.24572674678736456
830.682,0.2960816389869176
830.801,0.3441053950181595
830.919,0.38088164499399857
831.037,0.41158448585707036
831.156,0.4229561843481482
831.274,0.40754994738424083
831.392,0.37175862301637536
831.511,0.3296395591708865
831.629,0.29121235490165087
831.747,0.248719934080553
831.866,0.2140853042120539
831.984,0.20148178786886267
832.102,0.20644537848702238
832.221,0.1992367178431616
832.339,0.18988354356283293
832.457,0.19602112314516884
832.576,0.2060235069518604
832.694,0.20271423946197595
832.812,0.19362483848417678
832.93,0.18692879885343405
833.049,0.1741257216818193
833.167,0.15418995834025717
833.285,0.13811763126837256
833.404,0.1363464368072408
833.522,0.14823959327331154
833.64,0.1525779545986221
833.759,0.1547332064043356
833.877,0.15970067860414783
833.995,0.1744559950402579
834.113,0.1993275560688903
834.232,0.22112273700422153
834.35,0.2382209447613874
834.468,0.2557535487817278
834.586,0.2628067244485309
834.705,0.27102066390053803
834.823,0.27316628084707495
834.941,0.2783231693135099
835.059,0.28016257250076004
835.178,0.2724605177200632
835.296,0.2634868111150851
835.414,0.24880491380127337
835.532,0.23949040450738784
835.651,0.23080459987542695
835.769,0.2223385366787018
835.887,0.22412910843589945
836.005,0.2334661707791117
836.124,0.24497216247381803
836.242,0.2597366348030626
836.36,0.27693860934908954
836.478,0.3006992553440297
836.596,0.3217619648285748
836.715,0.3431675116449463
836.833,0.36071639280863754
836.951,0.37762741341726935
837.069,0.381851418105412
837.188,0.3813245315780398
837.306,0.3932496597140297
837.424,0.40153786363257526
837.542,0.4030313775236209
837.66,0.407728436690396
837.779,0.4125058642524658
837.897,0.41765766611160415
838.015,0.41997215842040647
838.133,0.4161674621507674
838.251,0.42340985960902444
838.369,0.41933252118825926
838.487,0.41234971267937603
838.606,0.41130907881499423
838.724,0.4112491428374981
838.842,0.41533479180715893
838.96,0.4128892370073113
839.078,0.40773048587517685
839.196,0.4142444811684852
839.315,0.4204166564514268
839.433,0.42005254135756254
839.551,0.42204962937102375
839.669,0.4255604917161096
839.787,0.42019013772041514
839.905,0.411974335602709
840.023,0.41129586817788266
840.142,0.41226749616024394
840.26,0.40368749296006384
840.378,0.3905600628362539
840.496,0.3915133790323456
840.614,0.390031227654574
840.732,0.36973981981349335
840.85,0.3607040565994911
840.968,0.35949556469430505
841.087,0.3554690923465118
841.205,0.35015774299546476
841.323,0.3549066855566715
841.441,0.35875631594774626
841.559,0.36538323392305116
841.677,0.36710361049954926
841.795,0.38508485328349673
841.913,0.40675897296515706
842.031,0.4256883593492886
842.149,0.4374008673002593
842.267,0.44866066720178566
842.385,0.4511104632646915
842.504,0.45516559259057
842.622,0.4647234136904784
842.74,0.47569327697606867
842.858,0.47764051623801845
842.976,0.480142195695355
843.094,0.47620524763599087
843.212,0.4807212235829892
843.33,0.48799515800648896
843.448,0.4845322817472172
843.566,0.4868610165564519
843.684,0.4789178565898724
843.802,0.4747082663793827
843.92,0.4682229280641594
844.038,0.47141129950660854
844.156,0.4784309035652524
844.274,0.48967544364488846
844.392,0.4964000244802992
844.51,0.5054583407436308
844.628,0.5116874860283017
844.746,0.5182116545362059
844.864,0.5119450403347595
844.982,0.50715252492802
845.1,0.4916516838393731
845.218,0.4786300551473449
845.336,0.45626229420757924
845.454,0.43748262605520555
845.572,0.41163766036712524
845.69,0.3845668223204377
845.808,0.3583139107271279
845.926,0.3384335007556566
846.044,0.31637195357517794
846.162,0.3098550782947134
846.28,0.28995228725113453
846.398,0.2772704439265544
846.516,0.2594053477662037
846.634,0.23986879244801795
846.752,0.2207350964277645
846.87,0.19617704238585698
846.988,0.18054089754310665
847.106,0.17232471587767834
847.224,0.1460616274042842
847.342,0.1310804817879146
847.46,0.11695981468529434
847.578,0.10827294301910578
847.696,0.09796762950599787
847.814,0.08881633885643589
847.932,0.09451597259170212
848.05,0.09571757621515092
848.168,0.09683102398225457
848.285,0.10241665738249894
848.403,0.10783579381961543
848.521,0.12044347986516203
848.639,0.1213823839134002
848.757,0.1262153742959552
848.875,0.13146747760270538
848.993,0.13802616024114905
849.111,0.15256213191053994
849.229,0.16370056002551742
849.347,0.1703719296121597
849.465,0.1789853658648442
849.582,0.1818651783722094
849.7,0.18603597181158482
849.818,0.18670005818032245
849.936,0.18800403974703855
850.054,0.18968137828936377
850.172,0.1893952864149988
850.29,0.1853390012120047
850.408,0.1907611000464732
850.525,0.20108363635099177
850.643,0.213593413793274
850.761,0.22488545744862437
850.879,0.2307989225479946
850.997,0.23034090334698604
851.115,0.2272409003158507
851.233,0.21835335550204632
851.35,0.21652805625957014
851.468,0.2139051769929048
851.586,0.21890712206462987
851.704,0.23597449964513562
851.822,0.25361055992145964
851.94,0.2766719955408973
852.057,0.31560974985612145
852.175,0.352253444280342
852.293,0.4033074971773176
852.411,0.4538783223810665
852.529,0.5075204410708196
852.647,0.5580108978792739
852.764,0.6124505965932161
852.882,0.6539723474153798
853.0,0.6885763123134532
853.118,0.711507530786084
853.236,0.7269024318872945
853.353,0.7391070128917485
853.471,0.7402166860597132
853.589,0.7360413742459652
853.707,0.7309809927625172
853.824,0.7119354931763535
853.942,0.6848633272753264
854.06,0.6586172263993524
854.178,0.622518367188847
854.296,0.5983445501257215
854.413,0.57407612216687
854.531,0.5560489613615905
854.649,0.5236755333354997
854.767,0.4894648227536871
854.884,0.44834649946237837
855.002,0.4050531428908191
855.12,0.35701499903250145
855.238,0.3167858146967303
855.355,0.2822973753564947
855.473,0.25135938790965223
855.591,0.2210938499474897
855.708,0.18807172595174493
855.826,0.15449347800089785
855.944,0.12538477554312033
856.062,0.10317085649570532
856.179,0.08198277359506836
856.297,0.06704385624136758
856.415,0.057664908662156567
856.532,0.05387695888878369
856.65,0.04322291477507986
856.768,0.037462299818078804
856.886,0.026534428184133513
857.003,0.02285295466201073
857.121,0.01825379092960762
857.239,0.021238579868208856
857.356,0.028207699825208144
857.474,0.02952222520941001
857.592,0.03558011799667691
857.709,0.04522720341244123
857.827,0.051716683915315115
857.945,0.0610058492898527
858.062,0.07589221279453048
858.18,0.09459788657280224
858.298,0.10497154535504663
858.415,0.11539190974587821
858.533,0.12875176595580404
858.651,0.14899642880835648
858.768,0.17229610800356215
858.886,0.19832526067440506
859.003,0.22744198397460297
859.121,0.25032964797874135
859.239,0.2570408834565627
859.356,0.25538770189499144
859.474,0.24594794188298097
859.592,0.23999047322658207
859.709,0.22758013455305032
859.827,0.21346374779206284
859.944,0.19026980164862606
860.062,0.17014918363411233
860.18,0.14477104831729035
860.297,0.1282609041622764
860.415,0.11167998025992965
860.532,0.10430145777632338
860.65,0.09415661138999103
860.768,0.09035597980694747
860.885,0.08561901469626348
861.003,0.08629320231477876
861.12,0.09199644378254825
861.238,0.10663362916695523
861.356,0.1097834541149238
861.473,0.11997038525671719
861.591,0.12622798043373845
861.708,0.14468834651656276
861.826,0.15371102142030119
861.943,0.14563368814379152
862.061,0.1433278597929348
862.178,0.13031917159685452
862.296,0.11098730368374143
862.414,0.10151144802759984
862.531,0.09693823834948107
862.649,0.09522829702257052
862.766,0.08993778087916696
862.884,0.08279808434103134
863.001,0.09015836101562894
863.119,0.08971470720214404
863.236,0.09496712601848131
863.354,0.10078243710806876
863.471,0.09872001661803043
863.589,0.09911499384977462
863.706,0.09787341979123651
863.824,0.10021039636401295
863.941,0.10856311366430205
864.059,0.11643300316900314
864.176,0.1307393421636633
864.294,0.13932905829281972
864.411,0.13150341638403484
864.529,0.1321238223176558
864.646,0.1308361979362339
864.764,0.12835910744836232
864.881,0.12131142518281189
864.999,0.1194091375386512
865.116,0.13130117630567262
865.233,0.14136126421052872
865.351,0.14061245264033478
865.468,0.15832700823724535
865.586,0.18552096519307826
865.703,0.2051084095967905
865.821,0.21495907031234582
865.938,0.22694814073561254
866.056,0.22865616048993004
866.173,0.21769751075294683
866.29,0.20354447163336925
866.408,0.20955474383959552
866.525,0.21538596746896305
866.643,0.22528342497165244
866.76,0.2248967798410144
866.878,0.2300433461281891
866.995,0.22880622025747188
867.112,0.22317426568203866
867.23,0.2155493783675917
867.347,0.22066847697536163
867.465,0.21750454426049287
867.582,0.2253520990224404
867.699,0.2166376604249489
867.817,0.22433668625382036
867.934,0.22924723396240798
868.051,0.23098577336050843
868.169,0.23469995103281222
868.286,0.24475611068317152
868.404,0.2562456762698608
868.521,0.27321250059409435
868.638,0.2846033859992196
868.756,0.3067788961957093
868.873,0.31781066712565725
868.99,0.33228607119575865
869.108,0.3480443176261948
869.225,0.3642868090713173
869.342,0.38724870875594186
869.46,0.41976529158748616
869.577,0.4492929839712399
869.694,0.4759650550183877
869.812,0.5032444669768124
869.929,0.5308992705537647
870.046,0.5572193483759513
870.164,0.5669815021245368
870.281,0.5797366156067505
870.398,0.5972721226268023
870.516,0.600287400456481
870.633,0.5920236352655147
870.75,0.5880783996698076
870.867,0.5902737164031899
870.985,0.5968781043417203
871.102,0.5793373847622574
871.219,0.5622137669811589
871.337,0.5510282545587243
871.454,0.5305016964958493
871.571,0.5023350542726925
871.688,0.47715831981878587
871.806,0.45614649941976515
871.923,0.43297083627654753
872.04,0.3911527573893666
872.157,0.3593095154118481
872.275,0.3452317580802687
872.392,0.3277998918969649
872.509,0.31224701844921887
872.626,0.30371976700026204
872.744,0.2887020046401734
872.861,0.26057402063247487
872.978,0.22864227168798618
873.095,0.21171194498417878
873.213,0.19741851550320094
873.33,0.1848301167882193
873.447,0.16618865538965888
873.564,0.1548261290332847
873.681,0.14674548170501558
873.799,0.13337781475211466
873.916,0.12051325678213977
874.033,0.11152195170118853
874.15,0.10834855455570919
874.267,0.09968036318129297
874.385,0.08406213777803317
874.502,0.07537374810509026
874.619,0.08249197619460208
874.736,0.08409300480378214
874.853,0.08225527781974992
874.97,0.07317229235058362
875.088,0.07324561493112222
875.205,0.06914546289433145
875.322,0.07230760894909333
875.439,0.06940242016216926
875.556,0.07228415531687143
875.673,0.07162158397205692
875.791,0.07104949685554396
875.908,0.06344510328039857
876.025,0.05541118354487866
876.142,0.0554303179142932
876.259,0.06157974343071892
876.376,0.06504820675717995
876.493,0.06723308151011564
876.61,0.07480206336344405
876.728,0.07732497779997305
876.845,0.0809827580785126
876.962,0.07457110874380593
877.079,0.06929747557618937
877.196,0.07104335976517151
877.313,0.07001055501184689
877.43,0.06272810777548055
877.547,0.05671907331249472
877.664,0.05493235148755925
877.781,0.05427753804485402
877.898,0.05905102300163002
878.016,0.06517693344404933
878.133,0.07049586780068136
878.25,0.07299579421241734
878.367,0.07421905878791171
878.484,0.07618818373858836
878.601,0.07842145920963751
878.718,0.07826823880053593
878.835,0.07660483669548412
878.952,0.07544876306463377
879.069,0.06707567541097471
879.186,0.06556065925847408
879.303,0.06619941368852547
879.42,0.06614329320034906
879.537,0.06410240083314095
879.654,0.0726094976956657
879.771,0.07140381206773089
879.888,0.07339996409442251
880.005,0.06896973135856034
880.122,0.0611644353641517
880.239,0.0499840761111966
880.356,0.03542865359969506
