wavelength_nm,intensity
792.446,220.77983118467114
792.565,235.66649785133785
792.684,241.9912597560998
792.803,239.75411689895697
792.922,228.95506927990908
793.041,191.27022079506065
793.16,160.28493940977938
793.279,140.7498744747145
793.398,125.15333767817779
793.518,128.49100001584014
793.637,135.73082685566698
793.756,140.33429005913013
793.875,157.74035066519062
793.994,178.29359741843734
794.113,196.32390044874035
794.232,211.06416018900006
794.351,219.8684891933291
794.47,213.11264503748504
794.589,191.28493940977944
794.708,166.17671430155434
794.827,151.17758010242005
794.946,139.0182727431128
795.066,130.92390044874045
795.185,131.03558876042882
795.304,146.74727707211713
795.423,141.08580521064522
795.542,139.54727707211708
795.661,141.43558876042883
795.78,145.51004763488766
795.899,145.19835932319933
796.018,140.89273161757166
796.137,136.51004763488766
796.256,131.28840261324262
796.375,123.90571863055868
796.494,118.49359741843755
796.613,113.36892209376222
796.732,113.18017750501764
796.851,116.47628140112157
796.97,113.75853248337268
797.089,105.96459308943324
797.208,102.12736365220378
797.327,104.56026408510415
797.446,107.85377057861064
797.565,115.48493940977941
797.684,129.27887880371873
797.803,148.2078831327231
797.922,159.28753681237677
798.041,158.30918183402179
798.16,154.51437663921655
798.279,140.98623811107802
798.398,127.89879222363214
798.517,116.93775326259319
798.636,110.0754156002555
798.755,110.6537705786105
798.874,111.44770997254994
798.993,113.64164936648942
799.112,117.60615153099164
799.231,127.21740694224712
799.35,124.80701733185752
799.469,120.7524718773121
799.588,119.71610824094842
799.707,119.7801775050176
799.826,119.39835932319936
799.945,109.81740694224695
800.064,110.73688746172745
800.183,117.06935499419501
800.302,119.9637272885673
800.421,121.61827274311278
800.54,127.52822945306953
800.659,134.16112988596998
800.778,135.72390044874058
800.897,132.73515585999598
801.016,135.5446796695198
801.135,142.34208226692238
801.254,152.32996105480112
801.373,155.26848919332926
801.492,153.61913854397864
801.611,146.4858052106453
801.729,143.15766668250683
801.848,140.8979264227665
801.967,138.55680088164092
802.086,145.8606969855369
802.205,145.22260174744167
802.324,138.42866235350232
802.443,124.60355412839407
802.562,110.12476624960624
802.681,98.22866235350237
802.8,79.88799009696484
802.919,64.05138814257054
803.038,52.82180921774736
803.157,31.526678541299752
803.276,22.192772187173787
803.394,15.261436841422894
803.513,15.621301710006804
803.632,4.28879691745361
803.751,-5.975741609394964
803.87,-9.487364986986321
803.989,-15.04392302205874
804.108,-23.32474763389211
804.227,-13.962496985790628
804.346,-13.483947294376495
804.465,-8.64813218255193
804.583,-18.87159830821595
804.702,-19.13258209863893
804.821,-12.850399777172303
804.94,-13.349880315037906
805.059,-10.589964694070067
805.178,-4.795831668341135
805.297,-6.393308079417842
805.416,-0.9682849239362579
805.535,0.0021184902182350696
805.653,-1.0880474400607498
805.772,5.598562080108723
805.891,5.355546755043343
806.01,9.110719739673652
806.129,26.734164116228936
806.248,48.030173445612576
806.367,69.27616654211664
806.485,88.37709531785075
806.604,112.45228112107475
806.723,142.27313708962578
806.842,159.0352280699262
806.961,170.9921242450318
807.08,185.87196414308104
807.198,192.6401157294419
807.317,188.9061028136382
807.436,186.23615916190377
807.555,178.43807698203082
807.674,178.97505973722292
807.793,174.02892560929814
807.912,172.65681745539942
808.03,173.7548391716307
808.149,186.58273101773193
808.268,208.35001680322708
808.387,243.40561427703415
808.506,265.1902160798457
808.624,281.99040229824186
808.743,294.2667789928286
808.862,291.7526794969393
808.981,272.8429090053793
809.1,250.16777054845116
809.219,238.14977494866577
809.337,221.37247198957294
809.456,204.86183569714672
809.575,184.45769291121408
809.694,175.7435934153247
809.812,158.8563337462754
809.931,153.5041390122911
810.05,154.52770185406436
810.169,162.95299629756914
810.288,167.39300935579234
810.406,179.5542345352276
810.525,186.52411772332087
810.644,188.9935680109811
810.763,190.88033431595738
810.882,207.86580191963498
811.0,217.84867212071518
811.119,222.13110942136268
811.238,237.60142550988905
811.357,241.98775891443293
811.475,247.2667330116178
811.594,249.00198416507976
811.713,255.1684041497107
811.832,272.1469453464629
811.95,287.6189930367217
812.069,289.0590060949461
812.188,300.51460356875475
812.307,301.31305818542063
812.425,309.2076166981905
812.544,310.70563841442345
812.663,312.18807571507205
812.782,312.0869632321709
812.9,320.2421278055468
813.019,317.779110560741
813.138,324.19401539385734
813.257,339.81411503216856
813.375,359.28789432415937
813.494,372.39197664645314
813.613,381.79476026744805
813.731,382.60966510056414
813.85,392.97521928432946
813.969,397.3087388360602
814.088,404.45264799818057
814.206,419.3524013161451
814.325,430.5222845042395
814.444,437.0133798135459
814.562,443.7728733912505
814.681,443.92111155769965
814.8,449.59921985401877
814.918,448.3691030421129
815.037,453.10435419557507
815.156,454.5893888988207
815.274,445.00862273626547
815.393,442.42093016678353
815.512,435.27652764059167
815.631,425.5390515213263
815.749,418.68036328084867
815.868,407.4000300187263
815.987,402.66515130205835
816.105,397.1501860053038
816.224,390.9174717908004
816.343,395.85185714339633
816.461,397.7325628423124
816.58,394.92928585724565
816.698,388.7199482661184
816.817,377.9833379477185
816.936,361.8735674561584
817.055,336.9655285663299
817.173,316.0514290704408
817.292,292.08105251827465
817.41,276.30981016524254
817.529,261.2390007126434
817.648,248.90671939857253
817.766,244.97790128796493
817.885,234.03263296090702
818.004,226.2371481836328
818.122,227.71958548428063
818.241,230.8184730013786
818.359,233.44463324574923
818.478,233.25434327366963
818.597,238.2476030851396
818.715,239.39897565720537
818.834,235.46977944580516
818.953,216.05829852218164
819.071,223.20905010600768
819.19,231.50815408989124
819.308,327.45647682347703
819.427,434.60079207391817
819.546,562.933933644292
819.664,655.4673183670296
819.783,700.5145408835974
819.901,656.6838377323165
820.02,572.6114104904202
820.138,453.6772325114292
820.257,394.1178786596181
820.376,320.5775123020418
820.494,270.4961340029447
820.613,233.9612295414629
820.731,211.396409561726
820.85,184.28663907016596
820.969,172.35522355696105
821.087,172.93463055457886
821.206,189.06988170804078
821.324,211.11422377059355
821.443,231.45034072492132
821.561,263.98905508184635
821.68,279.89746640846835
821.798,285.2933236225362
821.917,278.6355011829245
822.035,250.7084146740487
822.154,231.96141474525945
822.273,210.44644944850472
822.391,192.29165731192307
822.51,186.1706314091076
822.628,176.91021156689828
822.747,182.28182635672363
822.865,188.33482642793427
822.984,184.74020745152603
823.102,191.32740665693575
823.221,187.77607772381725
823.339,192.00223796818773
823.458,200.955670939831
823.576,202.81300001537028
823.695,212.06426848484887
823.813,220.8618573006478
823.932,214.36420802120858
824.05,207.54101761622812
824.169,192.21133370475422
824.287,193.18554589717627
824.406,190.4757754056157
824.524,182.74868889673922
824.643,180.64930801556847
824.761,177.03304401751456
824.88,177.32413932681993
824.998,179.77021299110385
825.117,186.92797496707618
825.235,202.0052174625291
825.354,206.06600974153187
825.472,208.51987561360832
825.591,203.9494990614425
825.709,194.24319177334593
825.828,191.8347199830848
825.946,183.92062048719598
826.064,177.31561190039795
826.183,170.5963175993143
826.301,163.8605730817804
826.42,162.7490709884887
826.538,159.81072906835735
826.657,167.70355597939476
826.775,182.74616644021575
826.894,193.30046521272484
827.012,187.91796744843742
827.13,182.21339176207215
827.249,178.22569919259016
827.367,165.43627502137662
827.486,151.04771665102902
827.604,147.58383360535663
827.723,145.26280770254135
827.841,144.94957400751827
827.959,145.82595070210556
828.078,154.78024947461495
828.196,170.01506772764372
828.315,187.78235351313998
828.433,202.07085141984828
828.552,220.25112421833126
828.67,235.5681935536108
828.788,242.7060421096697
828.907,243.71748373932172
829.025,225.91420675425508
829.143,199.74209860035722
829.262,171.5855748620438
829.38,135.8344467356871
829.499,109.18430579068882
829.617,90.72447921322234
829.735,75.75593508377025
829.854,71.37549993629153
829.972,69.59101820994728
830.091,71.24256437031254
830.209,81.76261606954986
830.327,102.00982038017528
830.446,128.91276590392434
830.564,170.6011475177744
830.682,217.92876817795286
830.801,265.08842347016605
830.919,306.27578439008505
831.037,333.9679072147659
831.156,342.43578761520445
831.274,327.46297537495036
831.392,291.5395137840469
831.511,254.35458033167157
831.629,212.3713784810277
831.747,172.0028952451026
831.866,145.16687954164502
831.984,134.57069067801422
832.102,134.77103861092036
832.221,127.25536922780906
832.339,127.49467819967607
832.457,130.06125989881576
832.576,128.46766843778232
832.694,122.20827611094808
832.812,118.07702231225238
832.93,114.68343085121904
833.049,107.12907952238476
833.167,96.31739927424894
833.285,95.69456372803398
833.404,95.0538181820145
833.522,100.12422420026186
833.64,92.2812841107161
833.759,94.89658480085569
833.877,96.95201769246665
833.995,97.33241943428341
834.113,104.69766939621516
834.232,114.24042296792842
834.35,126.42349480327175
834.468,146.7079973484141
834.586,155.9360248245289
834.705,176.2895934261847
834.823,185.70896289364134
834.941,185.25820249096805
835.059,182.22562390647653
835.178,168.07702800596752
835.296,146.2357914128177
835.414,127.28719551230856
835.532,113.45115372435343
835.651,102.02583753765448
835.769,87.99365955040679
835.887,84.35986809341772
836.005,94.58111865867804
836.124,105.43473796862631
836.242,110.84036899779372
836.36,126.02100993384303
836.478,143.1428410173956
836.596,154.51522454203112
836.715,163.69280287186137
836.833,176.03488336619364
836.951,184.37263485619673
837.069,200.5302997661132
837.188,201.93731532538015
837.306,212.59887633919243
837.424,222.23619492876236
837.542,229.98520183002046
837.66,238.09784509491496
837.779,248.84338879271007
837.897,250.07464677621965
838.015,262.9613160151407
838.133,269.4956043016808
838.251,281.751104709433
838.369,291.37457048515057
838.487,295.3365643993961
838.606,305.52193493701816
838.724,308.72375569109045
838.842,300.65371497330136
838.96,294.78280845464633
839.078,286.73354695763635
839.196,287.37952355586447
839.315,291.98134430993673
839.433,293.70697458781865
839.551,301.565072398168
839.669,302.24135202669925
839.787,299.26568360328247
839.905,289.1246472144976
840.023,282.52646796857005
840.142,283.695388289742
840.26,291.9404990871044
840.378,289.441886940744
840.496,290.6073440584528
840.614,289.01262801598864
840.732,285.34605050166306
840.85,273.4405119483764
840.968,270.47263573275205
841.087,272.0259716383396
841.205,276.10051966513913
841.323,277.95948327635404
841.441,279.047884117006
841.559,281.52935855073156
841.677,289.94936112298524
841.795,295.5979351238104
841.913,304.817937696064
842.031,317.88123031160774
842.149,333.77309435572295
842.267,344.21127874615865
842.385,351.92998261711386
842.504,358.041760081143
842.622,371.3570007486352
842.74,385.8272197711057
842.858,391.3874820836195
842.976,394.8455798939688
843.094,397.86904566968605
843.212,394.57129932419116
843.33,397.92809843324164
843.448,391.284897542292
843.566,391.12394773359324
843.684,398.3119156738122
843.802,404.4384117525592
843.92,402.3657736321721
844.038,404.4178108364604
844.156,403.77201254291316
844.274,421.81712334027486
844.392,430.91591379131614
844.51,439.26059168824486
844.628,448.25808343798747
844.746,449.49626782842256
844.864,440.71800200240756
844.982,436.36397860063516
845.1,416.35973874864624
845.218,412.49056383172217
845.336,395.55212484553397
845.454,372.7435559892161
845.572,347.11247631038736
845.69,309.92122347138536
845.808,278.2589749613877
845.926,254.3603628150263
846.044,226.8046078115218
846.162,211.3856493448136
846.28,187.09482940624386
846.398,162.94340340706822
846.516,150.46037567629097
846.634,129.77042153858733
846.752,120.82245874287514
846.87,110.41475568742275
846.988,106.70142492634261
847.106,95.58106151386843
847.224,74.33736765556668
847.342,60.953572831406305
847.46,51.53792997351974
847.578,36.21430351418063
847.696,30.88461807902877
847.814,23.844175377363904
847.932,28.86367520044155
848.05,23.763855692909672
848.168,28.390052409047463
848.285,39.509383882496884
848.403,46.362523131467285
848.521,54.33630317216139
848.639,58.24041646555084
848.757,67.09393816542166
848.875,72.90018495648305
848.993,81.2170286990896
849.111,100.37889408671776
849.229,109.16846510205166
849.347,120.45067681002621
849.465,131.77704436215672
849.582,136.18912620000145
849.7,148.18389202053015
849.818,150.63493489733577
849.936,162.27125915942273
850.054,179.31970463363078
850.172,185.40711114679982
850.29,191.52049168594291
850.408,197.18798477919853
850.525,202.50569432267065
850.643,212.2597675025065
850.761,212.00778007628173
850.879,218.26921256347694
850.997,219.28562340565054
851.115,218.00246714825715
851.233,218.85351002506297
851.35,223.42143601875205
851.468,224.9988858219649
851.586,224.66637891522106
851.704,222.71049538510036
851.822,229.92517462554218
851.94,239.68357680970686
852.057,266.8818058336983
852.175,302.38739416504893
852.293,350.59081799423507
852.411,404.0574452866247
852.529,456.9413885963304
852.647,505.8270635077678
852.764,543.8642535707204
852.882,588.1862921185216
853.0,614.933438891431
853.118,628.43123501499
853.236,647.7212389307567
853.353,667.0164376517182
853.471,675.4094718705153
853.589,670.4215537083601
853.707,646.8656701782395
853.824,633.8872758256082
853.942,604.5374529015485
854.06,581.3945563844152
854.178,555.4291490447708
854.296,541.1546507960354
854.413,513.0013646685119
854.531,481.8350915280014
854.649,442.2991214177938
854.767,409.42981797425307
854.884,370.2869214571191
855.002,330.13103792699826
855.12,287.87125829298117
855.238,250.88593753342295
855.355,207.5551622284102
855.473,175.22092371993435
855.591,141.55594928072264
855.708,110.22517397571016
855.826,75.70788812011631
855.944,49.49807279864805
856.062,28.62312010370789
856.179,9.434600305244814
856.297,3.039252879996261
856.415,2.605086069306362
856.532,-4.80317123601027
856.65,-18.152151657546423
856.768,-22.231508687355273
856.886,-29.290964274410854
857.003,-33.41740568862528
857.121,-33.38185689876556
857.239,-33.41977809953847
857.356,-30.927699166086192
857.474,-33.01945232929494
857.592,-36.169865234341074
857.709,-24.10483625301574
857.827,-12.465823562662624
857.945,-0.14031217570350363
858.062,16.895489892136272
858.18,28.775357581812436
858.298,43.097027606013576
858.415,55.92410638636026
858.533,69.18963193736721
858.651,87.13557265427113
858.768,108.08791393133835
858.886,132.79429073179685
859.003,154.47036450195225
859.121,165.83301835868775
859.239,182.0571440768949
859.356,181.4258585396908
859.474,181.99543880335256
859.592,169.70008400207936
859.709,160.86620106227804
859.827,148.77950426966282
859.944,118.71445249869268
860.062,95.52126219958407
860.18,78.25101562341914
860.297,58.2612885277738
860.415,45.57700139625051
860.532,27.51561396427359
860.65,22.941006956727197
860.768,15.098778029950552
860.885,13.85866601416209
861.003,14.93259429160867
861.12,16.320200055040097
861.238,22.186604563570583
861.356,12.570260728481237
861.473,9.504224573576094
861.591,15.353306331810346
861.708,24.503633033986045
861.826,39.40682923716524
861.943,42.63522043487385
862.061,42.9181426191812
862.178,35.83270223990875
862.296,13.787697239288304
862.414,7.031101408916301
862.531,4.278202511016915
862.649,2.972930786042147
862.766,9.569585799638805
862.884,11.436630823362806
863.001,16.595456132741305
863.119,15.110515819121233
863.236,13.88823098143301
863.354,21.70945100219445
863.471,20.257259736116886
863.589,15.707917105933042
863.706,17.183120465463883
863.824,20.518108264507227
863.941,31.19114950406866
864.059,44.10577998643987
864.176,66.17441859995448
864.294,80.749824035105
864.411,86.8252523979748
864.529,86.44094050110425
864.646,81.14147708908203
864.764,75.26971930476545
864.881,75.68713900962638
864.999,78.9227405326692
865.116,85.6180823154524
865.233,81.71342409823566
865.351,85.84253211478517
865.468,102.78029813999277
865.586,116.18646243359865
865.703,134.05236698694483
865.821,152.9191373411569
865.938,170.78850509796652
866.056,184.10722350412684
866.173,175.00776009210546
866.29,163.73253910432638
866.408,160.89368175291108
866.525,151.5760365227081
866.643,148.6012484353622
866.76,151.02299714455313
866.878,159.43608784508612
866.995,167.00502270146328
867.112,164.5852129690959
867.23,160.4182170895424
867.347,166.6200523788201
867.465,169.83400888021902
867.582,180.4782684119208
867.699,183.1961210172155
867.817,181.03605154458808
867.934,186.20152319750161
868.051,190.61461389803415
868.169,192.39653576739778
868.286,203.22521088351456
868.404,209.47120201694725
868.521,224.11632734951394
868.638,237.34673406736184
868.756,250.60571221378115
868.873,270.1252964208063
868.99,293.1305949135458
869.108,306.5436856140775
869.225,329.80093215876525
869.342,348.0330704783448
869.46,385.14226507498074
869.577,416.528515948673
869.694,443.4879269955253
869.812,464.59452418956363
869.929,486.9677880502688
870.046,495.6466796166016
870.164,502.8736231309865
870.281,506.6416921864968
870.398,515.7101941424401
870.516,505.80813332782054
870.633,492.1926525997812
870.75,472.541674036244
870.867,457.2179681999796
870.985,445.5765134459664
871.102,426.987872544767
871.219,414.19750004183607
871.337,401.3292054609829
871.454,377.36567278489156
871.571,350.8705383771985
871.688,323.47843427253565
871.806,299.01706609860867
871.923,277.91846848745223
872.04,254.95580161222645
872.157,238.24854599241206
872.275,227.05384448515184
872.392,210.16563648438512
872.509,189.4860864922766
872.626,168.6706057642375
872.744,151.99625057732402
872.861,138.3764408449559
872.978,127.24754020349687
873.095,113.48833653173487
873.213,103.50056143140152
873.33,93.02793784621961
873.447,70.358777464501
873.564,53.15368634685177
873.681,40.636906917514295
873.799,30.41190237995164
873.916,21.878672734163924
874.033,18.84587598880908
874.15,21.681502123558413
874.267,18.81251164815272
874.385,8.90709106704295
874.502,1.9759459201405036
874.619,-5.074100548915791
874.736,-9.36592844251087
874.853,-12.090204650375798
874.97,-10.68515094865163
875.088,-8.267633773293511
875.205,-4.165974169359882
875.322,-0.009418834299248946
875.439,8.185077138582388
875.556,11.598450376244408
875.673,11.324502312612873
875.791,3.0150702969672545
875.908,-1.8143427875046416
876.025,-4.503824267710332
876.142,-3.80505359340454
876.259,0.426652226298496
876.376,-0.20185553740331375
876.493,-4.0012038199005575
876.61,0.7702753551288684
876.728,-0.7375201537302667
876.845,5.283193242463449
876.962,8.717284409813375
877.079,5.017830071664267
877.196,4.376723204149502
877.313,-0.01303494216300094
877.43,-7.013488276865677
877.547,-1.2361511776804748
877.664,-2.6327891624719575
877.781,-2.034754761373666
877.898,1.956543277505359
878.016,1.2869059647867769
878.133,0.2205793769952411
878.25,1.4665196633633544
878.367,-6.936546439661143
878.484,-4.0955829045762115
878.601,-10.769935464290725
878.718,-12.631715661772168
878.835,-9.53157071866203
878.952,-4.806086773657073
879.069,1.4855818339500262
879.186,-0.4059023793980483
879.303,-4.900696928461313
879.42,-7.901046601148835
879.537,-12.707714927053809
879.654,-9.061430140351076
879.771,-12.790385849480522
879.888,-12.170963756928185
880.005,-12.757880322580242
880.122,-13.976947425471973
880.239,-15.828165065603397
880.356,-18.31153324297451
