wavelength_nm,intensity
792.446,149.41220956689207
792.565,173.07948229416482
792.684,186.73896281364537
792.803,190.39065112533368
792.922,184.03454722922962
793.041,152.10987190455435
793.16,122.90467709935959
793.279,96.54726026470482
793.398,72.59946363412134
793.518,52.81303178446704
793.637,55.35749968454305
793.756,62.260885335786455
793.875,88.06077202335285
793.994,118.8571221689296
794.113,155.41271023116926
794.232,176.5868889394555
794.351,174.5987880284213
794.47,162.7163148230149
794.589,140.91003209379892
794.708,116.92626018709385
794.827,101.2394579773586
794.946,87.4046038195714
795.066,90.83295312498772
795.185,94.9617353308371
795.304,105.20653485270387
795.423,102.62103134426769
795.542,95.7385581388618
795.661,87.90630138367234
795.78,84.45066800510611
795.899,77.72577055727558
796.018,78.54199865057058
796.137,74.28809687373584
796.256,81.82553708824314
796.375,83.82098596075917
796.494,83.26059067743105
796.613,80.16945946336702
796.732,79.2237827947574
796.851,74.44953469757623
796.97,70.77658530169373
797.089,62.3382679404433
797.208,63.81423629347857
797.327,71.31271546902474
797.446,73.84149767487408
797.565,89.06205477249829
797.684,104.4635642510749
797.803,120.54213000670775
797.922,138.11939706104178
798.041,141.13735675606833
798.16,136.75012164590004
798.279,118.57760515045054
798.398,94.27695012686272
798.517,79.48798341496322
798.636,71.42802103206827
798.755,74.6892707703854
798.874,83.10463306281514
798.993,88.56155379680325
799.112,93.22280353512028
799.231,89.73167232105645
799.35,82.79378786023956
799.469,82.10611984963913
799.588,85.48425270483968
799.707,91.29095698861158
799.826,88.80675218147431
799.945,82.8351014868908
800.064,82.22016074901714
800.183,81.0320598379832
800.302,74.98854767153804
800.421,77.42901818907569
800.54,79.72316836029302
800.659,91.40346571765747
800.778,101.18419597545477
800.897,110.00388727221313
801.016,122.28591623130919
801.135,131.5644819869422
801.254,126.34348064300838
801.373,128.5675009440964
801.492,127.1707420244052
801.611,128.30558483631563
801.729,137.2343670421655
801.848,151.39604968091578
801.967,163.8581652200989
802.086,171.57828941729082
802.205,166.3044742205435
802.324,163.49213088526807
802.443,141.60099967120473
802.562,114.79558274285569
802.681,96.4040186283595
802.8,82.52760602901473
802.919,70.5458407017813
803.038,57.240277496629744
803.157,43.65634319374405
803.276,36.28959475425297
803.394,17.117487338205592
803.513,7.6699088118745316
803.632,-4.769886797163195
803.751,-16.082233287304998
803.87,-16.303194851583754
803.989,-20.077996657828788
804.108,-26.596321612530474
804.227,-21.48681581466475
804.346,-25.970609101878864
804.465,-25.489098374798452
804.583,-28.368276197151026
804.702,-32.20394257128976
804.821,-26.585885717096716
804.94,-24.714944909154752
805.059,-24.489772811814515
805.178,-14.860034367952554
805.297,-7.327516171823414
805.416,6.349672594469952
805.535,18.398950186882438
805.653,21.82954567040001
805.772,27.321502036839753
805.891,31.377661410782423
806.01,30.274223806136135
806.129,37.91730517893438
806.248,53.77829235182669
806.367,75.80017581800138
806.485,103.78898663237018
806.604,129.09821981161969
806.723,157.6836434670597
806.842,183.2820541354866
806.961,206.33327865672715
807.08,222.5966243900889
807.198,233.4677623312428
807.317,236.6653071988037
807.436,237.4749732784859
807.555,226.10715018067881
807.674,213.2683314118762
807.793,204.0823264958874
807.912,200.28160296517996
808.03,198.6886716422648
808.149,206.58145460506398
808.268,224.96687826050407
808.387,247.37394693758918
808.506,271.55937059302937
808.624,288.9335388372142
808.743,308.8921226658147
808.862,313.3069835506923
808.981,310.03439854812416
809.1,301.9150602988029
809.219,281.2286224823821
809.337,256.46339678717334
809.456,237.12760832140177
809.575,217.97104063485074
809.694,205.8118755457022
809.812,194.31851132235462
809.931,188.07190034576033
810.05,196.58719413107082
810.169,205.7942628081562
810.288,219.42297650688653
810.406,246.87160362553018
810.525,258.2016160255592
810.644,269.64245093641085
810.763,280.2070953710722
810.882,282.94836318235696
811.0,288.80131930533014
811.119,295.6525438265716
811.238,298.3219501659951
811.357,309.00174611580803
811.475,299.9005896846687
811.594,302.06090511500145
811.713,305.0930820171957
811.832,313.52612472025567
811.95,318.0232366873848
812.069,324.0337685679338
812.188,329.03391083809316
812.307,336.1691180433172
812.425,334.53116507538095
812.544,326.10446751870006
812.663,309.7331812174306
812.782,300.4813754356416
812.9,279.98021900450203
813.019,272.7033049976051
813.138,268.66794943226654
813.257,273.9338925682266
813.375,287.8994028037538
813.494,298.077900052268
813.613,306.0087782531631
813.731,326.4669291813309
813.85,337.4073311917499
813.969,349.382365236801
814.088,361.9877023121549
814.206,379.1185805130501
814.325,402.65551932000596
814.444,423.59678713129097
814.562,443.8523406568619
814.681,466.46114093567957
814.8,483.19201913657514
814.918,484.1220315366048
815.037,493.0858101704007
815.156,492.95781391242156
815.274,492.8367440613688
815.393,479.7485746432164
815.512,473.7911411558
815.631,466.2345734692493
815.749,462.15333045802345
815.868,453.0677584424686
815.987,455.9821864269139
816.105,457.04206895681375
816.224,459.3114752962374
816.343,452.3852106399903
816.461,457.9437944685917
816.58,446.3984821932972
816.698,428.6445119093448
816.817,411.4654334002843
816.936,396.40410380897293
817.055,382.04493871982606
817.173,357.1446480895537
817.292,338.9413271562513
817.41,320.1276166125593
817.529,303.67754243250374
817.648,290.6482474732274
817.766,282.94449363949224
817.885,278.21303417805154
818.004,276.6530032880394
818.122,270.24015854521343
818.241,273.9026384777121
818.359,275.7226941677866
818.478,280.499459814571
818.597,288.97406095919087
818.715,296.1005508470656
818.834,303.72812002942584
818.953,289.058549817703
819.071,303.08634897813954
819.19,317.3327750754284
819.308,429.9511202856796
819.427,560.9626795707637
819.546,709.1850035227719
819.664,818.9955689187761
819.783,858.4758354426665
819.901,806.371361001427
820.02,708.007314242556
820.138,564.9690134623777
820.257,489.7612471146206
820.376,410.29476828976135
820.494,362.96909975758376
820.613,318.92539730085207
820.731,293.6675309130053
820.85,269.5585822740762
820.969,250.8409756264891
821.087,255.10865036418323
821.206,267.7494852750375
821.324,291.1002768958483
821.443,326.08656635215686
821.561,346.02350515911485
821.68,370.195076000705
821.798,362.42552130116974
821.917,343.7217674674355
822.035,322.040524456212
822.154,292.2008398865471
822.273,274.76548432121126
822.391,251.77428460003125
822.51,239.28092037668677
822.628,239.1537899195762
822.747,232.6690837048899
822.865,237.96792727375328
822.984,240.95421673006234
823.102,246.75955380541902
823.221,247.39259650848123
823.339,238.0559422418463
823.458,241.37556503148826
823.576,238.30644323238556
823.695,242.42520022116133
823.813,252.06257192855173
823.932,257.43674017273855
824.05,259.9961898022067
824.169,254.96516324119858
824.287,248.93413668019036
824.406,242.39921401528605
824.524,233.6868021728925
824.643,232.43586219197084
824.761,231.53816896429612
824.88,236.46125495740074
824.998,244.86139722756167
825.117,249.22517586135905
825.235,260.4495605557625
825.354,263.8670188432397
825.472,260.566728212968
825.591,257.58938130563996
825.709,254.81982660610416
825.828,250.9229991792957
825.946,244.40712413343957
826.064,234.60207159840598
826.183,233.3485342148876
826.301,225.79369813007054
826.42,223.96440317079453
826.538,226.0848917613018
826.657,234.16988251631116
826.775,241.1501113665584
826.894,238.4472233336888
827.012,237.8542920107759
827.13,225.3193693458717
827.249,213.62427352079433
827.367,201.09627726281673
827.486,184.91719875375702
827.604,176.50695141352858
827.723,172.46553524213112
827.841,162.5981450447597
827.959,164.46322237985572
828.078,172.47808326473518
828.196,186.21242466909493
828.315,204.0896232163119
828.433,225.59019838690534
828.552,246.97042723715242
828.67,263.3177556544989
828.788,261.76205376881524
828.907,248.81154668832647
829.025,237.5796543264525
829.143,200.5229247840457
829.262,158.000672439892
829.38,119.59887144219118
829.499,87.17283757478579
829.617,72.80213822921513
829.735,67.71353785274597
829.854,69.33822264918304
829.972,87.894290941736
830.091,95.98952642713867
830.209,114.46198107699016
830.327,136.67086914068855
830.446,163.97508547644262
830.564,218.82291839571582
830.682,269.9919691608589
830.801,326.30960008182865
830.919,381.35883273440004
831.037,415.30416928307534
831.156,429.095393277638
831.274,411.9818553674388
831.392,367.8336854226076
831.511,315.91625140851227
831.629,254.51310310870298
831.747,206.9766214755606
831.866,179.77087577315405
831.984,172.80582271144027
832.102,182.68319389215048
832.221,188.0696559819516
832.339,187.9158583314928
832.457,183.94907366804705
832.576,176.04635826867076
832.694,161.69862122427298
832.812,153.54395777294903
832.93,146.75067065092222
833.049,144.90434476390965
833.167,131.28621113609398
833.285,123.3545321915086
833.404,123.77750218693805
833.522,129.86961084828167
833.64,132.46263904154932
833.759,147.907390374593
833.877,157.58451370792932
833.995,170.60882318845174
834.113,184.00802444386602
834.232,193.30073219278682
834.35,211.75447890274665
834.468,230.28701349149446
834.586,238.5624052230993
834.705,255.35294846985562
834.823,261.4560458291659
834.941,259.93663236596524
835.059,255.36440504995056
835.178,237.5584115001695
835.296,223.49267769064815
835.414,208.89101314519598
835.532,191.38631829671357
835.651,187.76474033134795
835.769,173.98818401100397
835.887,170.01509089412315
836.005,181.30087223611667
836.124,196.91912111057752
836.242,209.1797942274626
836.36,226.39890890278912
836.478,246.24572920582136
836.596,262.8882205045247
836.715,267.9636122361285
836.833,281.27796500669336
836.951,291.9602831452237
837.069,313.750826391979
837.188,321.94569864306317
837.306,334.5630817166581
837.424,346.3579539677424
837.542,352.43421150021186
837.66,360.4481313703436
837.779,366.7304495088737
837.897,372.01623085086686
838.015,382.12192561277334
838.133,382.47523942229884
838.251,386.2233584266296
838.369,391.4225596820427
838.487,388.00531072100557
838.606,385.5698799417867
838.724,382.5638863920052
838.842,387.6635205478513
838.96,378.3068776474205
839.078,376.0705810673361
839.196,382.5927260456932
839.315,397.0144381236175
839.433,399.7677519331436
839.551,401.7963904179943
839.669,402.1090115868277
839.787,401.6657885998167
839.905,395.08490327514346
840.023,390.022632669085
840.142,392.65560015826463
840.26,390.4634594223362
840.378,382.25227106736014
840.496,373.2601303314317
840.614,355.6108467383606
840.732,342.0723856561118
840.85,338.08284232278083
840.968,330.53312582927686
841.087,333.8769158292795
841.205,333.4137794223558
841.323,346.4285650933542
841.441,361.04508236608444
841.559,361.33952171673667
841.677,371.2045238379516
841.795,381.9084869981275
841.913,386.29470124055445
842.031,398.6558072578728
842.149,409.31474877302674
842.267,433.26373357822376
842.385,455.13739370809617
842.504,463.28897591589066
842.622,479.67519015831715
842.74,486.14971608905563
842.858,482.8865796821318
842.976,481.2831835349481
843.094,474.02264453062173
843.212,469.4053955695855
843.33,466.3708305912335
843.448,467.7882136648298
843.566,467.61512054795
843.684,467.7744949635379
843.802,462.04988669514296
843.92,459.73999704146644
844.038,461.7859515436339
844.156,464.7972740111692
844.274,475.3817566518647
844.392,495.75758128390225
844.51,497.4702024527363
844.628,503.72481496356187
844.746,501.9647088596687
844.864,496.7950789462517
844.982,487.52588193326756
845.1,472.7504078640063
845.218,458.59138401119543
845.336,433.38171080773515
845.454,400.0053709376082
845.572,373.1619315003818
845.69,346.1353751800387
845.808,327.03912188999857
845.926,312.2108339679238
846.044,300.07821704152013
846.162,283.0685438380603
846.28,247.86687929260913
846.398,219.2219247038679
846.516,195.25922119737794
846.634,169.01946141383172
846.752,150.2550263056101
846.87,134.11050461730184
846.988,121.75905652206727
847.106,106.76778158700594
847.224,87.46817696081806
847.342,77.42766314297657
847.46,68.81184121644444
847.578,53.40976976835161
847.696,47.956565796861
847.814,46.253098730783705
847.932,45.0347191454338
848.05,39.43178031692795
848.168,42.776854014459694
848.285,47.92521953849882
848.403,52.96818144919571
848.521,62.08357861050196
848.639,77.32598997041168
848.757,94.1873708529827
848.875,97.52415857898916
848.993,98.81346485762512
849.111,103.51835555184549
849.229,102.87865750147714
849.347,113.69350490565401
849.465,118.98714018861875
849.582,124.76042915123706
849.7,133.195189975327
849.818,131.39791616738233
849.936,138.30627006506538
850.054,137.06397461209912
850.172,146.35760989506355
850.29,153.02700275378555
850.408,154.46868998480184
850.525,161.1822386876794
850.643,171.11050600527534
850.761,176.1166954007935
850.879,183.5376034110302
850.997,184.9316715944272
851.115,192.78028523236975
851.233,189.19426683568042
851.35,197.3424475731902
851.468,197.02223004230166
851.586,206.92192593132648
851.704,219.95062614935568
851.822,235.7109280989865
851.94,260.71278849017574
852.057,299.1094540761701
852.175,343.0983274543722
852.293,400.7807073260808
852.411,454.55659369129614
852.529,513.6684107924424
852.647,576.6321759455367
852.764,630.1431272458174
852.882,676.1250742170939
853.0,715.0871077684571
853.118,741.9400504107296
853.236,758.5739454339541
853.353,769.4139010632396
853.471,774.2374064760747
853.589,772.0271456551436
853.707,752.1337679510955
853.824,726.6706932773504
853.942,691.7080515040382
854.06,655.0241976095136
854.178,623.744672719318
854.296,605.9898231537979
854.413,583.2202549735591
854.531,552.8662712089049
854.649,518.7798199117831
854.767,481.7799487012412
854.884,437.9714194820415
855.002,386.42782532777704
855.12,343.47817056745197
855.238,306.7302474088586
855.355,260.32518139312253
855.473,224.27595953323078
855.591,191.85877230537352
855.708,162.6459140818452
855.826,132.14761853547182
855.944,95.94241825392243
856.062,66.84148647103197
856.179,31.63783768815112
856.297,-1.2888654198433487
856.415,-18.40206683975732
856.532,-31.722328723153808
856.65,-40.6795493428866
856.768,-41.10516558480682
856.886,-39.02204782631233
857.003,-30.842932154752823
857.121,-35.26771762921121
857.239,-40.2440778903434
857.356,-34.97322202572408
857.474,-33.03029416024944
857.592,-35.82739426398642
857.709,-27.10047485133945
857.827,-18.48047891072108
857.945,-7.78163067698155
858.062,1.533336109558291
858.18,15.755287862313134
858.298,45.88754867142144
858.415,68.2345271749978
858.533,93.00475988787312
858.651,116.96031538388644
858.768,145.34162435393785
858.886,164.2268294278852
859.003,185.15619034598836
859.121,201.61801879655917
859.239,219.9880723553551
859.356,227.27327742930268
859.474,229.78878553355324
859.592,223.11987805338805
859.709,211.89772381997597
859.827,183.9630154740097
859.944,155.03003872977487
860.062,124.33169402017236
860.18,100.32772160494204
860.297,80.91162797759054
860.415,62.26547385414345
860.532,44.73949112610984
860.65,33.04074494300984
860.768,20.983535322797117
860.885,24.739613602074918
861.003,40.23298763090192
861.12,53.203991036860685
861.238,65.57724859302414
861.356,63.543061499339885
861.473,58.72992899126232
861.591,56.930649297037604
861.708,50.42660769805107
861.826,57.11477389127228
861.943,63.69471497626842
862.061,58.970697976845464
862.178,52.731859382908446
862.296,41.226817650116274
862.414,30.279520797654136
862.531,23.25215183945224
862.649,16.40914481181277
862.766,16.12649510967283
862.884,18.694404756160303
863.001,19.898926552751135
863.119,14.10099193325054
863.236,18.493347703955738
863.354,19.346047043739922
863.471,16.869475630956202
863.589,16.546313543536996
863.706,19.617616926334943
863.824,31.132217192246102
863.941,33.13526888494658
864.059,40.81306536004573
864.176,59.884626236563506
864.294,72.10766144146115
864.411,80.42687645624733
864.529,85.15215207709429
864.646,82.01076103127454
864.764,76.69534401142892
864.881,65.19984041149667
864.999,68.42208572931324
865.116,73.14649554929406
865.233,84.41722571559521
865.351,104.57453596847645
865.468,116.13790682741833
865.586,137.15928634436884
865.703,153.58672646737995
865.821,171.69382027004474
865.938,185.00091407270946
866.056,190.36341913078527
866.173,187.41769908063594
866.29,178.80011755862517
866.408,164.9704148244931
866.525,167.28356923321792
866.643,159.12572797094714
866.76,165.6397481805379
866.878,173.06632250268285
866.995,180.74311327504427
867.112,177.18094300844476
867.23,176.9295952526677
867.347,177.3544379730809
867.465,172.074518788732
867.582,168.47338748317102
867.699,170.8644639698178
867.817,170.95164435256837
867.934,174.72107581756984
868.051,187.30176269382684
868.169,201.02270931034354
868.286,211.6605390437433
868.404,222.11481899359336
868.521,244.6037309780756
868.638,261.5549806248954
868.756,266.77636014184503
868.873,280.3778262388812
868.99,300.2511538077789
869.108,315.579026831222
869.225,336.36750591527124
869.342,368.28498932832485
869.46,411.49944243834807
869.577,448.35545398992974
869.694,480.45648718653314
869.812,515.7402043658207
869.929,542.9780340992206
870.046,564.5621841789409
870.164,574.116031228358
870.281,581.1174973253942
870.398,587.6566257600928
870.516,580.5308191298562
870.633,575.7937570883644
870.75,568.1579937481713
870.867,554.136083221831
870.985,541.8423112236292
871.102,517.6870673639555
871.219,501.9655897380482
871.337,489.0856705536995
871.454,476.32003708363646
871.571,453.8184728776425
871.688,427.9619303166701
871.806,401.06296351327336
871.923,375.20036034624036
872.04,335.43386107531154
872.157,307.5651973022183
872.275,280.0558408884325
872.392,263.34388707204914
872.509,237.8172146409472
872.626,220.9442218635249
872.744,214.08681350168695
872.861,198.68568219612607
872.978,179.99537340138767
873.095,165.775194476779
873.213,142.4606432577981
873.33,129.09933879206378
873.447,104.89387848217359
873.564,84.44339652726183
873.681,69.22408340351888
873.799,52.577064652070455
873.916,33.069199572445896
874.033,26.06308197278859
874.15,14.5608151865575
874.267,10.075460712561174
874.385,7.2727105447417
874.502,-1.5621370955495468
874.619,0.4333279947259861
874.736,-0.7753163075486746
874.853,-4.9268368054270155
874.97,-2.843523109847986
875.088,-5.163399774000035
875.205,-4.168256186202139
875.322,1.4573018741940185
875.439,-5.3901946511265
875.556,-4.6265460269901
875.673,-9.318464319846152
875.791,-9.068820851603588
875.908,-11.559321438152168
876.025,-4.6873769254393975
876.142,-0.3564105980922858
876.259,3.8871841794335174
876.376,-3.252783790057329
876.493,-9.11962956639521
876.61,-11.937511426018995
876.728,-11.731344966217565
876.845,-10.648119852243244
876.962,-1.4277360484607833
877.079,1.5758359397702315
877.196,0.1107919075366387
877.313,-2.192502636147478
877.43,-4.176628905539711
877.547,-4.094518109691222
877.664,-5.114079011677861
877.781,-7.632287295329208
877.898,0.8455551596607158
878.016,2.0137114308218234
878.133,2.2277205405044387
878.25,3.6691011358223484
878.367,0.11831957795595027
878.484,-2.246555382232997
878.601,-7.381025135836958
878.718,-14.867240274455872
878.835,-11.200160515160029
878.952,-12.559648319533562
879.069,-12.33494624115438
879.186,-17.608930820696813
879.303,-13.932195740232864
879.42,-14.21628500962466
879.537,-17.717719644314055
879.654,-19.036412010860037
879.771,-15.748530005604788
879.888,-11.51063490033414
880.005,-16.204790236083205
880.122,-24.417878531576193
880.239,-36.14989978681312
880.356,-51.40085400179399
