wavelength_nm,intensity
792.446,0.2892499675637629
792.565,0.32159147333131327
792.684,0.3403012897918657
792.803,0.3453794169454202
792.922,0.33682585479197635
793.041,0.2982579193607734
793.16,0.25926612175559743
793.279,0.23314047845068694
793.398,0.2189123293531675
793.518,0.20584070169986796
793.637,0.2056610592826439
793.756,0.22288442280067597
793.875,0.2503133542305449
793.994,0.2733204991031223
794.113,0.3004735091732026
794.232,0.3210267151438312
794.351,0.32551777557443135
794.47,0.31025051837728296
794.589,0.2748668328513838
794.708,0.24921436532517452
794.827,0.23446607511111764
794.946,0.22181948376523686
795.066,0.22194394191050304
795.185,0.22534658063674598
795.304,0.2207557188632437
795.423,0.21374849045806174
795.542,0.20751736426062528
795.661,0.2097294316727169
795.78,0.21685055102215212
795.899,0.21056189228586603
796.018,0.21587484612860208
796.137,0.21193915081791684
796.256,0.20267523792969855
796.375,0.20008040301424068
796.494,0.20011680115106384
796.613,0.19646054960050463
796.732,0.19867261701259625
796.851,0.19167478167498148
796.97,0.18493290742857474
797.089,0.1742565120049287
797.208,0.1709301919526699
797.327,0.18002737789156914
797.446,0.18650859451298418
797.565,0.1964218031967898
797.684,0.21146480090576975
797.803,0.225310182499923
797.922,0.2303002496450341
798.041,0.23116088946088506
798.16,0.22569882067051852
798.279,0.2164454749833135
798.398,0.19499053452622717
798.517,0.18434349243872872
798.636,0.17185188670770796
798.755,0.17499739020929694
798.874,0.17654254982411255
798.993,0.17264560091714218
799.112,0.17234854515532727
799.231,0.17446903015863818
799.35,0.16289677091576388
799.469,0.17587329375994476
799.588,0.18078469396418007
799.707,0.19987140726086902
799.826,0.20498475841780056
799.945,0.19425200458875075
800.064,0.1933737527712111
800.183,0.18729056738795913
800.302,0.1758380697565674
800.421,0.17228044541546458
800.54,0.1668935211656363
800.659,0.17861019882235746
800.778,0.17907163326659953
800.897,0.1813259694827439
801.016,0.19525588868500243
801.135,0.20574442275730326
801.254,0.210779106973359
801.373,0.21330114561517055
801.492,0.2143813483854065
801.611,0.22117253623654137
801.729,0.20891810546159417
801.848,0.213348110953007
801.967,0.2211091330304622
802.086,0.22137213892234564
802.205,0.22407616824827298
802.324,0.2135829376421885
802.443,0.18695241695553744
802.562,0.17409213332250142
802.681,0.15053666813068475
802.8,0.14126453630834523
802.919,0.12530538459514043
803.038,0.11959546367554862
803.157,0.11314777263940173
803.276,0.09645279122177264
803.394,0.0820009969687068
803.513,0.0772744629336505
803.632,0.06991715148174643
803.751,0.06999148265518676
803.87,0.053953383822004514
803.989,0.05203169666519078
804.108,0.03614965497041078
804.227,0.030267079334798146
804.346,0.025632568693631442
804.465,0.0322782522933966
804.583,0.03699906630886568
804.702,0.05283451151025746
804.821,0.056810858573346244
804.94,0.06224425476376988
805.059,0.05747341741506865
805.178,0.05639444261767283
805.297,0.054025587489430954
805.416,0.06467484181765357
805.535,0.06558249312340778
805.653,0.06925396901328373
805.772,0.07230063864688124
805.891,0.07294197004564495
806.01,0.07299256494971267
806.129,0.08229484743103738
806.248,0.09259926035184735
806.367,0.10835614148389044
806.485,0.1293912538196914
806.604,0.1551469384710611
806.723,0.18886816873052753
806.842,0.22334342449745015
806.961,0.2497829109605748
807.08,0.2601215054799559
807.198,0.2649710261397145
807.317,0.26250334716457147
807.436,0.25103358705964773
807.555,0.23111124027762847
807.674,0.22113028138211668
807.793,0.21829392450495844
807.912,0.21518164626801192
808.03,0.2202883021524248
808.149,0.24659980806994536
808.268,0.2801521949483837
808.387,0.30656585047569807
808.506,0.32282325169590376
808.624,0.34460964731289256
808.743,0.3616713299435456
808.862,0.36512245766922735
808.981,0.3600998643157871
809.1,0.3489353789067994
809.219,0.32350399799657725
809.337,0.2908329102588829
809.456,0.2592361546241949
809.575,0.24067110610564552
809.694,0.22409973617824874
809.812,0.21329336147026295
809.931,0.21197633327210993
810.05,0.21852012849431457
810.169,0.2197169200038518
810.288,0.22611747094565532
810.406,0.2398763161929675
810.525,0.24707175547765095
810.644,0.24566549313760827
810.763,0.26346805397262907
810.882,0.2788953428465769
811.0,0.28649585817009854
811.119,0.2895360391897114
811.238,0.289845185814141
811.357,0.28961070865311483
811.475,0.2867391277725784
811.594,0.2913479510759252
811.713,0.31498243273677384
811.832,0.33728544706996233
811.95,0.3547651212073588
812.069,0.36762458023510536
812.188,0.3750466272748493
812.307,0.393612374849711
812.425,0.396887382558506
812.544,0.39725523585523137
812.663,0.4027352661754423
812.782,0.4008746141918332
812.9,0.40556210443605567
813.019,0.40987504611103315
813.138,0.41780901533319237
813.257,0.44820415737558134
813.375,0.4650768045214419
813.494,0.47449722668612093
813.613,0.48725923263785564
813.731,0.49065400195813236
813.85,0.5039807660973494
813.969,0.507443635157489
814.088,0.5098333462480682
814.206,0.5157607214111699
814.325,0.5210188405101038
814.444,0.5103557100825182
814.562,0.50288152609402
814.681,0.5031037868434526
814.8,0.5176798289691165
814.918,0.5256736789970174
815.037,0.5269761425166855
815.156,0.5298366811190743
815.274,0.5340216422484477
815.393,0.5255635344322782
815.512,0.505187972140137
815.631,0.4885273680708503
815.749,0.48351769018531376
815.868,0.47260564346719536
815.987,0.46542264457328264
816.105,0.4680964959577718
816.224,0.47294484248408364
816.343,0.4761846261895007
816.461,0.47277059565695406
816.58,0.4625630290063805
816.698,0.45126821478489565
816.817,0.44478734769163575
816.936,0.42962846029966606
817.055,0.41334005653273237
817.173,0.386829646985719
817.292,0.3688892374603916
817.41,0.3497535600871293
817.529,0.33183820933374336
817.648,0.31844396427634114
817.766,0.3164277225886729
817.885,0.3011189920052231
818.004,0.2920999701368539
818.122,0.2828589128925567
818.241,0.28830731503536955
818.359,0.2798879028939055
818.478,0.2805585077360139
818.597,0.2863853578516901
818.715,0.28680976259478547
818.834,0.2974119977357022
818.953,0.2924425788063309
819.071,0.32013468022067726
819.19,0.34686916697884995
819.308,0.45176504050595045
819.427,0.5819428019635595
819.546,0.7143214989026809
819.664,0.804615086664066
819.783,0.8343362858850498
819.901,0.7773546069291571
820.02,0.6793370832735501
820.138,0.5431204569613243
820.257,0.4598429560488443
820.376,0.3819425150889728
820.494,0.32984361968218034
820.613,0.29436972963624525
820.731,0.26821743079023386
820.85,0.2601573542122269
820.969,0.2502914603944127
821.087,0.2534243979562516
821.206,0.2578148324386588
821.324,0.27254586017918225
821.443,0.28591254485556
821.561,0.3109078471802157
821.68,0.33722170136462665
821.798,0.3490643608282151
821.917,0.34145984802722096
822.035,0.31897671619967416
822.154,0.2985119197656443
822.273,0.27886197194307494
822.391,0.2543534599213362
822.51,0.2540379675525424
822.628,0.24973746626833504
822.747,0.25326843506833735
822.865,0.2592134222331275
822.984,0.2574455267917444
823.102,0.25911549407998125
823.221,0.2675155942801656
823.339,0.2628323254925914
823.458,0.2759947109493807
823.576,0.28164968715303124
823.695,0.2979094366401276
823.813,0.29802837364631973
823.932,0.29481629406646964
824.05,0.28326317048688565
824.169,0.2759862409173005
824.287,0.25960038407435715
824.406,0.2523645491753788
824.524,0.2567702473925835
824.643,0.2644353400556298
824.761,0.26573428117495995
824.88,0.270523921028976
824.998,0.2666613715200924
825.117,0.2701982109873243
825.235,0.27137151982794255
825.354,0.2696141915875733
825.472,0.27278587555312817
825.591,0.27158391243267366
825.709,0.2662407806484998
825.828,0.25149636236293627
825.946,0.23562360183585485
826.064,0.24004221552096466
826.183,0.2335343433584498
826.301,0.23249323652008524
826.42,0.22773012665819092
826.538,0.2278384964633713
826.657,0.22611052155915065
826.775,0.22800122593522007
826.894,0.2331677626253745
827.012,0.23486473498286953
827.13,0.22007687375980878
827.249,0.21677203763773356
827.367,0.21052951963399524
827.486,0.19940730302906118
827.604,0.19013786900177068
827.723,0.1925675006295126
827.841,0.1955571939109531
827.959,0.1986783901383355
828.078,0.2135855378957475
828.196,0.2402046667760971
828.315,0.25732740434593865
828.433,0.27317738126041524
828.552,0.29297009828625264
828.67,0.3012962280793476
828.788,0.30996403070520195
828.907,0.3083757776810456
829.025,0.296214452976483
829.143,0.26804616700384976
829.262,0.22474227293019833
829.38,0.18568061581013073
829.499,0.15778589511728774
829.617,0.11676975870526658
829.735,0.10184218936971809
829.854,0.09003421479760346
829.972,0.09112296143924573
830.091,0.10230489879257548
830.209,0.11616585723395728
830.327,0.1461540647314094
830.446,0.18695979034412646
830.564,0.21952714029800247
830.682,0.2729151484784712
830.801,0.32318390946946074
830.919,0.36713348425457076
831.037,0.4029510107933183
831.156,0.4072627210446411
831.274,0.402021681580052
831.392,0.3521160187663799
831.511,0.3028496716140049
831.629,0.2621492150162553
831.747,0.22068968114572585
831.866,0.18924491850207287
831.984,0.18230373380780762
832.102,0.1767462653795457
832.221,0.17658159186834171
832.339,0.1616847724779621
832.457,0.17053010549729886
832.576,0.16498484959057289
832.694,0.15750841710733277
832.812,0.14981079249297202
832.93,0.14489313892556605
833.049,0.136764408649453
833.167,0.1265565222755486
833.285,0.12045915200100507
833.404,0.12960500687470305
833.522,0.13397814480346848
833.64,0.1411547332321575
833.759,0.14563481310660698
833.877,0.14293390775251819
833.995,0.14083437992227502
834.113,0.1451842985980511
834.232,0.1498072619968856
834.35,0.1600077604189773
834.468,0.18237227481518012
834.586,0.2071009166929713
834.705,0.22420356183958645
834.823,0.23449975540026996
834.941,0.22422577862032136
835.059,0.21504135730153434
835.178,0.18422445185520492
835.296,0.1640468642965006
835.414,0.15057750308105622
835.532,0.1480603636866012
835.651,0.14272544654575248
835.769,0.14757959974053322
835.887,0.1413609728826957
836.005,0.1529533185936412
836.124,0.1628429556610137
836.242,0.18028693928178818
836.36,0.1950627467030956
836.478,0.21260598665640937
836.596,0.22540220508791498
836.715,0.23737065944005492
836.833,0.24685112502031448
836.951,0.26582093711040666
837.069,0.2819751771972101
837.188,0.2949850879158705
837.306,0.3050091772815854
837.424,0.31045414620825695
837.542,0.31425767657754833
837.66,0.31715595006004416
837.779,0.327163601557516
837.897,0.3380882512762424
838.015,0.33637100618287163
838.133,0.3449039460722819
838.251,0.3429060830853389
838.369,0.3436768267638479
838.487,0.34601386445919907
838.606,0.351346116575063
838.724,0.359104128390174
838.842,0.3617429183811237
838.96,0.3428821508440424
839.078,0.34504541678939893
839.196,0.34929394373468897
839.315,0.36564543824040385
839.433,0.3836101921007971
839.551,0.3996740239122645
839.669,0.40267444700455374
839.787,0.40050985706829145
839.905,0.3817571098082338
840.023,0.3742302524245076
840.142,0.3716735019173124
840.26,0.3712560225485625
840.378,0.370552054619011
840.496,0.3716222023262273
840.614,0.367795039430559
840.732,0.3662175162172514
840.85,0.35638818314609866
840.968,0.34990278212889325
841.087,0.3455625229173629
841.205,0.33235520792233153
841.323,0.33370010285589036
841.441,0.3374719316221422
841.559,0.3392970471350777
841.677,0.3528634971070984
841.795,0.3712544614083573
841.913,0.3785205113096329
842.031,0.3892502548763387
842.149,0.3971714712404313
842.267,0.4212311518185362
842.385,0.42556069397159413
842.504,0.4231730186806095
842.622,0.43070794514099775
842.74,0.4503153116922176
842.858,0.45668549777426476
842.976,0.4679036808544683
843.094,0.47993671254613246
843.212,0.5001663698236836
843.33,0.5052649693838114
843.448,0.5014742046249656
843.566,0.4948772609303983
843.684,0.49684796899062517
843.802,0.5000303827670294
843.92,0.4988520649253293
844.038,0.5079932059397189
844.156,0.5239771966768633
844.274,0.5386179787518883
844.392,0.556380781659584
844.51,0.5559445161556977
844.628,0.5487980780084443
844.746,0.5451047663256077
844.864,0.5343795694352251
844.982,0.5334560385512869
845.1,0.5153631542878283
845.218,0.4969250747912728
845.336,0.48075542111221214
845.454,0.44126982546430016
845.572,0.4003564835461634
845.69,0.37014536798748277
845.808,0.3393495339727397
845.926,0.3281229821009539
846.044,0.2993854040168884
846.162,0.287523645950866
846.28,0.2595962199444771
846.398,0.2317662470140987
846.516,0.20577144465967503
846.634,0.19243967151937463
846.752,0.17113989771206478
846.87,0.1594940698323975
846.988,0.14227591632410896
847.106,0.13626186009788535
847.224,0.12654014975805516
847.342,0.1296346219215223
847.46,0.12893186136639911
847.578,0.1223224884955672
847.696,0.10901431768469319
847.814,0.09167447299394169
847.932,0.07424784618922575
848.05,0.0670621834679704
848.168,0.07723716992095825
848.285,0.09481908766959593
848.403,0.10235890657217722
848.521,0.10199801482421436
848.639,0.1029972888743291
848.757,0.10584487617526846
848.875,0.10952258613220525
848.993,0.1283092135657632
849.111,0.154028407133672
849.229,0.18422405816236095
849.347,0.19112677953815105
849.465,0.20229040180040325
849.582,0.20597361987877238
849.7,0.21512008088095388
849.818,0.22342938473620233
849.936,0.24424790632416
850.054,0.2691758949727974
850.172,0.29388197240015823
850.29,0.29166634404628267
850.408,0.3038632037409344
850.525,0.296925210667615
850.643,0.29260318691178
850.761,0.29040282229270137
850.879,0.2942668569217402
850.997,0.3029647989475844
851.115,0.3091712298012108
851.233,0.29949750579892465
851.35,0.31402267211681334
851.468,0.3076118649607071
851.586,0.30784665310844306
851.704,0.31263003422562863
851.822,0.32813207957051305
851.94,0.3490198750317798
852.057,0.3930862388487265
852.175,0.43217310272157505
852.293,0.49580640041458707
852.411,0.542651938097999
852.529,0.5897616558067408
852.647,0.6303244054210964
852.764,0.6741042806772417
852.882,0.716162876301685
853.0,0.7635532119039987
853.118,0.7869689166743064
853.236,0.8171887247636538
853.353,0.8306195987099554
853.471,0.8279272721770412
853.589,0.8132658292965356
853.707,0.7969547289245287
853.824,0.7788765577164293
853.942,0.7593142818327017
854.06,0.7252127114882889
854.178,0.6982111260912851
854.296,0.6655232124157462
854.413,0.6240950493688644
854.531,0.5826140503169164
854.649,0.5476354022884093
854.767,0.516061741253037
854.884,0.48287482086298616
855.002,0.43522257641934226
855.12,0.3949673726849219
855.238,0.35110053447088685
855.355,0.30388624180256674
855.473,0.24916336574766174
855.591,0.21301058427324596
855.708,0.16766177226827184
855.826,0.13623010891912005
855.944,0.11141179461162654
856.062,0.10837169244770134
856.179,0.09685207159428766
856.297,0.0815240388729933
856.415,0.05796044380204921
856.532,0.04793889631489712
856.65,0.01946396489122077
856.768,0.018962130816760937
856.886,0.01608955887813812
857.003,0.02713345815794549
857.121,0.022161432517625135
857.239,0.02315823621206944
857.356,0.024252967912511213
857.474,0.02504849252558844
857.592,0.02370184447662295
857.709,0.034631246309825336
857.827,0.04566546432747907
857.945,0.06095492551194284
858.062,0.07063972939450387
858.18,0.08077050102617915
858.298,0.09365490449613521
858.415,0.10345361719007853
858.533,0.12125767271890925
858.651,0.13928064664477202
858.768,0.16246863359918665
858.886,0.19697996350594305
859.003,0.22315846834708672
859.121,0.24176968312935004
859.239,0.25984549306027915
859.356,0.26107718457620455
859.474,0.2617582075059988
859.592,0.2464029158315746
859.709,0.2268230920187717
859.827,0.2067372166907821
859.944,0.17435581591723845
860.062,0.14572342323648077
860.18,0.12719562299121182
860.297,0.11494356601432378
860.415,0.10740551396302475
860.532,0.09140108827273392
860.65,0.08558086442985374
860.768,0.07928414061620817
860.885,0.08417615252665384
861.003,0.08698967396494033
861.12,0.10070063281818524
861.238,0.11038919727160226
861.356,0.10707837773704655
861.473,0.1048271036360473
861.591,0.1106672090805826
861.708,0.11375821615080363
861.826,0.13453439531872358
861.943,0.1337991541663514
862.061,0.12904746873643036
862.178,0.11609401862327393
862.296,0.09501646801784011
862.414,0.0908061028288504
862.531,0.09254206586079347
862.649,0.09253057638894649
862.766,0.10212429390286791
862.884,0.0964706982670052
863.001,0.09062370459598344
863.119,0.09244934172316033
863.236,0.09975233366819847
863.354,0.10952482158547708
863.471,0.11800384221099923
863.589,0.1277655636343229
863.706,0.12747797827740848
863.824,0.12768855085652203
863.941,0.1283100701417034
864.059,0.14135392128459687
864.176,0.15517857116901934
864.294,0.16431842860426674
864.411,0.1636519234992862
864.529,0.16098586913592344
864.646,0.14522353031689691
864.764,0.145277943147704
864.881,0.13789539473212648
864.999,0.14715736204574817
865.116,0.15755471640156313
865.233,0.1706889758197908
865.351,0.1807951450810204
865.468,0.19376854821715833
865.586,0.20436902765911502
865.703,0.22480639711089315
865.821,0.23966428442771395
865.938,0.2657691960228925
866.056,0.2676740431644503
866.173,0.25989346351070874
866.29,0.25616716664568934
866.408,0.24761987785176953
866.525,0.24314096144792297
866.643,0.23909295201872505
866.76,0.23984597424984716
866.878,0.24520159958893067
866.995,0.24303102953974043
867.112,0.24414685900564803
867.23,0.2504934529730778
867.347,0.2598035597579806
867.465,0.2658178739602184
867.582,0.2728701221286393
867.699,0.2691168201943643
867.817,0.2685970817701214
867.934,0.2692127303880721
868.051,0.27477735148052695
868.169,0.279258247402408
868.286,0.28123002015038245
868.404,0.2930339863743946
868.521,0.3097023874648054
868.638,0.3246318969218256
868.756,0.3399124722791721
868.873,0.35783249962292096
868.99,0.37898726461014753
869.108,0.39709867570557933
869.225,0.41997941685829177
869.342,0.4530833379245295
869.46,0.48999262548895683
869.577,0.5252557779622202
869.694,0.5443288043498513
869.812,0.5641521020094179
869.929,0.5786647940931402
870.046,0.5944561174994574
870.164,0.6142700220914572
870.281,0.6211825483798141
870.398,0.6354028812355057
870.516,0.633119594375507
870.633,0.6152532084214105
870.75,0.5947778979505053
870.867,0.5727715174661351
870.985,0.5528398307806852
871.102,0.5374402991964421
871.219,0.512618346708783
871.337,0.4923367682564521
871.454,0.4850563694506665
871.571,0.4666768871807078
871.688,0.4422682296660091
871.806,0.4208594831056068
871.923,0.3984010612445622
872.04,0.36634879499699924
872.157,0.32267143350149585
872.275,0.2977003660662071
872.392,0.2912629950745843
872.509,0.27517659542448536
872.626,0.2597336209027444
872.744,0.2461457772255389
872.861,0.2294910969876202
872.978,0.2014813721943201
873.095,0.1867370070728943
873.213,0.18300131714030693
873.33,0.17591465035309664
873.447,0.1598012456337419
873.564,0.14685917535178628
873.681,0.13597888340084602
873.799,0.12304150965267383
873.916,0.10688583612926628
874.033,0.10400374121185463
874.15,0.10737273276046017
874.267,0.10433416646735011
874.385,0.09118639055701461
874.502,0.08076336702430206
874.619,0.07988156811946318
874.736,0.08170125640628967
874.853,0.07686049926193633
874.97,0.06392136674656271
875.088,0.07125677047718576
875.205,0.07049971024554559
875.322,0.07358504085602621
875.439,0.07754152311072193
875.556,0.07795771508940055
875.673,0.08155211254435721
875.791,0.07735774738935704
875.908,0.06486890840492004
876.025,0.055766939394134594
876.142,0.05827651552225562
876.259,0.06865365212020472
876.376,0.06476192730190872
876.493,0.05956382417808609
876.61,0.06247837604191623
876.728,0.07067708434349435
876.845,0.07296792519755986
876.962,0.08316934136709966
877.079,0.09537157716762881
877.196,0.10655326161399253
877.313,0.10074870243596151
877.43,0.09748767352912491
877.547,0.0894066325016236
877.664,0.08202768555090732
877.781,0.06791700356830248
877.898,0.06536188033419751
878.016,0.06215647253403529
878.133,0.08133918312783942
878.25,0.08980539864483784
878.367,0.0888194876786316
878.484,0.09306801123389999
878.601,0.09254824750912256
878.718,0.08135654652897427
878.835,0.0758388802320355
878.952,0.0705820462320206
879.069,0.07405406484638014
879.186,0.06494972294119807
879.303,0.06437497950998108
879.42,0.07087952052857267
879.537,0.0709875899170542
879.654,0.064455097636733
879.771,0.06293377738596251
879.888,0.05461159255500808
880.005,0.053110457714208394
880.122,0.05299641523424815
880.239,0.05426946511512741
880.356,0.056929607356846185
