wavelength_nm,intensity
792.446,0.2320355078507492
792.565,0.23908252376202496
792.684,0.24230777432350642
792.803,0.24171125953519362
792.922,0.23729297939708627
793.041,0.21930203075534696
793.16,0.2112561265633794
793.279,0.18886255433965665
793.398,0.18862614034218889
793.518,0.20144416284065894
793.637,0.19671275158007795
793.756,0.19289098623028372
793.875,0.1993023459629374
793.994,0.20783830036157663
794.113,0.21862410187519093
794.232,0.2190155157782833
794.351,0.23266020444008456
794.47,0.22677177368196227
794.589,0.20617244279001512
794.708,0.18237917444883406
794.827,0.16404378157237348
794.946,0.14759030674198115
795.066,0.14090339162155047
795.185,0.13101627642943636
795.304,0.13904808972089247
795.423,0.12399577102294236
795.542,0.13191899697839815
795.661,0.13265847337096265
795.78,0.13604435971103088
795.899,0.13500226234337487
796.018,0.12677244671718926
796.137,0.1172937273073589
796.256,0.12214142009327696
796.375,0.13157877797953027
796.494,0.14402656650001627
796.613,0.14976315777379506
796.732,0.16389151539944874
796.851,0.17500057885659176
796.97,0.17034730180246904
797.089,0.16610109520756244
797.208,0.19406042455909894
797.327,0.2467993852876093
797.446,0.2968845597531534
797.565,0.3713125476798206
797.684,0.454751666483481
797.803,0.5164046874410181
797.922,0.5247111247182854
798.041,0.4859962269892557
798.16,0.4191230130717583
798.279,0.3216193127538618
798.398,0.23275020313818362
798.517,0.18187642392349157
798.636,0.16162999979797416
798.755,0.14462370262368007
798.874,0.13519961286320686
798.993,0.13212413983570354
799.112,0.12828193604465116
799.231,0.11526874791675033
799.35,0.10862727017621261
799.469,0.1208926432445864
799.588,0.12609113906028982
799.707,0.1254883028644615
799.826,0.13118489999042457
799.945,0.12637148701480866
800.064,0.11861198158217659
800.183,0.11090540156294075
800.302,0.09616934961546945
800.421,0.09247062401174902
800.54,0.08496223441262257
800.659,0.08442828382961821
800.778,0.09976601352626989
800.897,0.09867057724917605
801.016,0.10718187936576734
801.135,0.11570845664730137
801.254,0.12101567165378993
801.373,0.12547650088689938
801.492,0.11568803817600809
801.611,0.1161409624082352
801.729,0.11886361572720372
801.848,0.123990130574393
801.967,0.121550662799329
802.086,0.12942009942606753
802.205,0.1453620749330413
802.324,0.15061832393561692
802.443,0.1420074301240518
802.562,0.12843085597209147
802.681,0.10847679219525466
802.8,0.08874219936947036
802.919,0.06586992680327336
803.038,0.056478039575059605
803.157,0.06334365846294138
803.276,0.07116935707156605
803.394,0.0818293124289097
803.513,0.07453719973071135
803.632,0.06757527137634244
803.751,0.06267299271633704
803.87,0.05610464800601798
803.989,0.05510777332610815
804.108,0.057503014961203434
804.227,0.08814679125038155
804.346,0.12071093985866861
804.465,0.1495345608789292
804.583,0.18202120068243194
804.702,0.22812166584143093
804.821,0.24812745702795824
804.94,0.26309340279826776
805.059,0.2488911845101312
805.178,0.24072300295206728
805.297,0.21754331538260357
805.416,0.19389549678504145
805.535,0.17024934106652972
805.653,0.14375461134952794
805.772,0.11444512711998664
805.891,0.09156836929541487
806.01,0.06625771066160874
806.129,0.053387090595784774
806.248,0.06042068300781368
806.367,0.06348444917332295
806.485,0.07799818689539662
806.604,0.08503765398376278
806.723,0.09784535578505205
806.842,0.11909861599352459
806.961,0.12752223554110287
807.08,0.13752692465130809
807.198,0.14893939458406524
807.317,0.14813232064953608
807.436,0.14507451702988958
807.555,0.12816401999530308
807.674,0.10904807560765242
807.793,0.10308060621477405
807.912,0.08563616433554072
808.03,0.08579236231250506
808.149,0.09566533574619816
808.268,0.10999734565389602
808.387,0.1239210222551553
808.506,0.13408918713950851
808.624,0.14321896811685253
808.743,0.15375112414969364
808.862,0.1593090880340092
808.981,0.17476512669972538
809.1,0.18299253340313093
809.219,0.18307070264415248
809.337,0.17519468333878718
809.456,0.15242386888692266
809.575,0.13498651303030595
809.694,0.09831295164451032
809.812,0.07876083676114727
809.931,0.07829253586971908
810.05,0.08052153628879434
810.169,0.097954537613649
810.288,0.11091209496650348
810.406,0.13046064879183122
810.525,0.14939305539614528
810.644,0.13883743931897286
810.763,0.15188408159827238
810.882,0.1614643623517852
811.0,0.16319131455365182
811.119,0.16150044055371515
811.238,0.16836274316415378
811.357,0.16576384243062975
811.475,0.1501099476349056
811.594,0.13303411448082936
811.713,0.13203832149920056
811.832,0.1314820291543574
811.95,0.1493417351556173
812.069,0.13824570448224338
812.188,0.15400701364716576
812.307,0.14762116760945868
812.425,0.14387301617662773
812.544,0.1302051706429871
812.663,0.12098420747907201
812.782,0.10821896686553983
812.9,0.10738960305842413
813.019,0.0929103978659572
813.138,0.10578457857248572
813.257,0.11126938903653186
813.375,0.13293553021709045
813.494,0.12609992475814874
813.613,0.12474528751730327
813.731,0.11574196990701971
813.85,0.12263694829854528
813.969,0.12664696557492972
814.088,0.1419256352073467
814.206,0.14955383498197827
814.325,0.15478947012192265
814.444,0.14504214533996923
814.562,0.13812396024956766
814.681,0.13522011614928162
814.8,0.15097105867037922
814.918,0.14294151134300048
815.037,0.1503032336237524
815.156,0.14394598744647957
815.274,0.1364851975141912
815.393,0.12793213589422353
815.512,0.13352501618372112
815.631,0.12793711363473265
815.749,0.14230993562658656
815.868,0.13354035268979045
815.987,0.14298897001973884
816.105,0.13848422328018875
816.224,0.12521112378315585
816.343,0.11428717483974747
816.461,0.11183293841559361
816.58,0.10267512586169124
816.698,0.10887966383157952
816.817,0.1000026616515654
816.936,0.10447053492016095
817.055,0.10241030965108353
817.173,0.08331321063316457
817.292,0.0776183093775484
817.41,0.06489314497118522
817.529,0.06771064005098337
817.648,0.07025413473500124
817.766,0.06069916934283547
817.885,0.06386445771950353
818.004,0.064351777243468
818.122,0.06050752355264515
818.241,0.07183609768901758
818.359,0.07895249344435865
818.478,0.09322142779346301
818.597,0.10545096070736332
818.715,0.1112415663373334
818.834,0.11630535781689116
818.953,0.12623513124267327
819.071,0.14354697088077845
819.19,0.17714945716558955
819.308,0.22852056899518342
819.427,0.28343475947556956
819.546,0.32976289457772057
819.664,0.35477775982868376
819.783,0.3482133513781518
819.901,0.33726041024614795
820.02,0.3116278820925664
820.138,0.27539273413201776
820.257,0.24898207513908838
820.376,0.21074288799470642
820.494,0.18125728137908304
820.613,0.15864959986859922
820.731,0.13681850327992318
820.85,0.12162752894838237
820.969,0.11012234037019725
821.087,0.10726836360497399
821.206,0.10377954183470581
821.324,0.09800943179620678
821.443,0.11143209738803675
821.561,0.1361456769877482
821.68,0.15017040444034999
821.798,0.14804950963321678
821.917,0.13687141864457542
822.035,0.1322114287175022
822.154,0.11906768164294991
822.273,0.11631854707985001
822.391,0.11071754449126553
822.51,0.11531236221622027
822.628,0.10993464677904824
822.747,0.10090521034330925
822.865,0.10129896362077764
822.984,0.10648129974980813
823.102,0.11828501991542487
823.221,0.13570606120220616
823.339,0.13849750003947903
823.458,0.14671740742402944
823.576,0.14588808263523506
823.695,0.150813788845242
823.813,0.16402775683486465
823.932,0.19133074064793246
824.05,0.22629659434513044
824.169,0.2530034986552326
824.287,0.25826357394930777
824.406,0.26177950889120327
824.524,0.2411420747010728
824.643,0.21487923989569807
824.761,0.17796211864814815
824.88,0.17143750414791734
824.998,0.16947834141335666
825.117,0.15998211256084865
825.235,0.16334774456395712
825.354,0.17634528989436335
825.472,0.18304733400743123
825.591,0.18390635137513558
825.709,0.17975527078325718
825.828,0.1788075215742871
825.946,0.15766482170296375
826.064,0.1355944377695117
826.183,0.11603080365710225
826.301,0.10145349797805109
826.42,0.08949167517341652
826.538,0.0831925431616001
826.657,0.10358837110184596
826.775,0.10241628700327707
826.894,0.08590299158196285
827.012,0.08004048501731412
827.13,0.07767882692404968
827.249,0.07304159345491178
827.367,0.06339088466747189
827.486,0.06936859513539778
827.604,0.08678984030616008
827.723,0.0798478511619587
827.841,0.05941973894718289
827.959,0.06613968694080893
828.078,0.08456757796624223
828.196,0.0959106085619129
828.315,0.09689000117546431
828.433,0.1066805523256508
828.552,0.11208707224829205
828.67,0.1056080680397021
828.788,0.0743012076551284
828.907,0.07988931904358382
829.025,0.08401667884508444
829.143,0.09077643638773794
829.262,0.08427462992808431
829.38,0.08933088686501603
829.499,0.0852275157860536
829.617,0.07148188735314076
829.735,0.048046815011721665
829.854,0.047743079312107396
829.972,0.05950595896839023
830.091,0.07817457897749922
830.209,0.09585892690570577
830.327,0.12728192108763148
830.446,0.15510491188379208
830.564,0.19473761868193923
830.682,0.25157242056814494
830.801,0.337819490071153
830.919,0.45743537764059483
831.037,0.6125771175184458
831.156,0.7586961115101221
831.274,0.8714463226348
831.392,0.9109518183370799
831.511,0.8744172227719247
831.629,0.7713366715727434
831.747,0.6157658379995847
831.866,0.46294340054026706
831.984,0.35608458540741694
832.102,0.2742029357694373
832.221,0.2057052517352732
832.339,0.15612241904179883
832.457,0.12738901072875003
832.576,0.09676511080289218
832.694,0.06925368615767134
832.812,0.06618656324319871
832.93,0.07579625268530393
833.049,0.07722813703491165
833.167,0.07111981288915546
833.285,0.06750269322660306
833.404,0.06875297051894425
833.522,0.06989279257532689
833.64,0.08656336107734092
833.759,0.09799560095998067
833.877,0.09784174833191484
833.995,0.08741798284031368
834.113,0.09435665495765076
834.232,0.08469742965843784
834.35,0.08326916930030279
834.468,0.09460058527587947
834.586,0.1211561870476533
834.705,0.12816727688072543
834.823,0.13557930394386736
834.941,0.13802184908636106
835.059,0.14570006822143236
835.178,0.1294572696040248
835.296,0.12139273431137425
835.414,0.10555872382857028
835.532,0.10025356562251492
835.651,0.08802996248574371
835.769,0.09130105791462467
835.887,0.09566152126118647
836.005,0.12207935616331031
836.124,0.14372711348800726
836.242,0.15932865590451328
836.36,0.1678713655655941
836.478,0.176430208359836
836.596,0.1811563130834778
836.715,0.17470050542357585
836.833,0.18496903101500609
836.951,0.20404750073724026
837.069,0.21711228725236248
837.188,0.23031641711698542
837.306,0.24160418451206786
837.424,0.2545734660348352
837.542,0.24977568766843197
837.66,0.23694296469934806
837.779,0.23348851884835814
837.897,0.2257535705531496
838.015,0.2046385293946302
838.133,0.19548196580339017
838.251,0.2006558480321694
838.369,0.2043533170184843
838.487,0.19907175106785963
838.606,0.19769493021448517
838.724,0.1985898756546589
838.842,0.19372477409692446
838.96,0.17664755876270688
839.078,0.17315240586579578
839.196,0.18602461674059645
839.315,0.1917026400765587
839.433,0.19495702852457286
839.551,0.18764167593348002
839.669,0.18919419673084886
839.787,0.19266307999775828
839.905,0.19232742012660997
840.023,0.18728383382906644
840.142,0.18889115257286923
840.26,0.18398064700237712
840.378,0.16938969278060356
840.496,0.153951718872538
840.614,0.15394896236047956
840.732,0.1604136918246037
840.85,0.163771016250919
840.968,0.1655210263462027
841.087,0.1749547699704102
841.205,0.16944285297184242
841.323,0.15541193077418755
841.441,0.14226170446106995
841.559,0.13934870742980593
841.677,0.13302779273594456
841.795,0.14379325118168415
841.913,0.1587918502647086
842.031,0.17373008936914686
842.149,0.1828711654376974
842.267,0.18677139432001902
842.385,0.19352268207246553
842.504,0.19720841613589235
842.622,0.20316121952603067
842.74,0.22213088367741007
842.858,0.23465944063950073
842.976,0.23592153981497932
843.094,0.23894813286559824
843.212,0.23461614453807977
843.33,0.22284259508496845
843.448,0.20948147084091456
843.566,0.2109784183582485
843.684,0.20640062209958837
843.802,0.20611272221882138
843.92,0.20229896589899793
844.038,0.22230039709892885
844.156,0.23123420877501877
844.274,0.2325714594198914
844.392,0.23963274698358739
844.51,0.243734945439905
844.628,0.23745997849743672
844.746,0.23362899996587766
844.864,0.23839347074622785
844.982,0.24505551612876997
845.1,0.2421936784212676
845.218,0.24541441276782158
845.336,0.24871342989499412
845.454,0.23216463082415736
845.572,0.21100810728611685
845.69,0.18478512218644838
845.808,0.17905656905269834
845.926,0.16459478891315055
846.044,0.16432567689973376
846.162,0.18110185753818536
846.28,0.17505121789521483
846.398,0.16101700792015392
846.516,0.14788310541795208
846.634,0.11579567612810751
846.752,0.1066868538489898
846.87,0.08393604633622034
846.988,0.07200326081122915
847.106,0.06870914560784003
847.224,0.042070087428043204
847.342,0.04590918519565269
847.46,0.05144152125160706
847.578,0.04285785438709028
847.696,0.04866501011222183
847.814,0.05254036461949664
847.932,0.05635397893235927
848.05,0.05493200439357396
848.168,0.04947541463392095
848.285,0.05667659385346896
848.403,0.057388361290091144
848.521,0.05703947743448949
848.639,0.05976291009872825
848.757,0.0797060351612126
848.875,0.08054632987258642
848.993,0.08757199714051217
849.111,0.09969196812871961
849.229,0.09763858484510028
849.347,0.09627729837537483
849.465,0.09752047202744349
849.582,0.09914221650572516
849.7,0.1031148301220852
849.818,0.10365562815945877
849.936,0.10265177490089175
850.054,0.10405238168859451
850.172,0.09462172171975813
850.29,0.09507099129011834
850.408,0.09755174010898128
850.525,0.09942904092675436
850.643,0.09403746104730448
850.761,0.0998607299851007
850.879,0.10088733146914301
850.997,0.10954470963477966
851.115,0.11112369461543267
851.233,0.11980295360841982
851.35,0.12884369251760122
851.468,0.1174909904784161
851.586,0.10895634167460583
851.704,0.11431499646983288
851.822,0.12478491257036911
851.94,0.1376639754771575
852.057,0.15064040599046258
852.175,0.17683693646654433
852.293,0.20649189392386297
852.411,0.22194651437672047
852.529,0.2483153201034067
852.647,0.2778248309885065
852.764,0.3129879242898729
852.882,0.34128248641977366
853.0,0.3627680122914788
853.118,0.3771986939738462
853.236,0.38726432780892706
853.353,0.38360120304760154
853.471,0.3881576117617289
853.589,0.392221834652535
853.707,0.4430961379304985
853.824,0.490004552807084
853.942,0.5265090591475103
854.06,0.5234517000834886
854.178,0.4870543910185757
854.296,0.43215641584681064
854.413,0.37126631591174664
854.531,0.31287289821489966
854.649,0.2884890962688
854.767,0.27500616774936365
854.884,0.25370968175114933
855.002,0.2194171607765737
855.12,0.18687504277662725
855.238,0.16500913039742915
855.355,0.15332937343230763
855.473,0.14894244030960385
855.591,0.14427682048789814
855.708,0.14121073289496217
855.826,0.1342449757096616
855.944,0.11761894712441859
856.062,0.09771286940466084
856.179,0.07284716439357682
856.297,0.06059887767402752
856.415,0.06269075349517363
856.532,0.061618644160065926
856.65,0.06004306582903146
856.768,0.07244547093731782
856.886,0.0632558436170121
857.003,0.05508268612126377
857.121,0.04251644229154161
857.239,0.038761985196834894
857.356,0.05157651464484388
857.474,0.047514552638566715
857.592,0.05271391159448985
857.709,0.05243279748326556
857.827,0.06224154879693777
857.945,0.06629043893589792
858.062,0.05740564571061118
858.18,0.07010297641051409
858.298,0.08489670776814356
858.415,0.08760728681183791
858.533,0.0817223756502923
858.651,0.08466799007036083
858.768,0.07720781702150481
858.886,0.07902078381263253
859.003,0.07667173794101086
859.121,0.0874460666642852
859.239,0.08923997473064026
859.356,0.0797293188628263
859.474,0.06549739266234476
859.592,0.060892219934639225
859.709,0.04776264661396193
859.827,0.06012090530899333
859.944,0.06157470495025777
860.062,0.06999405196261924
860.18,0.0718034855300935
860.297,0.07809198140098658
860.415,0.07865586874888905
860.532,0.07752338543367893
860.65,0.0847546334125988
860.768,0.08247040173361037
860.885,0.09333489108076824
861.003,0.10168843386275196
861.12,0.10192198144986994
861.238,0.10955745897586844
861.356,0.10230048041425437
861.473,0.11527017975508157
861.591,0.12688102029323797
861.708,0.14272348747804509
861.826,0.17715788046165792
861.943,0.17308012956350594
862.061,0.15867619982801473
862.178,0.14003656688367905
862.296,0.11924332008826463
862.414,0.11344187651726925
862.531,0.11391161194535615
862.649,0.11263392948296555
862.766,0.12846781817878947
862.884,0.12574010998081006
863.001,0.12136348195398367
863.119,0.1279839980759204
863.236,0.13291175601186406
863.354,0.1317791501051771
863.471,0.1271287560371006
863.589,0.11624721321277956
863.706,0.11664742975208853
863.824,0.1087173172726853
863.941,0.10996482970836739
864.059,0.11830742624244703
864.176,0.11818726108018407
864.294,0.1278946900798823
864.411,0.13164132664893757
864.529,0.1319177439888629
864.646,0.12562550282260615
864.764,0.12317225673024489
864.881,0.12318304499670588
864.999,0.11393737402631635
865.116,0.11675273619973563
865.233,0.13388611476622536
865.351,0.15179930092642593
865.468,0.1625564274834143
865.586,0.18026888135598937
865.703,0.19145347971835702
865.821,0.2060083248519019
865.938,0.21481564823243798
866.056,0.2234977191639846
866.173,0.20835364298649045
866.29,0.19698905945725642
866.408,0.17638397650381704
866.525,0.16525111000521367
866.643,0.1485961761617825
866.76,0.15710759063158058
866.878,0.1610347654683606
866.995,0.17852051790826168
867.112,0.19399596854188045
867.23,0.19704950754695866
867.347,0.21171081726214525
867.465,0.2109472878842662
867.582,0.20180123835775982
867.699,0.19171109849699458
867.817,0.18899049960365316
867.934,0.19836302466025488
868.051,0.20912428624502866
868.169,0.20758419168341444
868.286,0.2100584381119161
868.404,0.2004896615700706
868.521,0.19378603479886142
868.638,0.19125018326778032
868.756,0.20555295784773459
868.873,0.2189961874964979
868.99,0.229342550343994
869.108,0.2372558843698679
869.225,0.23389649798668036
869.342,0.24193038749470652
869.46,0.25910457446774643
869.577,0.27208437005524794
869.694,0.28715431588526297
869.812,0.30107350484018636
869.929,0.30683406239905164
870.046,0.31224704441197104
870.164,0.3178103293636778
870.281,0.3235442707771329
870.398,0.32897134369056324
870.516,0.33848321209666576
870.633,0.3447291228953653
870.75,0.345240037185955
870.867,0.35317215907917665
870.985,0.3745470000602043
871.102,0.3734656425930146
871.219,0.3705321145363918
871.337,0.3527765247974658
871.454,0.3568039015934381
871.571,0.34248022895682595
871.688,0.3250769117306824
871.806,0.30855662426991526
871.923,0.3022224922232247
872.04,0.27710205848371106
872.157,0.250802686068083
872.275,0.23043558276772336
872.392,0.23264053643089672
872.509,0.21986060022808057
872.626,0.22793832809325254
872.744,0.2139371805127881
872.861,0.2079287048334706
872.978,0.20305376381750853
873.095,0.1977091261178357
873.213,0.19749357620428548
873.33,0.19649989545138757
873.447,0.18500849381755136
873.564,0.1854755697509942
873.681,0.1675117478156217
873.799,0.1517559662660466
873.916,0.13772209524184054
874.033,0.14318692849720271
874.15,0.14423351474114815
874.267,0.13700719799816524
874.385,0.13703050365822647
874.502,0.1340584965893844
874.619,0.1331541690497688
874.736,0.12499946918573086
874.853,0.11961390236899314
874.97,0.1277648618721881
875.088,0.1294317275521532
875.205,0.14137518091545215
875.322,0.16294841679397004
875.439,0.16482172843201698
875.556,0.15810192974657006
875.673,0.15327535303529363
875.791,0.14258330551756376
875.908,0.13625303595748267
876.025,0.13959329623249195
876.142,0.15024002785616103
876.259,0.1517059095194293
876.376,0.14201775508979253
876.493,0.13293638266711394
876.61,0.12657911596571428
876.728,0.12091951098648057
876.845,0.1280799915163873
876.962,0.14158616199578536
877.079,0.14502331739919416
877.196,0.14631928441900238
877.313,0.15400455139500904
877.43,0.1629294459848521
877.547,0.1639890442248904
877.664,0.15701444573551449
877.781,0.1485274472276159
877.898,0.1446479026048635
878.016,0.13470913698025497
878.133,0.1367746866389269
878.25,0.14523893700336787
878.367,0.15324887665816417
878.484,0.15812439708002296
878.601,0.1506272890705913
878.718,0.1461362398369094
878.835,0.1500997309100235
878.952,0.15087867846757755
879.069,0.15581500502378026
879.186,0.15657222118536315
879.303,0.14672823163858445
879.42,0.14891127822281847
879.537,0.1397882227048433
879.654,0.1397177069938976
879.771,0.1294578155351914
879.888,0.133615041167356
880.005,0.1294289816905532
880.122,0.12319805749392869
880.239,0.11492226857748253
880.356,0.10460161494121475
