wavelength_nm,intensity
792.446,0.32823623383094985
792.565,0.3236320462938227
792.684,0.3159688620366229
792.803,0.3052466810593505
792.922,0.2914655033620053
793.041,0.2652745861188323
793.16,0.24402679283641104
793.279,0.2231857645582789
793.398,0.21918728521408676
793.518,0.21928123347649872
793.637,0.23256407242366514
793.756,0.25532949148351036
793.875,0.28364095522112454
793.994,0.30507458023139367
794.113,0.3130147570029354
794.232,0.30485777654890434
794.351,0.29343428727870413
794.47,0.2678772627071897
794.589,0.24708372475950763
794.708,0.2316194278071056
794.827,0.23135926338811863
794.946,0.2238702447558517
795.066,0.2198511174418987
795.185,0.22255806627754854
795.304,0.23228945442584564
795.423,0.23366977120435967
795.542,0.23898042902685498
795.661,0.23419216483930969
795.78,0.23742047491142132
795.899,0.2328448848124129
796.018,0.22764882322209046
796.137,0.21281841894134704
796.256,0.21685199983413272
796.375,0.21887653326918582
796.494,0.21390759934623294
796.613,0.2035836144657989
796.732,0.20291874983949887
796.851,0.2079909236112561
796.97,0.19627216837347544
797.089,0.1777148055508952
797.208,0.17856756670201906
797.327,0.18926837703058894
797.446,0.19183904926581702
797.565,0.19583030182059277
797.684,0.20416175761910307
797.803,0.21679005592485004
797.922,0.21748073051335104
798.041,0.206229651790654
798.16,0.20169639002965553
798.279,0.20363523439020106
798.398,0.19465130274724735
798.517,0.18957086978758578
798.636,0.1873780553989815
798.755,0.19751517615307973
798.874,0.2043713345121759
798.993,0.20681192453791053
799.112,0.2080497703250746
799.231,0.2060716948219834
799.35,0.199234119635672
799.469,0.19395753096328214
799.588,0.18860764199824126
799.707,0.1775134878457269
799.826,0.17262404860635333
799.945,0.16690972297503315
800.064,0.15916570191621954
800.183,0.16377329636835725
800.302,0.16927701270811668
800.421,0.18740696255664685
800.54,0.1987726375115167
800.659,0.20340500952736745
800.778,0.21609834893786103
800.897,0.21324066992295682
801.016,0.2172226308913402
801.135,0.22987777155777628
801.254,0.23956063697713534
801.373,0.2532430141391745
801.492,0.2524016093714191
801.611,0.2585072140297078
801.729,0.2666518057018821
801.848,0.2628143805218249
801.967,0.2580808334541459
802.086,0.24841035681664342
802.205,0.24407634796383723
802.324,0.22492225881516803
802.443,0.19721474819305918
802.562,0.17935425434990832
802.681,0.16842734875245685
802.8,0.1463411235573087
802.919,0.12844624212722425
803.038,0.10704443348729442
803.157,0.09258115974049609
803.276,0.07864109196036884
803.394,0.0631597132579623
803.513,0.05256017617016125
803.632,0.04965384631935812
803.751,0.049239602660813384
803.87,0.052922406428496355
803.989,0.051949923121771185
804.108,0.0459938750502569
804.227,0.05465790195491693
804.346,0.05330365522379925
804.465,0.04825753805929081
804.583,0.04932058423307294
804.702,0.05574329610502342
804.821,0.056079309761097165
804.94,0.05847765104708888
805.059,0.05066842526162871
805.178,0.05575336731541608
805.297,0.05818532839638662
805.416,0.06509803847544492
805.535,0.0886720309875747
805.653,0.10451897858820017
805.772,0.11019093084710704
805.891,0.11723300193533007
806.01,0.1146816196924541
806.129,0.1188886728345721
806.248,0.13255190610438694
806.367,0.15827185227076
806.485,0.1979744377533073
806.604,0.21995722973001836
806.723,0.23957237705392026
806.842,0.25846381303770366
806.961,0.272689840254019
807.08,0.27460348310192895
807.198,0.2729367679933046
807.317,0.27146724099589675
807.436,0.2627120778683668
807.555,0.24824878350044494
807.674,0.24679474248035793
807.793,0.2506431000948618
807.912,0.26183800535028257
808.03,0.2763272941810498
808.149,0.2951113607220778
808.268,0.3260415954749366
808.387,0.34522829742630184
808.506,0.3661029709056183
808.624,0.38586678361180016
808.743,0.3838067246792323
808.862,0.37013940954559243
808.981,0.3511077518680786
809.1,0.3252818797407512
809.219,0.3076191824583828
809.337,0.2800258441195249
809.456,0.26531683891144864
809.575,0.25003175534704436
809.694,0.23310412578816297
809.812,0.22435515705156162
809.931,0.22475530371600083
810.05,0.2337181634402723
810.169,0.25109403844360945
810.288,0.26486477792669894
810.406,0.28410516459944224
810.525,0.2855098349927476
810.644,0.2851243264077854
810.763,0.29199141720132815
810.882,0.28997678380223335
811.0,0.29319331354205463
811.119,0.30174114907413196
811.238,0.3177945216142849
811.357,0.32100692176015405
811.475,0.3246818364286668
811.594,0.32608650682197227
811.713,0.3316372895432601
811.832,0.3314148999194093
811.95,0.33641025225413
812.069,0.34019769835784003
812.188,0.35328499004184516
812.307,0.3593271944434422
812.425,0.36929148070111595
812.544,0.35800694127788035
812.663,0.34747398795394036
812.782,0.33967585822482727
812.9,0.33380418407440327
813.019,0.3326959965478117
813.138,0.34258182052039443
813.257,0.36155997797717554
813.375,0.3797535125830435
813.494,0.38521757383133626
813.613,0.3935269253126766
813.731,0.3946951764522205
813.85,0.4015519432608835
813.969,0.4079152235922618
814.088,0.410920111642035
814.206,0.4193822580996056
814.325,0.4340005967413791
814.444,0.44037420105763786
814.562,0.44142579116803293
814.681,0.4473389457586243
814.8,0.45696047571826764
814.918,0.4538700830946326
815.037,0.4503791198576368
815.156,0.45454958580041105
815.274,0.45901531771076565
815.393,0.45781111712478595
815.512,0.45502528205512377
815.631,0.45936402895144907
815.749,0.4643934504362751
815.868,0.464666612086685
815.987,0.46750425158139464
816.105,0.47276596272603016
816.224,0.46992541053650094
816.343,0.4615625588344274
816.461,0.44109070526609284
816.58,0.42090689087592226
816.698,0.4028095538300874
816.817,0.3889842817277761
816.936,0.38618192828230435
817.055,0.381483058814297
817.173,0.37624734213250716
817.292,0.36467476353110706
817.41,0.360849303183985
817.529,0.35326591234038496
817.648,0.34240259150027125
817.766,0.34024135751587536
817.885,0.345490679878655
818.004,0.3455511674405284
818.122,0.34179178059664117
818.241,0.34189149930106016
818.359,0.34881846920691045
818.478,0.34912466760893834
818.597,0.34811765513417503
818.715,0.35557707953449724
818.834,0.38545202761567077
818.953,0.41953374163630386
819.071,0.5256102152856202
819.19,0.6490474980027098
819.308,0.7655825747352756
819.427,0.8487023157139182
819.546,0.8621646680257193
819.664,0.8251144292329556
819.783,0.7428029100402314
819.901,0.621953021796178
820.02,0.5525920541938689
820.138,0.4811714055885361
820.257,0.43119703877337906
820.376,0.3910053882815899
820.494,0.35635663867544454
820.613,0.34019401639620406
820.731,0.32624279167835263
820.85,0.31417672659966844
820.969,0.3186517500964154
821.087,0.3332256956032029
821.206,0.3611072576208697
821.324,0.3885872166266874
821.443,0.41696639471559105
821.561,0.43467160483661393
821.68,0.43244532974747085
821.798,0.4181131499875311
821.917,0.3944057595576693
822.035,0.3657862171216974
822.154,0.34819372293651707
822.273,0.33079015767464903
822.391,0.3239160245923357
822.51,0.31250037056111946
822.628,0.3066307612076724
822.747,0.3114082774614171
822.865,0.30909528089927973
822.984,0.3109614334167421
823.102,0.31413047282611517
823.221,0.31091619238391605
823.339,0.31050280903977867
823.458,0.3068869255857307
823.576,0.3069969682750315
823.695,0.30980776540905375
823.813,0.30770331334150136
823.932,0.3138229476297028
824.05,0.3073710655289997
824.169,0.30225510707182457
824.287,0.2979454518338114
824.406,0.2941654170201643
824.524,0.2959345240797504
824.643,0.2972679589773821
824.761,0.2916089589154957
824.88,0.2876854207120103
824.998,0.28286782541787925
825.117,0.2857901215886094
825.235,0.28733519817628983
825.354,0.29107515394955064
825.472,0.2985596190389451
825.591,0.30727573552457554
825.709,0.3075292816037144
825.828,0.3085509321579576
825.946,0.2993714532518439
826.064,0.29128838154003234
826.183,0.27717300546258333
826.301,0.26056645183348554
826.42,0.2584176066309476
826.538,0.2695505679770879
826.657,0.2772239619897946
826.775,0.28395477618291753
826.894,0.2796048574038705
827.012,0.26984310575049986
827.13,0.2606347196867205
827.249,0.23961156532577232
827.367,0.23283447770133492
827.486,0.22830492158536791
827.604,0.2237763978678888
827.723,0.22387405177533212
827.841,0.232190630046089
827.959,0.24387902177879567
828.078,0.2657272470323374
828.196,0.27879389074658223
828.315,0.29877553953374175
828.433,0.31560734053388095
828.552,0.3256500890766469
828.67,0.32309241407284317
828.788,0.3170565885628215
828.907,0.30454555973579167
829.025,0.2708367418103397
829.143,0.2324399582056364
829.262,0.19633149569801522
829.38,0.1590515891988485
829.499,0.1407900010839422
829.617,0.11678803269577098
829.735,0.11687841449195782
829.854,0.11787860906606323
829.972,0.1177642280065397
830.091,0.1320786577007949
830.209,0.1534349372186926
830.327,0.17692344546540476
830.446,0.21108355163713186
830.564,0.22349166567965167
830.682,0.24563261773863104
830.801,0.25346854634201393
830.919,0.26187539130928494
831.037,0.2639835731010032
831.156,0.24923888197390115
831.274,0.2393237509738662
831.392,0.2238026961837556
831.511,0.19701610909211525
831.629,0.18735081852618676
831.747,0.17973896855297683
831.866,0.18577749138867658
831.984,0.19436913568530773
832.102,0.197447772055787
832.221,0.20131929046508346
832.339,0.19720107697541187
832.457,0.19364758545869998
832.576,0.18712999741662667
832.694,0.17789106060419724
832.812,0.16620081093493644
832.93,0.15862421776016872
833.049,0.14591093048525972
833.167,0.13292715714211056
833.285,0.13083417722151397
833.404,0.14950743957545093
833.522,0.1707468540508528
833.64,0.19097999555877893
833.759,0.19909208389947952
833.877,0.20328654005385766
833.995,0.20398866216115474
834.113,0.2151355597719869
834.232,0.2300703274354502
834.35,0.25101158950235
834.468,0.27923229330844385
834.586,0.29657977623846465
834.705,0.2979416009796214
834.823,0.29203121077100047
834.941,0.2795083082464619
835.059,0.2670452848342299
835.178,0.2524420993562841
835.296,0.23387347128576363
835.414,0.2285938765533379
835.532,0.22498573497305438
835.651,0.22541427148102047
835.769,0.2306826921009341
835.887,0.23298296706772287
836.005,0.24233555610633606
836.124,0.26255000963765385
836.242,0.2801772725579347
836.36,0.298653167035387
836.478,0.31274859472807104
836.596,0.3326512639159992
836.715,0.348575069331008
836.833,0.3494516667827843
836.951,0.3553384940970351
837.069,0.3719116781610232
837.188,0.3820953479825108
837.306,0.3919847842349061
837.424,0.4008222064279853
837.542,0.41346401704950436
837.66,0.43219594635199143
837.779,0.43561740607679483
837.897,0.4359509619238601
838.015,0.4432955359032281
838.133,0.4412845147839471
838.251,0.45078473680635006
838.369,0.45089013258755806
838.487,0.4417152983597441
838.606,0.4477487262592976
838.724,0.4451905339413539
838.842,0.445005825747422
838.96,0.4491055712788702
839.078,0.445389027857342
839.196,0.4662425360527589
839.315,0.4716389740851899
839.433,0.47556837386611134
839.551,0.47872863677344035
839.669,0.4776540010828152
839.787,0.4793224481749213
839.905,0.47535812911626263
840.023,0.4573500934247495
840.142,0.45731921260553626
840.26,0.4517164771463528
840.378,0.4476623394192347
840.496,0.4354388324562293
840.614,0.42668108721758596
840.732,0.42350242340832916
840.85,0.42134789889921126
840.968,0.4045870005812552
841.087,0.40614601343362905
841.205,0.4096985877664146
841.323,0.4120380938757494
841.441,0.4116396791947933
841.559,0.4127991538322948
841.677,0.4290729423347519
841.795,0.43277108485435223
841.913,0.44090234648161086
842.031,0.4627015316920757
842.149,0.4832752598972332
842.267,0.48922506351925577
842.385,0.4955114290483805
842.504,0.49683608744396857
842.622,0.5016203131729899
842.74,0.49911890277188886
842.858,0.49830339910176263
842.976,0.4966888190018908
843.094,0.4996436346100993
843.212,0.4876276397431904
843.33,0.4865994619845275
843.448,0.4895398240139033
843.566,0.48403310161410784
843.684,0.485252455363915
843.802,0.47989026875244545
843.92,0.4774353162833062
844.038,0.48092801150378484
844.156,0.47999997639846165
844.274,0.48805484053760395
844.392,0.5111693014218353
844.51,0.5165161843268397
844.628,0.5255476974356709
844.746,0.5298797326269284
844.864,0.5356426721226141
844.982,0.5254457633916367
845.1,0.49905155478174645
845.218,0.46805594611064694
845.336,0.43761783262309084
845.454,0.3896867591541272
845.572,0.35122071502354557
845.69,0.31897900137737756
845.808,0.30144896618582784
845.926,0.28074327324505666
846.044,0.2648702376268167
846.162,0.2576941268718547
846.28,0.24775325296591244
846.398,0.22543185639135388
846.516,0.20402826207266606
846.634,0.18721367903333125
846.752,0.17441719090946137
846.87,0.15770155177926443
846.988,0.1524835013747206
847.106,0.1410233430870093
847.224,0.13514983534253744
847.342,0.12221326376711851
847.46,0.11471541318928327
847.578,0.10519643950890314
847.696,0.10549059116229957
847.814,0.10379576594902218
847.932,0.10711692615738233
848.05,0.09956981570813246
848.168,0.10861042419425042
848.285,0.1119230174303241
848.403,0.11794376214510241
848.521,0.11314694365991586
848.639,0.12568302383672686
848.757,0.13496241253802937
848.875,0.14067658328350607
848.993,0.15435192879860224
849.111,0.1703616600780537
849.229,0.18299421672878202
849.347,0.19151576260012165
849.465,0.20298170895936102
849.582,0.21273387382844838
849.7,0.21627409699497857
849.818,0.21410515652262876
849.936,0.2198227081004427
850.054,0.2233309269138438
850.172,0.23740987384632145
850.29,0.2465807983666407
850.408,0.25879110403576
850.525,0.2614186869388606
850.643,0.26737988455985323
850.761,0.2758818148599205
850.879,0.2823540497324946
850.997,0.2868946670339393
851.115,0.29565676175299355
851.233,0.2988346130502211
851.35,0.30271656011629444
851.468,0.296680254907735
851.586,0.30812761809419037
851.704,0.33372916455172075
851.822,0.36289351819148874
851.94,0.39475552908051403
852.057,0.43961027494156546
852.175,0.4946960898191271
852.293,0.5427347526173045
852.411,0.5785188453624067
852.529,0.6196115311330281
852.647,0.653793341424687
852.764,0.6850369456193742
852.882,0.7216397303654949
853.0,0.7549687795060298
853.118,0.7988220988336794
853.236,0.8250152096248584
853.353,0.8312654788225031
853.471,0.8277058975867593
853.589,0.8134289876466368
853.707,0.7905480687071607
853.824,0.7694211947988704
853.942,0.7421608414731141
854.06,0.7181587377756229
854.178,0.6870361817060964
854.296,0.6450569231363054
854.413,0.6025067482026265
854.531,0.5565549492916013
854.649,0.5085036282730586
854.767,0.4618034464870091
854.884,0.4216782941866205
855.002,0.3782233402776043
855.12,0.33307803355897336
855.238,0.2805414695797519
855.355,0.2264797365490025
855.473,0.18466193310175993
855.591,0.1478667941644905
855.708,0.12585380528210716
855.826,0.10791152268823706
855.944,0.1009287958037548
856.062,0.09344275784054037
856.179,0.07634982015552791
856.297,0.06347754068220354
856.415,0.06389535633596545
856.532,0.04907571767309235
856.65,0.03907639350679566
856.768,0.033634425067017255
856.886,0.03429734062657985
857.003,0.03744227476381287
857.121,0.03086504674788417
857.239,0.03262237688019644
857.356,0.04212416316217278
857.474,0.03873202734488799
857.592,0.03782460502416941
857.709,0.04674436154391355
857.827,0.0555543750098628
857.945,0.06029250459661378
858.062,0.06511028852373671
858.18,0.08252752403409286
858.298,0.09294877683027719
858.415,0.10037618241688653
858.533,0.1082702814385843
858.651,0.11024427887940469
858.768,0.11155040110371316
858.886,0.10318149952623934
859.003,0.10524821459079192
859.121,0.10903314325491231
859.239,0.10294974324910469
859.356,0.09228277166021587
859.474,0.09204011184998571
859.592,0.08261992322460128
859.709,0.07687023477881474
859.827,0.06970312821025171
859.944,0.0680896820748255
860.062,0.06668957717069503
860.18,0.06791741634897575
860.297,0.07038948828445876
860.415,0.07636231391679674
860.532,0.08502140096142957
860.65,0.09066470589125883
860.768,0.09750710406305857
860.885,0.10541872386447
861.003,0.11319308639399552
861.12,0.12039222295476787
861.238,0.12806441877037625
861.356,0.1267457481378766
861.473,0.13263953765838282
861.591,0.13606209492445526
861.708,0.13231785667183824
861.826,0.1317818922636922
861.943,0.12340553307913182
862.061,0.1200809944763409
862.178,0.11411815859721265
862.296,0.10984462142429641
862.414,0.11712945706530117
862.531,0.13275048984088833
862.649,0.12563869610239436
862.766,0.13058844242765635
862.884,0.12342078594120931
863.001,0.12087720483356934
863.119,0.11185979426056725
863.236,0.10433519445213651
863.354,0.10899585224053804
863.471,0.11853358901440134
863.589,0.12345181596159707
863.706,0.13390473120319332
863.824,0.133806533896986
863.941,0.14151017196492277
864.059,0.15106903011587366
864.176,0.1596976972290976
864.294,0.16003620448333294
864.411,0.1663037762544014
864.529,0.16082471802851198
864.646,0.15177046383852794
864.764,0.14632547476274366
864.881,0.15196844544854565
864.999,0.15415081640242612
865.116,0.1705462173412004
865.233,0.18250436957836397
865.351,0.20927950491592645
865.468,0.2230650024769268
865.586,0.24045357076119855
865.703,0.2589911985626628
865.821,0.2688484198766582
865.938,0.2648260759173982
866.056,0.2699734953289399
866.173,0.2631110231290727
866.29,0.2701838657208153
866.408,0.2672186978133119
866.525,0.26895300782338216
866.643,0.2719778159435066
866.76,0.2755353416834616
866.878,0.2760607130640331
866.995,0.27165534926570956
867.112,0.26705279735617
867.23,0.2664053640543248
867.347,0.2632192628703811
867.465,0.26005277725771014
867.582,0.26445686975786165
867.699,0.26814344530882284
867.817,0.2685697064345428
867.934,0.2712868598052311
868.051,0.28212382728438085
868.169,0.2890748468545351
868.286,0.2987214588769703
868.404,0.30662331745461235
868.521,0.3355602952261386
868.638,0.35394099845742116
868.756,0.3687434085291455
868.873,0.38729858710490794
868.99,0.40578562738045965
869.108,0.42283247176519084
869.225,0.4450784749357084
869.342,0.4721447466469005
869.46,0.5180337075920997
869.577,0.5496755694022999
869.694,0.5773540534169013
869.812,0.5956800395283177
869.929,0.6056105611349651
870.046,0.6117583746814217
870.164,0.6141461929344239
870.281,0.6118737644123983
870.398,0.6064308401335914
870.516,0.5940677487894295
870.633,0.5790606849173887
870.75,0.5661597139609564
870.867,0.5538864412852547
870.985,0.54202612800477
871.102,0.5261952101392703
871.219,0.5062759942611188
871.337,0.48145804755720123
871.454,0.453553229374034
871.571,0.4313111168977846
871.688,0.4116551626340842
871.806,0.3910731469266088
871.923,0.36714099812543266
872.04,0.349139978638066
872.157,0.3223026604915361
872.275,0.3005819092517494
872.392,0.2793515472937833
872.509,0.2689562074678329
872.626,0.24845162164696152
872.744,0.23238221973072468
872.861,0.2116556682349241
872.978,0.19495547084249304
873.095,0.18023644614861734
873.213,0.16745110382284717
873.33,0.15407109996796403
873.447,0.1440587799810785
873.564,0.13441089666047223
873.681,0.1244067720383154
873.799,0.11121429930103453
873.916,0.09852560806917508
874.033,0.10348032865821952
874.15,0.09934498680644817
874.267,0.09315477603887662
874.385,0.08220801162366843
874.502,0.07761709531268127
874.619,0.06415188886990798
874.736,0.05390178342528589
874.853,0.055358085627749985
874.97,0.06202868206037813
875.088,0.07453527454749265
875.205,0.087984421906807
875.322,0.09285298068895734
875.439,0.09614886135635599
875.556,0.09063665673848113
875.673,0.08675298701808279
875.791,0.08650058607213038
875.908,0.08169258756811745
876.025,0.07490629113256675
876.142,0.07593933826712876
876.259,0.07281729041105649
876.376,0.06759422389207903
876.493,0.06788217446687783
876.61,0.06967179550338681
876.728,0.07584043163713204
876.845,0.082130571508062
876.962,0.07664195480963433
877.079,0.09288866145625473
877.196,0.09225423148723491
877.313,0.0890050011122046
877.43,0.08457304246563035
877.547,0.08152890347893633
877.664,0.07801148490774933
877.781,0.0660412940596243
877.898,0.06526221412657457
878.016,0.07853952709193976
878.133,0.07703605074625139
878.25,0.07753559645762381
878.367,0.07855407822057964
878.484,0.08033045387568019
878.601,0.07913318984435075
878.718,0.07206240617556783
878.835,0.07849225972959473
878.952,0.09306371345008746
879.069,0.09028865340189585
879.186,0.08598030474198638
879.303,0.07700633668987185
879.42,0.0696358136643374
879.537,0.06342809671294142
879.654,0.060073895160266025
879.771,0.061854401873945336
879.888,0.06653988389967318
880.005,0.062291085929229925
880.122,0.053353725333030344
880.239,0.03972780211107446
880.356,0.021413316263362243
