wavelength_nm,intensity
792.446,0.1722411192987261
792.565,0.1872858440816054
792.684,0.19768948502235476
792.803,0.20345204212097417
792.922,0.20457351537746343
793.041,0.18847146997393951
793.16,0.17942854370654887
793.279,0.18231940522220885
793.398,0.1980248777532174
793.518,0.21338274592610446
793.637,0.21877044710604382
793.756,0.21787409591901163
793.875,0.19933787723995702
793.994,0.1851733323883939
794.113,0.1906326839880354
794.232,0.19658859739728435
794.351,0.1989446872432944
794.47,0.19482284711608017
794.589,0.1810872620140495
794.708,0.15976183446586287
794.827,0.13604732016785595
794.946,0.12157171710877791
795.066,0.1188299239585664
795.185,0.11926115744432783
795.304,0.1279317455399847
795.423,0.13242642295176357
795.542,0.13568463151084986
795.661,0.12673254377865428
795.78,0.13002269555890816
795.899,0.13320969735414187
796.018,0.13192997205611834
796.137,0.13000605846455002
796.256,0.12745259722247193
796.375,0.11992331379977936
796.494,0.11392198112293286
796.613,0.10476825180711738
796.732,0.10815024034822786
796.851,0.1036454144274824
796.97,0.09867486069961187
797.089,0.09091395705303998
797.208,0.08468257248768904
797.327,0.08610766555942467
797.446,0.09424639631435883
797.565,0.09789513159097013
797.684,0.10871589633836362
797.803,0.113675579232941
797.922,0.11824063024934474
798.041,0.1184367802873168
798.16,0.11986008240514093
798.279,0.11291239386236648
798.398,0.10648214337701561
798.517,0.0994975891755617
798.636,0.09850690385922517
798.755,0.09971743281876484
798.874,0.09927182575695848
798.993,0.10047462372454602
799.112,0.10086667328357071
799.231,0.09852060301247627
799.35,0.09652682216162195
799.469,0.09552482829911729
799.588,0.0959564056340676
799.707,0.09853279462614892
799.826,0.10052794736262785
799.945,0.1019867201770023
800.064,0.10124939653611026
800.183,0.10876606814814883
800.302,0.10842004896655899
800.421,0.11339390707690879
800.54,0.11783471268402573
800.659,0.1176311070301411
800.778,0.12536139893373738
800.897,0.13257926833110467
801.016,0.1375458061199366
801.135,0.15049948016819556
801.254,0.15631783718816133
801.373,0.16696694092593922
801.492,0.1703383141077189
801.611,0.17206594236692033
801.729,0.18011965938483793
801.848,0.1883470676678538
801.967,0.19476569105225933
802.086,0.2099340951014661
802.205,0.216298148816377
802.324,0.2171300359153392
802.443,0.20185122632171143
802.562,0.18106820043065663
802.681,0.15810571517869332
802.8,0.13410507523878584
802.919,0.11330238065971301
803.038,0.09858970821463373
803.157,0.088413260371535
803.276,0.0806179970201987
803.394,0.07067002089857163
803.513,0.061221252526322774
803.632,0.05152739343981263
803.751,0.050173850856817845
803.87,0.045210581743655415
803.989,0.043335559411856794
804.108,0.046344374697001235
804.227,0.045703144951554336
804.346,0.04243544101021313
804.465,0.03528239933141482
804.583,0.03275533288253972
804.702,0.03671646166521701
804.821,0.03391121470673708
804.94,0.04301100417022699
805.059,0.04312300599323467
805.178,0.046516813399384294
805.297,0.04419846138467689
805.416,0.046016968217917384
805.535,0.05119348353925254
805.653,0.04938003309574693
805.772,0.0487635148824508
805.891,0.05666888737452811
806.01,0.05564017084326141
806.129,0.06760781438888966
806.248,0.07266230000117518
806.367,0.08504546522280966
806.485,0.09860837125834904
806.604,0.11705632239105279
806.723,0.13853292464643235
806.842,0.16498449416980843
806.961,0.18942855945980802
807.08,0.21189147955364745
807.198,0.2272663319671706
807.317,0.23462742877029383
807.436,0.23187051026860708
807.555,0.22364730804462954
807.674,0.20968830116976042
807.793,0.19977410467522763
807.912,0.19097060060004017
808.03,0.19074584785965293
808.149,0.1979159508195452
808.268,0.2091907576994629
808.387,0.2275576251623429
808.506,0.24690674667612403
808.624,0.2698474841199274
808.743,0.29044838061321027
808.862,0.30497207927937364
808.981,0.31115061141552414
809.1,0.3049165401929985
809.219,0.2965316254118603
809.337,0.2836939586967256
809.456,0.25882234889050487
809.575,0.23602771394394675
809.694,0.22162815681047576
809.812,0.20895286813627623
809.931,0.20475584274695402
810.05,0.20858588264351802
810.169,0.2212808318978412
810.288,0.22909046476485778
810.406,0.23481713341824276
810.525,0.2441939805737906
810.644,0.25523719910024384
810.763,0.26497540394524927
810.882,0.27563131091504633
811.0,0.27987794365433655
811.119,0.2770671209669293
811.238,0.27602515415167306
811.357,0.2701178354623399
811.475,0.2634026194709785
811.594,0.2593014237451588
811.713,0.2658479684085101
811.832,0.2748115501402034
811.95,0.28411585956435026
812.069,0.28567726527424686
812.188,0.3005563322758991
812.307,0.30156339000178445
812.425,0.3020833136048652
812.544,0.2959610436564263
812.663,0.2935927676789445
812.782,0.2884008440470094
812.9,0.2814460538968921
813.019,0.27575967582063454
813.138,0.28159481832923444
813.257,0.28799162914336285
813.375,0.30386625987140214
813.494,0.30920295503303374
813.613,0.31998530391995195
813.731,0.323148529074644
813.85,0.33801894478722955
813.969,0.3477385160865537
814.088,0.3575638993059953
814.206,0.3662080488260132
814.325,0.3793062812475762
814.444,0.3805921766749025
814.562,0.38207305884810555
814.681,0.3820845528476029
814.8,0.39418522509145526
814.918,0.3930221402292722
815.037,0.39671775240342255
815.156,0.39684969896607214
815.274,0.39743949836545595
815.393,0.3905812033626145
815.512,0.38322778843167643
815.631,0.3793082697762461
815.749,0.3806886638995258
815.868,0.38160388486455377
815.987,0.38453884908465263
816.105,0.38542212682851323
816.224,0.37924528721057904
816.343,0.3777860620688218
816.461,0.3790173878266532
816.58,0.3725723582476664
816.698,0.36289906687943785
816.817,0.356200487982434
816.936,0.34092249226685556
817.055,0.3247494208748126
817.173,0.30492084711041245
817.292,0.2967841577770963
817.41,0.2965660598744517
817.529,0.29107999241426474
817.648,0.2943044420761939
817.766,0.29948474855085894
817.885,0.2962633223746939
818.004,0.300557869945735
818.122,0.30359265673198244
818.241,0.30554337044985747
818.359,0.3158771832728818
818.478,0.32409409220978413
818.597,0.3434019537295568
818.715,0.3527954379794626
818.834,0.36897101302172786
818.953,0.37236196756643625
819.071,0.3838452505905457
819.19,0.41204978083892874
819.308,0.4871042571836663
819.427,0.6058870408876398
819.546,0.7523285378950016
819.664,0.8750295563617724
819.783,0.9527551533751653
819.901,0.926707967969852
820.02,0.8361890157167016
820.138,0.7015370004207223
820.257,0.5752940570647134
820.376,0.4680569968594517
820.494,0.3929393853101647
820.613,0.3476248791928718
820.731,0.3214991455442801
820.85,0.29727555056330596
820.969,0.27528032800065294
821.087,0.2625642784452752
821.206,0.2642080377722431
821.324,0.27077055404617734
821.443,0.2857614223219147
821.561,0.3113847248600138
821.68,0.34211361891472036
821.798,0.35883141758482634
821.917,0.35634402001173926
822.035,0.347736833649976
822.154,0.3294987661062072
822.273,0.3052487181452027
822.391,0.28662333904477766
822.51,0.2685516424445895
822.628,0.2647752028006377
822.747,0.26026340358605876
822.865,0.2624570188815603
822.984,0.2674915844096476
823.102,0.2633930506189235
823.221,0.25647752401148927
823.339,0.2566826737893133
823.458,0.2465069421714697
823.576,0.24054904671528657
823.695,0.2430501155145255
823.813,0.24924528474503244
823.932,0.25392182000253394
824.05,0.2549135716016078
824.169,0.2589139753443968
824.287,0.26017325142074843
824.406,0.24963882404854448
824.524,0.24290430902772597
824.643,0.23612653756157642
824.761,0.2305825730130221
824.88,0.22803395093269646
824.998,0.2311153215831449
825.117,0.23845445742171312
825.235,0.24097016686398676
825.354,0.23658813698540043
825.472,0.24376156736416194
825.591,0.24137266138967367
825.709,0.235418758836136
825.828,0.2363645920547812
825.946,0.23244573888312392
826.064,0.22991575034847916
826.183,0.22374356911696364
826.301,0.21977879756487814
826.42,0.22485795050584478
826.538,0.22554491053627845
826.657,0.22492885333658733
826.775,0.2311692754637481
826.894,0.22976062708883815
827.012,0.2260314367928633
827.13,0.22072105704909648
827.249,0.21656262971868306
827.367,0.208721415181165
827.486,0.20305100871548928
827.604,0.19730140968066923
827.723,0.20112146732061664
827.841,0.19700629643553447
827.959,0.19382879218847374
828.078,0.1913786617067482
828.196,0.19582959796475413
828.315,0.2055910947418592
828.433,0.22102517521129522
828.552,0.2347170191595533
828.67,0.2548953334561395
828.788,0.26453903960518965
828.907,0.2685188133509752
829.025,0.2544420158480496
829.143,0.2364907718110144
829.262,0.2169856231609346
829.38,0.1843532735922818
829.499,0.15373283127681953
829.617,0.12732630520461652
829.735,0.11039728827678191
829.854,0.0933098638910349
829.972,0.08635975440257124
830.091,0.0853621952967167
830.209,0.09050724866804191
830.327,0.0904121512626424
830.446,0.1007181018008573
830.564,0.11131989509247356
830.682,0.13195428370173057
830.801,0.151348088806521
830.919,0.17719721826165505
831.037,0.2008771424357082
831.156,0.21499368691848741
831.274,0.22711750193884633
831.392,0.21915834761768016
831.511,0.20977572350323664
831.629,0.19853440320710847
831.747,0.18389312630796295
831.866,0.1723057544491867
831.984,0.17238165121919866
832.102,0.16866295950801996
832.221,0.1674065577618371
832.339,0.1595385747177534
832.457,0.1604709491053195
832.576,0.15854240874707015
832.694,0.1564062374512319
832.812,0.16226452273633812
832.93,0.1676070580963438
833.049,0.1591659270158855
833.167,0.15215946812939798
833.285,0.14540857541633373
833.404,0.14117322997429177
833.522,0.1377686609732604
833.64,0.13527386547176126
833.759,0.14307087409615707
833.877,0.15581346646606675
833.995,0.1677996242684235
834.113,0.17803134742392648
834.232,0.18364860247299214
834.35,0.19876364194919838
834.468,0.21819767112076216
834.586,0.24007801864673783
834.705,0.2602247809406016
834.823,0.2796920843008812
834.941,0.2903497134566704
835.059,0.2813888809454118
835.178,0.2680059087537756
835.296,0.25042506491370853
835.414,0.24109222697260296
835.532,0.23870171576523697
835.651,0.23218587064084148
835.769,0.2273576923681296
835.887,0.2347271661949875
836.005,0.24235285127495998
836.124,0.2575390975150183
836.242,0.2765225941713647
836.36,0.29798967627348527
836.478,0.31601154887593474
836.596,0.33078319872458967
836.715,0.34106882245053194
836.833,0.3525776053536801
836.951,0.3640125195578785
837.069,0.37538687473861354
837.188,0.38848882579749133
837.306,0.38991885693851464
837.424,0.398162776444833
837.542,0.4056147702597066
837.66,0.414721822221322
837.779,0.42021596277213663
837.897,0.4306373451880403
838.015,0.4322523808183252
838.133,0.4264419484947121
838.251,0.4163757474343022
838.369,0.414226141353241
838.487,0.40657098800720404
838.606,0.40671996288265516
838.724,0.40632856493335573
838.842,0.40853321918769103
838.96,0.4054832135599706
839.078,0.40095783040457555
839.196,0.40225143737186253
839.315,0.40370542592876146
839.433,0.4001935745616607
839.551,0.394075023250536
839.669,0.3891862859543605
839.787,0.3836926239073253
839.905,0.3805374718432618
840.023,0.3835061014705205
840.142,0.38855902627895944
840.26,0.3866376811324913
840.378,0.3781040892043478
840.496,0.3676299465902779
840.614,0.3611507030734701
840.732,0.354145727374947
840.85,0.3532086327307027
840.968,0.35011736710897434
841.087,0.3484761906314961
841.205,0.3376273806524823
841.323,0.32899596260951325
841.441,0.32234901718157594
841.559,0.3172113889538036
841.677,0.31922571484868245
841.795,0.3202231815363952
841.913,0.32541386148611834
842.031,0.33874274251203984
842.149,0.35052370827888546
842.267,0.3625369278829701
842.385,0.37008075845870025
842.504,0.38100316665893924
842.622,0.39399604121029763
842.74,0.40039354380659326
842.858,0.41447323047868334
842.976,0.42763771634608677
843.094,0.4414708527916926
843.212,0.4483095941541695
843.33,0.4452324666642386
843.448,0.4464069543934664
843.566,0.4432425897205523
843.684,0.43976120511055894
843.802,0.4423192312490594
843.92,0.44474815353534125
844.038,0.45180684643958935
844.156,0.4587291151701012
844.274,0.4652021823529448
844.392,0.4718535991873071
844.51,0.48051876992277137
844.628,0.4846406829309312
844.746,0.4915629516614429
844.864,0.4914523878649072
844.982,0.489013961825789
845.1,0.48261391087812466
845.218,0.47041949270742844
845.336,0.4469557723023433
845.454,0.42426667501057025
845.572,0.39348596050680157
845.69,0.36292685209988235
845.808,0.3353145058456663
845.926,0.3165710618518555
846.044,0.3044511778638834
846.162,0.2953146576362024
846.28,0.2813986329413324
846.398,0.2740322995533513
846.516,0.2634889466267513
846.634,0.24591542310820114
846.752,0.22982859034148884
846.87,0.20986331813802092
846.988,0.19225452397943119
847.106,0.17289484201059702
847.224,0.15106288782015218
847.342,0.13545314068957698
847.46,0.12911052109774512
847.578,0.11941985597603778
847.696,0.1141958194399798
847.814,0.11391497460552774
847.932,0.11586861067532195
848.05,0.11296052233836584
848.168,0.11592819918874235
848.285,0.12069352627354371
848.403,0.12536287032866064
848.521,0.12872594919623434
848.639,0.1344211432144995
848.757,0.14605541253435744
848.875,0.15403040491368744
848.993,0.16534945325899147
849.111,0.1792791944509654
849.229,0.19473089703481639
849.347,0.20305393742811734
849.465,0.21174964873503932
849.582,0.20832623502776154
849.7,0.21235690507667765
849.818,0.20996698767092364
849.936,0.21259481792356644
850.054,0.216334006079329
850.172,0.22336800440176569
850.29,0.23512361010302546
850.408,0.24027695127922485
850.525,0.2401902732164033
850.643,0.23701441947317337
850.761,0.23010919465863616
850.879,0.22915938414051723
850.997,0.23219582143059414
851.115,0.22793656010276586
851.233,0.23687251105221793
851.35,0.23985171673770317
851.468,0.2501266210410937
851.586,0.24836691676962358
851.704,0.2546462564919777
851.822,0.2606500859317619
851.94,0.27906918066531944
852.057,0.2903709264324902
852.175,0.31262520415747197
852.293,0.33804785013200644
852.411,0.3752475624607384
852.529,0.4148463437959057
852.647,0.45520710405267295
852.764,0.4942329038581478
852.882,0.5366832831662897
853.0,0.5630096561063549
853.118,0.5930560833448868
853.236,0.6158919938886269
853.353,0.6376697852311932
853.471,0.6578810277690026
853.589,0.6646381848413203
853.707,0.6572877513817605
853.824,0.6366649095270992
853.942,0.6179579954587142
854.06,0.6003511260692855
854.178,0.5764940330714133
854.296,0.5601109883429649
854.413,0.5376813580410158
854.531,0.5166971584968968
854.649,0.48951663953005453
854.767,0.4568778226462135
854.884,0.429212831491664
855.002,0.3867508086150383
855.12,0.34417698446432626
855.238,0.30300001075591865
855.355,0.2637343064473672
855.473,0.2332463331221386
855.591,0.20177277832713736
855.708,0.1773979389528415
855.826,0.1514327828060692
855.944,0.122569700784929
856.062,0.1047192615202375
856.179,0.08949805220271559
856.297,0.07753103133262351
856.415,0.0701482724141184
856.532,0.06142866321684716
856.65,0.05288799371507173
856.768,0.04327066547798275
856.886,0.028337115435342872
857.003,0.026293432455619936
857.121,0.021394683176040246
857.239,0.017521417907682545
857.356,0.02052485436543533
857.474,0.018746583767964307
857.592,0.018448453869201867
857.709,0.017351479895988283
857.827,0.014055031271427185
857.945,0.01794541662229174
858.062,0.0245301757738476
858.18,0.03024590090217225
858.298,0.03542731724236635
858.415,0.04287293356677282
858.533,0.04899095293276723
858.651,0.048160468942078566
858.768,0.046889890442888146
858.886,0.04709120772641856
859.003,0.04991058026957712
859.121,0.0413728814813725
859.239,0.041768157525610645
859.356,0.04399596909615157
859.474,0.04931158342405975
859.592,0.05009588641763812
859.709,0.0514388976951798
859.827,0.05115217104425881
859.944,0.04748377659100268
860.062,0.039314778136487656
860.18,0.04270996041052523
860.297,0.04792255703630231
860.415,0.056965274951245023
860.532,0.05857568090963414
860.65,0.06697076069729344
860.768,0.06961357408996562
860.885,0.0748913506695345
861.003,0.07644279767060344
861.12,0.08724603610951008
861.238,0.09809462131019767
861.356,0.1023401249630154
861.473,0.10662765309649394
861.591,0.1176971263741002
861.708,0.120702267274458
861.826,0.12621628200401422
861.943,0.12591529951353445
862.061,0.1262272275792063
862.178,0.12139829348823138
862.296,0.10963768040390615
862.414,0.09941300387071886
862.531,0.09258229458657988
862.649,0.0856750546683937
862.766,0.08342154278404959
862.884,0.08634150176129401
863.001,0.09356181688821491
863.119,0.09705542287892595
863.236,0.09963997803391167
863.354,0.10013691058884558
863.471,0.09661631759819031
863.589,0.09713454563390242
863.706,0.09252122828580835
863.824,0.09703435541878255
863.941,0.10556101519469994
864.059,0.10889690153089651
864.176,0.11595350764933415
864.294,0.12440563324252751
864.411,0.12875571685079265
864.529,0.13087044046110619
864.646,0.12796675092924847
864.764,0.12795858129947102
864.881,0.1281786726042865
864.999,0.12394201907245965
865.116,0.1277683669503327
865.233,0.13885980119249214
865.351,0.1493715990672161
865.468,0.16166622797335195
865.586,0.18211702601759278
865.703,0.2055039384741475
865.821,0.2212710617147016
865.938,0.23072740232334882
866.056,0.23468751243986072
866.173,0.23038164859550422
866.29,0.21756225082623104
866.408,0.21454609453651283
866.525,0.21314373639952844
866.643,0.21728019971623602
866.76,0.22235765708983674
866.878,0.22933507063913022
866.995,0.2327461566418258
867.112,0.2328797350559797
867.23,0.22587799644184037
867.347,0.22630372223292217
867.465,0.21899186817994828
867.582,0.22013365451220196
867.699,0.2206072951350353
867.817,0.21706074827718227
867.934,0.21785648304678812
868.051,0.22168815479485632
868.169,0.21984191898039906
868.286,0.21836968504711143
868.404,0.22405406362289537
868.521,0.2384529522234415
868.638,0.24800379152804333
868.756,0.254286440016944
868.873,0.26888164633091577
868.99,0.2869140763392668
869.108,0.29871890918750144
869.225,0.31516083297521985
869.342,0.3366943731202849
869.46,0.36717534261112506
869.577,0.3950043592612873
869.694,0.41810711014620605
869.812,0.4358653608395354
869.929,0.45277911262324866
870.046,0.4694779131478556
870.164,0.48218114909142606
870.281,0.48681672523887665
870.398,0.5014265721958832
870.516,0.5106187157461246
870.633,0.5156788705415934
870.75,0.5059958978007064
870.867,0.5036385704475688
870.985,0.5047470825911062
871.102,0.4956271091232963
871.219,0.48183211214086596
871.337,0.47386276011886064
871.454,0.4684115986988946
871.571,0.45777232577430504
871.688,0.43480762786547567
871.806,0.4193881849899227
871.923,0.40288932743241745
872.04,0.3797356321316803
872.157,0.3492522985405475
872.275,0.3269477605358467
872.392,0.3136758338000346
872.509,0.296418324739801
872.626,0.27955944046038694
872.744,0.26656502045846764
872.861,0.2519847526223361
872.978,0.2374277767183057
873.095,0.21882465946639018
873.213,0.20228454191487644
873.33,0.187935862432209
873.447,0.1703529318063307
873.564,0.15053264473117808
873.681,0.13504532251064377
873.799,0.11942823095411653
873.916,0.10560728010448753
874.033,0.0979287444918615
874.15,0.09055965883429573
874.267,0.08326001505902414
874.385,0.07557534545442579
874.502,0.06809443451484842
874.619,0.06596427015091681
874.736,0.06115497715610399
874.853,0.05888273582441278
874.97,0.05344270083735574
875.088,0.053670211939324704
875.205,0.05196315807172279
875.322,0.047852221895896566
875.439,0.05050916948514684
875.556,0.04757768226658107
875.673,0.04770871904813632
875.791,0.047978822207897225
875.908,0.044940903236016516
876.025,0.045126251979494394
876.142,0.048449280591217406
876.259,0.04760297250540925
876.376,0.04794005802419081
876.493,0.04263848081128758
876.61,0.040682855658572825
876.728,0.04049368781778186
876.845,0.03977363831357518
876.962,0.03816923363429335
877.079,0.04383686449331285
877.196,0.04650389225319917
877.313,0.04731887438800897
877.43,0.04818326343522772
877.547,0.05007603310578226
877.664,0.056694443166407246
877.781,0.054211695499317064
877.898,0.05261601048390106
878.016,0.04688735416855534
878.133,0.04596655353401972
878.25,0.04769243501419246
878.367,0.04919788967488258
878.484,0.05069807609797347
878.601,0.05517542440888433
878.718,0.05441911069134755
878.835,0.052063265868043225
878.952,0.04651746641849727
879.069,0.04475136062300162
879.186,0.04298567832724106
879.303,0.04436496642097534
879.42,0.04238546420117012
879.537,0.041832039453372764
879.654,0.043784922516663355
879.771,0.039742446959061636
879.888,0.038743335274585844
880.005,0.035544544102230305
880.122,0.03131432791762237
880.239,0.026052686720762074
880.356,0.019759620511649402
