wavelength_nm,intensity
792.446,0.16138498020766498
792.565,0.1947679644792779
792.684,0.216503437764149
792.803,0.22659140006227818
792.922,0.22503185137366544
793.041,0.20617656132068385
793.16,0.17409921249802168
793.279,0.1471572678755542
793.398,0.12735632063744634
793.518,0.11060304651786845
793.637,0.1071811102837749
793.756,0.11644769360690771
793.875,0.13623578447845047
793.994,0.16031647329758286
794.113,0.18682487266976966
794.232,0.21085127905229362
794.351,0.22461830491581952
794.47,0.21778871729937152
794.589,0.19693854770102914
794.708,0.17382422910204465
794.827,0.15653813001259953
794.946,0.146547304706296
795.066,0.14327821638581045
795.185,0.13690145856949093
795.304,0.14118048590792848
795.423,0.13847493498854918
795.542,0.1379785363906167
795.661,0.1422511355457717
795.78,0.15279478461437712
795.899,0.15519892516206213
796.018,0.15405470853776285
796.137,0.14592519941305976
796.256,0.14455099667576146
796.375,0.1397562861895436
796.494,0.1367528961114048
796.613,0.13158749372255815
796.732,0.12984474181039196
796.851,0.12047030785662918
796.97,0.11730621319642581
797.089,0.11073232442610714
797.208,0.11090445688956285
797.327,0.11470565593732857
797.446,0.11971678192739327
797.565,0.12771915587161864
797.684,0.1370657343644902
797.803,0.14764509556244332
797.922,0.15614101113425344
798.041,0.15346617264611315
798.16,0.1452059571279976
798.279,0.13889490962967777
798.398,0.12473096795598465
798.517,0.11494638836584128
798.636,0.10390467080000804
798.755,0.10116999065702273
798.874,0.09563190454714754
798.993,0.0919012219636895
799.112,0.09090619913431601
799.231,0.09596645798050651
799.35,0.09719321377590412
799.469,0.10001232278064229
799.588,0.10217165330374067
799.707,0.10716221508636663
799.826,0.1120924629031281
799.945,0.10996599396079038
800.064,0.11410986068931603
800.183,0.11921866915281577
800.302,0.12097767988350433
800.421,0.12372591659712319
800.54,0.12645558300348125
800.659,0.1278803282034756
800.778,0.13355410255325556
800.897,0.13345179710234378
801.016,0.1441124131942321
801.135,0.15037472343566166
801.254,0.15523640396407562
801.373,0.162951483627368
801.492,0.1652483190260322
801.611,0.1654481381894014
801.729,0.173833177399256
801.848,0.18058117259981343
801.967,0.19182175367230742
802.086,0.1994418390715348
802.205,0.20626482974372212
802.324,0.20301271448434527
802.443,0.19036902344911877
802.562,0.17962307496742722
802.681,0.1601620754765545
802.8,0.14117071816915233
802.919,0.1191164540249876
803.038,0.09613851499624662
803.157,0.08134832960397761
803.276,0.0690946823309023
803.394,0.061760151052520515
803.513,0.06419399188202145
803.632,0.05550016682449099
803.751,0.05659406666099957
803.87,0.04626204368461877
803.989,0.03485637504445309
804.108,0.03137334381658746
804.227,0.03232562429782945
804.346,0.036211372434564584
804.465,0.04157076968907297
804.583,0.041772096550401885
804.702,0.045397145116950255
804.821,0.04812593851643705
804.94,0.04795417421111636
805.059,0.050234266458014404
805.178,0.05356996094797824
805.297,0.05598603858289192
805.416,0.056239899203749485
805.535,0.0589322011898777
805.653,0.05445900495609256
805.772,0.06024235177696509
805.891,0.06199419243129241
806.01,0.06053098930826689
806.129,0.06715448170102513
806.248,0.07793281127190993
806.367,0.08855916306861185
806.485,0.1053107668505272
806.604,0.11835426896666212
806.723,0.1430968586383075
806.842,0.16982491922109105
806.961,0.19359999275644904
807.08,0.22309043547260782
807.198,0.24125935645253502
807.317,0.24720089296344738
807.436,0.24387650427365015
807.555,0.23294650021154514
807.674,0.21608577964353792
807.793,0.20674924442265574
807.912,0.19345615920621037
808.03,0.19206199518197928
808.149,0.19407440799108702
808.268,0.20470858526335245
808.387,0.22158569807717018
808.506,0.24522220855065924
808.624,0.26929583548736385
808.743,0.29769134431772326
808.862,0.3106042165906947
808.981,0.32190861455784725
809.1,0.32519778221420925
809.219,0.3104073272670208
809.337,0.28966651732792414
809.456,0.26309177393859245
809.575,0.24408657348579255
809.694,0.22270008824809023
809.812,0.20267566362370798
809.931,0.1916456958968294
810.05,0.1957926689001226
810.169,0.19855044007179157
810.288,0.2056665195090499
810.406,0.22292127246811122
810.525,0.2405510027853231
810.644,0.24396730562216307
810.763,0.2551567105328164
810.882,0.26033719255943116
811.0,0.26950886216194136
811.119,0.2676019149982182
811.238,0.26722630394092317
811.357,0.27698365246473566
811.475,0.27348037311917217
811.594,0.2685650361792021
811.713,0.2787830711715996
811.832,0.2894053674682129
811.95,0.29926413843937294
812.069,0.29922065018501176
812.188,0.302599812407331
812.307,0.30476333374665565
812.425,0.2974067156444792
812.544,0.2886044705463091
812.663,0.2893473633801837
812.782,0.28437560127584455
812.9,0.27725182625701483
813.019,0.27396281968753766
813.138,0.27041311457382244
813.257,0.2797497742139197
813.375,0.2937497237042358
813.494,0.30883317919896003
813.613,0.3301119748929177
813.731,0.3391272253688863
813.85,0.34960667314810917
813.969,0.35544282986954817
814.088,0.35372801396171627
814.206,0.36273040807111967
814.325,0.3695415059237503
814.444,0.3684137974223945
814.562,0.37404925197690014
814.681,0.38001611509175237
814.8,0.3812568350087342
814.918,0.38430601715588203
815.037,0.38795802004641844
815.156,0.39152359958393346
815.274,0.3909265733246842
815.393,0.3842363435561359
815.512,0.38693483259308925
815.631,0.3844572056023916
815.749,0.3776769812678867
815.868,0.379036979696889
815.987,0.38385034103381066
816.105,0.3835597248443634
816.224,0.3818184819608139
816.343,0.3797665435519396
816.461,0.3821614794894369
816.58,0.3727321293999214
816.698,0.3545811630811183
816.817,0.34736739349633217
816.936,0.34427051818274507
817.055,0.3357703976988561
817.173,0.3263746170109275
817.292,0.3166338571535007
817.41,0.31775101310293874
817.529,0.30979585971289525
817.648,0.30007009894979453
817.766,0.29666181386829615
817.885,0.29495271190115996
818.004,0.2885374655285883
818.122,0.28997674488474273
818.241,0.2936766020286047
818.359,0.3008448211747121
818.478,0.30540105518033106
818.597,0.32069164102527203
818.715,0.33097110088014814
818.834,0.35027044915870564
818.953,0.36503611357006105
819.071,0.3659644300879925
819.19,0.38420971839749485
819.308,0.39256556695622113
819.427,0.4857982158002314
819.546,0.6047342283726866
819.664,0.7259455222056816
819.783,0.8189070190763905
819.901,0.8438983599740177
820.02,0.7849009087907879
820.138,0.685181924490092
820.257,0.5501189424407034
820.376,0.4712715053793981
820.494,0.3959999191737058
820.613,0.3484746546953996
820.731,0.3165454841048154
820.85,0.2880787121026458
820.969,0.2659715560947087
821.087,0.2551580038716781
821.206,0.2559994621825524
821.324,0.26425190157565476
821.443,0.281390947235631
821.561,0.3133919526449327
821.68,0.3391147657149143
821.798,0.35094341774089244
821.917,0.35252483137185064
822.035,0.34281621243083704
822.154,0.322458950760936
822.273,0.301836705091275
822.391,0.2795402747977954
822.51,0.2738749831415247
822.628,0.2580445909877339
822.747,0.24783743072102682
822.865,0.25126087598373753
822.984,0.2561735170402458
823.102,0.25476511120221706
823.221,0.26278542175455943
823.339,0.2572829774081138
823.458,0.2588615340687237
823.576,0.24692162128606743
823.695,0.24296694062554955
823.813,0.2448140524988538
823.932,0.24849033963734538
824.05,0.24667124431181775
824.169,0.2561271824639358
824.287,0.2535017072577379
824.406,0.2536717775368754
824.524,0.24795006071623493
824.643,0.2430704359056127
824.761,0.23736157545153777
824.88,0.23871943115277933
824.998,0.23790741787485647
825.117,0.2409730276015034
825.235,0.24464145807153892
825.354,0.2486477252852034
825.472,0.25218902057476134
825.591,0.24748938489605155
825.709,0.24481462695135442
825.828,0.23990000425397162
825.946,0.23686312531768913
826.064,0.2313778227933304
826.183,0.22552397109410355
826.301,0.22109431911326155
826.42,0.21768460554658875
826.538,0.21665189130929657
826.657,0.2158898750124596
826.775,0.21406935120175796
826.894,0.21841202667387682
827.012,0.21564727416322294
827.13,0.2117740171576174
827.249,0.20616300793795428
827.367,0.20063770782872561
827.486,0.1979308089676149
827.604,0.19405683771942234
827.723,0.1916427783189627
827.841,0.1820520094047957
827.959,0.1811385736795253
828.078,0.1877275420876129
828.196,0.19581641992830262
828.315,0.20732580551791202
828.433,0.22246068647889666
828.552,0.2404275392971512
828.67,0.2552281547274415
828.788,0.2569852720347895
828.907,0.26285214118746714
829.025,0.25413274822938337
829.143,0.23047906511748867
829.262,0.19644942868793847
829.38,0.16237817236489438
829.499,0.1320240968766923
829.617,0.1080765650914553
829.735,0.08880454557906525
829.854,0.0807138989730003
829.972,0.07630579006879062
830.091,0.07887040503295492
830.209,0.08564631326230376
830.327,0.09247987611839675
830.446,0.10776912483537295
830.564,0.13008302700088076
830.682,0.14605124908672457
830.801,0.17154894910310214
830.919,0.20211724260299452
831.037,0.23615525914254917
831.156,0.2603054045804812
831.274,0.27196108662396534
831.392,0.26722490129687
831.511,0.26479571952563385
831.629,0.2414785132989469
831.747,0.22354383920754045
831.866,0.2003759096815267
831.984,0.19072073565808334
832.102,0.1832425730396739
832.221,0.17717218256014955
832.339,0.17016756277689027
832.457,0.1763257196285944
832.576,0.17526074119843937
832.694,0.17851193072124355
832.812,0.17322649284478137
832.93,0.17181010706184546
833.049,0.16606612544455934
833.167,0.15298667555883433
833.285,0.14536678919387025
833.404,0.14623644978569128
833.522,0.15110974232346147
833.64,0.15985699362982375
833.759,0.16063502839703628
833.877,0.16364227384638766
833.995,0.16881785297581897
834.113,0.17580526864792295
834.232,0.1914614465978797
834.35,0.21621707510562227
834.468,0.24113626516577716
834.586,0.26062221186697787
834.705,0.279443198719725
834.823,0.292568100941519
834.941,0.2954286229462064
835.059,0.2891511252934125
835.178,0.27551264353947746
835.296,0.2573487207546061
835.414,0.23912623007760464
835.532,0.22754476697409562
835.651,0.2257641406487607
835.769,0.22924033976340252
835.887,0.23453857171736237
836.005,0.23925255323519437
836.124,0.2530359871221601
836.242,0.2711434456305414
836.36,0.2913772043202831
836.478,0.317256336417304
836.596,0.3332239241351734
836.715,0.3504842909354284
836.833,0.3636249064941365
836.951,0.37447208910613716
837.069,0.3836136604204933
837.188,0.39269309262978436
837.306,0.397874188799484
837.424,0.402926721303532
837.542,0.4034138151917742
837.66,0.4108676312731595
837.779,0.4141152727599766
837.897,0.42299900250044264
838.015,0.4250045761285478
838.133,0.4243488818776648
838.251,0.41997769768945054
838.369,0.42430670245291513
838.487,0.4193076990307689
838.606,0.4215496869551559
838.724,0.40920469852619434
838.842,0.40631913891884297
838.96,0.3996902339132689
839.078,0.3911600151412251
839.196,0.39507404496166965
839.315,0.40639691313658155
839.433,0.4069268615800413
839.551,0.40732753211526274
839.669,0.40000081210223576
839.787,0.39248196083331843
839.905,0.38174473246758933
840.023,0.37711499246289826
840.142,0.37679999192599234
840.26,0.37854129579692525
840.378,0.37609356689537665
840.496,0.37315229636624325
840.614,0.3770698973996231
840.732,0.3707545448897221
840.85,0.36196719878637573
840.968,0.35754530337448814
841.087,0.349565051394399
841.205,0.34704732671932903
841.323,0.3392070662862826
841.441,0.3385956550757913
841.559,0.33837207759001553
841.677,0.33895059452938847
841.795,0.336337161347667
841.913,0.33752921266923297
842.031,0.34950561281120773
842.149,0.3577950927193292
842.267,0.3654188985364103
842.385,0.3796251640348536
842.504,0.38786393271930153
842.622,0.40558998568625093
842.74,0.41142889927853576
842.858,0.4292549462076588
842.976,0.4472581252983462
843.094,0.452010675915875
843.212,0.4555954399037351
843.33,0.46211788365173423
843.448,0.46264783209519467
843.566,0.46113076128444686
843.684,0.4536104815303561
843.802,0.4610914388300468
843.92,0.4601386196629922
844.038,0.4650104487925423
844.156,0.4755012243536543
844.274,0.49108883501526546
844.392,0.4952185660969709
844.51,0.5010596224170167
844.628,0.49837619346177436
844.746,0.5028366188612395
844.864,0.49847757679700466
844.982,0.49854112483118496
845.1,0.4928514488274559
845.218,0.4863675350670348
845.336,0.4641460001456833
845.454,0.4450071362296225
845.572,0.4106649046076725
845.69,0.37472705504646886
845.808,0.34484598262262955
845.926,0.3209174079184596
846.044,0.301021446860228
846.162,0.2897292520044367
846.28,0.2796169859022921
846.398,0.2720209964339843
846.516,0.2611752031950387
846.634,0.2440376470076211
846.752,0.2305884395392308
846.87,0.2104296372090007
846.988,0.19451129311751275
847.106,0.17061485932975573
847.224,0.15820487482538248
847.342,0.1514952604074838
847.46,0.15116883198918718
847.578,0.1490417980091811
847.696,0.14326034990783487
847.814,0.1318376221151578
847.932,0.12667505074044666
848.05,0.1121285754116767
848.168,0.11520582920645127
848.285,0.11974489213144761
848.403,0.1258714152733486
848.521,0.12893346418182763
848.639,0.13466131777763368
848.757,0.14635791031623996
848.875,0.1565167385651356
848.993,0.16693697960085624
849.111,0.1846967774601096
849.229,0.19635980059712907
849.347,0.20015829860920517
849.465,0.1997077674714956
849.582,0.20736960363640222
849.7,0.21603709336373902
849.818,0.21576583711535463
849.936,0.22379193699960737
850.054,0.231957314188316
850.172,0.23789639723349087
850.29,0.23949574232033743
850.408,0.23942947369440876
850.525,0.24165878074294833
850.643,0.2416953630495412
850.761,0.24051273326020478
850.879,0.2419913713498565
850.997,0.2487168354832675
851.115,0.2526410401906474
851.233,0.2578715945895651
851.35,0.2646227714561064
851.468,0.26058888525965207
851.586,0.2629874678012995
851.704,0.26463609562664564
851.822,0.26740465582833467
851.94,0.2808997112008891
852.057,0.2934905354583605
852.175,0.32057262756252847
852.293,0.3561313506886589
852.411,0.38849240975299915
852.529,0.43305201795991566
852.647,0.4751496319696038
852.764,0.5146416890220864
852.882,0.5529488176228134
853.0,0.5808922862868471
853.118,0.6166567112780201
853.236,0.6494263171020976
853.353,0.6786689930317995
853.471,0.6977837090785026
853.589,0.7077646909232465
853.707,0.6938756855120088
853.824,0.6723999953421527
853.942,0.6378593797717458
854.06,0.6087555787732277
854.178,0.5822566204893284
854.296,0.5630236520425054
854.413,0.5488046665560952
854.531,0.5351799309020302
854.649,0.5110101176941858
854.767,0.47992143654652464
854.884,0.44408089946786317
855.002,0.39723174139648976
855.12,0.3559601036866352
855.238,0.31672620007735885
855.355,0.2806278214248076
855.473,0.24078466888885997
855.591,0.20889460755863787
855.708,0.17346047451195326
855.826,0.14837857352057063
855.944,0.12132250601884892
856.062,0.10640832653939349
856.179,0.09380827950901477
856.297,0.08272096057403655
856.415,0.06958242247810344
856.532,0.059226755101649306
856.65,0.04491422831070428
856.768,0.03648427678625363
856.886,0.023126057714859517
857.003,0.01861434549169485
857.121,0.016318206172846662
857.239,0.020557491186165254
857.356,0.02438947208779974
857.474,0.02320723505677674
857.592,0.021952261912682326
857.709,0.02174257653757563
857.827,0.015701882303606786
857.945,0.013841126250386585
858.062,0.012778754441310217
858.18,0.021228205246730372
858.298,0.0281015943130857
858.415,0.0303604844265134
858.533,0.03509657885099167
858.651,0.04416627067765755
858.768,0.04406978384598426
858.886,0.0440412416569987
859.003,0.051569867501369236
859.121,0.059746248433942065
859.239,0.06014282542433021
859.356,0.057082785249214354
859.474,0.05346363072697063
859.592,0.051911338769980976
859.709,0.04204019593651025
859.827,0.041419501975242384
859.944,0.04854526974349524
860.062,0.05241017930302574
860.18,0.04924322077452929
860.297,0.052621643334691603
860.415,0.052336296359629206
860.532,0.051940185382820456
860.65,0.05228867622470853
860.768,0.056881055076673404
860.885,0.06779295616714215
861.003,0.07573903996519624
861.12,0.08250919889516468
861.238,0.09505288280299543
861.356,0.10221011817463416
861.473,0.11324717930812617
861.591,0.12281532021391678
861.708,0.12915794159702615
861.826,0.1352662914116149
861.943,0.1313631028848785
862.061,0.12572001941632374
862.178,0.11675285094808817
862.296,0.10503156306456034
862.414,0.10173333800897334
862.531,0.09861438784271151
862.649,0.09219161657100107
862.766,0.08710930190047017
862.884,0.08568382508185149
863.001,0.088214366435307
863.119,0.08915313659918393
863.236,0.09732772689442498
863.354,0.10485512921259764
863.471,0.10691197082276299
863.589,0.10635280693871606
863.706,0.10116463684862453
863.824,0.1056080280435991
863.941,0.10734301134884655
864.059,0.11391698818070292
864.176,0.1291254436462383
864.294,0.1386178156883859
864.411,0.1435726045756187
864.529,0.14161209673596903
864.646,0.13640035664050765
864.764,0.1346648352157483
864.881,0.13215864603966637
864.999,0.12620909335188235
865.116,0.129940384687664
865.233,0.13886779084353124
865.351,0.14503822061375826
865.468,0.15075867755420447
865.586,0.16991832301076498
865.703,0.193785541357935
865.821,0.2154386076855498
865.938,0.22679872409257984
866.056,0.2359432599948806
866.173,0.23296067101330048
866.29,0.22635687211586678
866.408,0.21648541338312144
866.525,0.2168783348674828
866.643,0.22387300058305398
866.76,0.22837995936826658
866.878,0.23664811961637555
866.995,0.2357711177811339
867.112,0.23199143407251405
867.23,0.23230864584265873
867.347,0.2310466672530495
867.465,0.2282804937753165
867.582,0.2246715140449785
867.699,0.2197433282565376
867.817,0.216479327695698
867.934,0.20874416854053052
868.051,0.2165844974790549
868.169,0.22294420153482492
868.286,0.2333172346866857
868.404,0.237907045611985
868.521,0.24561666815709657
868.638,0.2562482571254343
868.756,0.26163730550553443
868.873,0.2692612189402117
868.99,0.28838943772294684
869.108,0.29929458160208794
869.225,0.3186913555975174
869.342,0.3448734341690036
869.46,0.37720656989933204
869.577,0.4085354805524041
869.694,0.4338854665100894
869.812,0.45480571994349017
869.929,0.47326897887777153
870.046,0.49058516421740583
870.164,0.501320318360852
870.281,0.5117504909196692
870.398,0.5186137359992413
870.516,0.5172360501105456
870.633,0.5126699853136902
870.75,0.5081867726569214
870.867,0.5054113140255582
870.985,0.5134723439234514
871.102,0.5075999294350586
871.219,0.5019603580300128
871.337,0.49735643837604937
871.454,0.48870062052629937
871.571,0.4725109718693654
871.688,0.45514639415689306
871.806,0.4292451890451543
871.923,0.41340980471134914
872.04,0.3872293307481116
872.157,0.35874256747160194
872.275,0.3395123881220076
872.392,0.3193694067462869
872.509,0.29767366198652956
872.626,0.2851259362804709
872.744,0.2709440235354629
872.861,0.2652194572625694
872.978,0.25194391836040503
873.095,0.23471790370980172
873.213,0.22098382106681344
873.33,0.1978153080927582
873.447,0.17652882433532507
873.564,0.15665654090005945
873.681,0.13865200182967688
873.799,0.11902756057208408
873.916,0.10338216476640832
874.033,0.09585342171887043
874.15,0.09457644403493522
874.267,0.09417584200519169
874.385,0.0894253613739601
874.502,0.07809551489689733
874.619,0.07001639896384138
874.736,0.06059691794393884
874.853,0.05575442982593821
874.97,0.05212168877425154
875.088,0.05177595569769489
875.205,0.05792552862140499
875.322,0.05352621437459015
875.439,0.050635490542164305
875.556,0.04820713761458528
875.673,0.05053999955042392
875.791,0.05177490289288311
875.908,0.05004906808697049
876.025,0.047430716604053305
876.142,0.047101305664514065
876.259,0.04305177579555071
876.376,0.039949293559189865
876.493,0.036235189318073735
876.61,0.03980137887221458
876.728,0.047368969205548464
876.845,0.05251645248001502
876.962,0.052714743216987464
877.079,0.05566479942303273
877.196,0.05487163619236632
877.313,0.052786645980241256
877.43,0.04734726358439009
877.547,0.047268879377703035
877.664,0.048911663719616846
877.781,0.04517588743637155
877.898,0.04495251070352052
878.016,0.05028299599183343
878.133,0.05108345738843524
878.25,0.05813086647025254
878.367,0.05457470834655708
878.484,0.05260657348952075
878.601,0.050503647138936375
878.718,0.04458683788412117
878.835,0.0459554161487371
878.952,0.04749823848977122
879.069,0.04758456804137869
879.186,0.05010545776019352
879.303,0.050459676416965075
879.42,0.04509360516505184
879.537,0.042134076238326434
879.654,0.04150601270884457
879.771,0.041854006166409496
879.888,0.03569402803927761
880.005,0.03248027835607828
880.122,0.02877831100403064
880.239,0.024588125983134722
880.356,0.019909723293390524
