wavelength_nm,intensity
792.446,0.13780270857876967
792.565,0.18034558554304703
792.684,0.2095401688920736
792.803,0.22538645862584944
792.922,0.22788445474437424
793.041,0.2092658709671406
793.16,0.17975050193040842
793.279,0.15322832766269137
793.398,0.12856968882041672
793.518,0.12018981677771437
793.637,0.12397457807013565
793.756,0.13601980560766072
793.875,0.15005065764457728
793.994,0.1719347887404048
794.113,0.1951236629616771
794.232,0.21459284534202844
794.351,0.22096763913179784
794.47,0.2125958169181471
794.589,0.19444747732134365
794.708,0.1735474378270727
794.827,0.15420906516880958
794.946,0.1458855419294684
795.066,0.1430848722386037
795.185,0.14593585336104087
795.304,0.15159018745069322
795.423,0.14814955635022728
795.542,0.14501951448733513
795.661,0.14317274953908354
795.78,0.14693336134435003
795.899,0.14098051276070128
796.018,0.1366423257209834
796.137,0.13406034305268674
796.256,0.1308021747440568
796.375,0.12289388851995998
796.494,0.11475416971063003
796.613,0.1088040044033318
796.732,0.10598723505436386
796.851,0.10173625449603815
796.97,0.09885709897192047
797.089,0.09953462625042905
797.208,0.10011958049484443
797.327,0.10646284578749518
797.446,0.10695858109325546
797.565,0.11023351987907623
797.684,0.1070860367199056
797.803,0.1142892920829009
797.922,0.11441473525228812
798.041,0.1217581918045986
798.16,0.1256643713518813
798.279,0.12821885043758496
798.398,0.12023671899226628
798.517,0.10850094098286939
798.636,0.08608863281514555
798.755,0.08130393390993787
798.874,0.07304277608749603
798.993,0.08221479210635227
799.112,0.09186955771803479
799.231,0.0975744343291636
799.35,0.105104268063645
799.469,0.10673452895111098
799.588,0.10812588715420005
799.707,0.11202208383050805
799.826,0.10884851814225951
799.945,0.10817777846996693
800.064,0.10264360041234034
800.183,0.10189303326861941
800.302,0.10536460146245605
800.421,0.11064603955472457
800.54,0.12027841024937602
800.659,0.12391902485329613
800.778,0.1306373574312731
800.897,0.13590001258908802
801.016,0.1428705731440146
801.135,0.15354539670084652
801.254,0.161791184341362
801.373,0.16833174986111615
801.492,0.17217696428676382
801.611,0.16916439517954682
801.729,0.17372403193352276
801.848,0.18300489342625464
801.967,0.19146131826028645
802.086,0.20966809853305335
802.205,0.2250607927332029
802.324,0.2282499460911462
802.443,0.2214995730276421
802.562,0.19764331322951512
802.681,0.17316721659441592
802.8,0.1505492888320582
802.919,0.1253775528030845
803.038,0.11446340566264707
803.157,0.1060248938719901
803.276,0.09382839948737862
803.394,0.08095939843226219
803.513,0.06308285741264263
803.632,0.05404884681015032
803.751,0.051298937797052316
803.87,0.04783553383723413
803.989,0.04483388155923469
804.108,0.04725188170106103
804.227,0.04661280302810802
804.346,0.03799081473214504
804.465,0.029027121100750945
804.583,0.027809321066428888
804.702,0.03069981029390998
804.821,0.03225903469117046
804.94,0.03397564373695448
805.059,0.04108228739703504
805.178,0.0491696570023647
805.297,0.04960528107980765
805.416,0.05617746459900233
805.535,0.06619209040481819
805.653,0.0679037639279537
805.772,0.06503160956278177
805.891,0.05825431639361475
806.01,0.0481033035619647
806.129,0.05140838503327157
806.248,0.058857926157555376
806.367,0.07944697799314357
806.485,0.10463347311231752
806.604,0.1314108539683823
806.723,0.15644722968537667
806.842,0.17630807802546872
806.961,0.1896767442925661
807.08,0.20512830382676148
807.198,0.21593108708366532
807.317,0.22845385048125824
807.436,0.22861610137013902
807.555,0.226795411035979
807.674,0.22058689304961646
807.793,0.20897626895055146
807.912,0.19749175883996153
808.03,0.1906258381477198
808.149,0.19335128877044436
808.268,0.20904434317618834
808.387,0.2251995919333109
808.506,0.24766054011417682
808.624,0.2712149234078831
808.743,0.29410653744300885
808.862,0.3170417547188308
808.981,0.3247332790472971
809.1,0.32131872256092353
809.219,0.3144923801948522
809.337,0.2974132388934094
809.456,0.2721011349294557
809.575,0.2507032603418362
809.694,0.2327004011567238
809.812,0.22598407312102436
809.931,0.21601360169122075
810.05,0.2152695759927114
810.169,0.225914045944935
810.288,0.23857701053184405
810.406,0.2541318762055358
810.525,0.26685051877671817
810.644,0.26824908924410606
810.763,0.27506653630138744
810.882,0.2749450307162006
811.0,0.27412788573713903
811.119,0.27865649806741905
811.238,0.28470451563118604
811.357,0.28603734582798573
811.475,0.2837940394686177
811.594,0.28325058867730984
811.713,0.2839729735043641
811.832,0.291098997341956
811.95,0.29890456091531936
812.069,0.3038967092351529
812.188,0.30895526864466216
812.307,0.3116961481064018
812.425,0.30904833783719143
812.544,0.3038145199851586
812.663,0.2968795049268905
812.782,0.2943142054054591
812.9,0.2886463676037285
813.019,0.28955456931805723
813.138,0.2927609972266141
813.257,0.30126354183202764
813.375,0.31427667398268055
813.494,0.3266907646880777
813.613,0.34208664623800017
813.731,0.3539157826989818
813.85,0.36015565452181136
813.969,0.3663049657678106
814.088,0.37112806767756085
814.206,0.36946703228625766
814.325,0.37492338741473286
814.444,0.3740431854414338
814.562,0.3772549799026914
814.681,0.38201167072276626
814.8,0.39259710859527797
814.918,0.3948892100873918
815.037,0.40433760960636667
815.156,0.40513311371397265
815.274,0.4027871720341969
815.393,0.3938504328184341
815.512,0.39115633603217703
815.631,0.38629146867834196
815.749,0.3859452386987978
815.868,0.38126417577497396
815.987,0.38591621881737803
816.105,0.3834166595665345
816.224,0.3807004257503859
816.343,0.3774797359803379
816.461,0.3753518105040427
816.58,0.37170716307061097
816.698,0.3677170438070485
816.817,0.36525169632967414
816.936,0.35719373011870953
817.055,0.3390338992670906
817.173,0.3200684146912254
817.292,0.2997633043973584
817.41,0.29154031669083613
817.529,0.28936207978296846
817.648,0.29121680722994603
817.766,0.2964088596378942
817.885,0.30313172120381926
818.004,0.30756641886183084
818.122,0.3107057648616245
818.241,0.316293600531276
818.359,0.32760821875204416
818.478,0.3365467957644188
818.597,0.349674637979057
818.715,0.3619894474594848
818.834,0.3796237794126023
818.953,0.3737222048824761
819.071,0.3823514561325787
819.19,0.4081276599051058
819.308,0.48477220636119
819.427,0.6080964282254213
819.546,0.7579823151582763
819.664,0.8857232435552801
819.783,0.9634061398741214
819.901,0.9338789656841271
820.02,0.8376896453588962
820.138,0.702632065738799
820.257,0.5749879971161831
820.376,0.4691096794856484
820.494,0.39944898920453153
820.613,0.35120255526863053
820.731,0.3296974152416979
820.85,0.2987698846951755
820.969,0.2812594067203862
821.087,0.27997403001815857
821.206,0.2797029317764309
821.324,0.286510316547399
821.443,0.3034645108378929
821.561,0.32652651292127854
821.68,0.3472245485398481
821.798,0.3531551727632808
821.917,0.355733714005815
822.035,0.34583904513291475
822.154,0.3273310591748162
822.273,0.29879566949479025
822.391,0.28320977148241766
822.51,0.2673273714333116
822.628,0.2509485652593575
822.747,0.24497147985822942
822.865,0.25097186926677545
822.984,0.2583098719360602
823.102,0.2620972291745074
823.221,0.2607085463327839
823.339,0.2675367264954682
823.458,0.2664713784539835
823.576,0.2559092445888888
823.695,0.2555945431064646
823.813,0.253500158584552
823.932,0.2506517734081407
824.05,0.23975557163740518
824.169,0.23937512988439325
824.287,0.2404342658934403
824.406,0.24126867750813058
824.524,0.23528957964973993
824.643,0.23024426196133324
824.761,0.22150541437642302
824.88,0.22096531768055422
824.998,0.2204983402652372
825.117,0.23039082202022526
825.235,0.23489125994882515
825.354,0.24382983696120003
825.472,0.24374187233039502
825.591,0.24092635728927714
825.709,0.23537457118970706
825.828,0.23494113472877112
825.946,0.2357259057309754
826.064,0.23631479755959128
826.183,0.2315914730332474
826.301,0.23451011955321044
826.42,0.22876513755640276
826.538,0.23357213980805086
826.657,0.2337585401840879
826.775,0.2284215328669208
826.894,0.21966191903939003
827.012,0.2647769569554625
827.13,0.31406376461006624
827.249,0.33878090237241343
827.367,0.33714935802210294
827.486,0.31619461986390784
827.604,0.2764271812235163
827.723,0.21814555659492457
827.841,0.17253623782780297
827.959,0.1912531696885476
828.078,0.21082285843312903
828.196,0.22160954203193134
828.315,0.23097945571765438
828.433,0.23698722413616463
828.552,0.2524045718968928
828.67,0.2672248906696283
828.788,0.27640563337263924
828.907,0.27508201998241644
829.025,0.26514576032608284
829.143,0.23982977970878439
829.262,0.2072852563257915
829.38,0.165480488402786
829.499,0.13993640574611002
829.617,0.11734932988956437
829.735,0.09834861646372162
829.854,0.08558277189874886
829.972,0.08025427293355902
830.091,0.08100171662918262
830.209,0.08327905112388208
830.327,0.08573060699378521
830.446,0.10384537568901137
830.564,0.11803990735089248
830.682,0.13691238764688884
830.801,0.15981772209468903
830.919,0.1839505257752264
831.037,0.20379605314006216
831.156,0.20940197719777304
831.274,0.21247958411419807
831.392,0.207138411480838
831.511,0.1914907743850957
831.629,0.17835535477253628
831.747,0.1663462404081113
831.866,0.15979491014066244
831.984,0.15393653599073776
832.102,0.1602890816929834
832.221,0.16389735716495352
832.339,0.15882721232873975
832.457,0.16677977602561905
832.576,0.16921999318668274
832.694,0.16842116180737354
832.812,0.16374745328515897
832.93,0.16335635140327642
833.049,0.1660342130758264
833.167,0.15951184161872756
833.285,0.14576280940586417
833.404,0.14943914856950072
833.522,0.1488626461287474
833.64,0.1478447479687342
833.759,0.15106682750541864
833.877,0.163246357559659
833.995,0.1716915891642493
834.113,0.17944739350291747
834.232,0.18730121070367772
834.35,0.2074075385400414
834.468,0.2233185638023527
834.586,0.24518713338192621
834.705,0.26542158766402757
834.823,0.28181962758395995
834.941,0.2881345857976919
835.059,0.2787510357226534
835.178,0.2709613517998293
835.296,0.25709471776214443
835.414,0.23969420877081277
835.532,0.23350107427655337
835.651,0.23031857584758775
835.769,0.22999242509376056
835.887,0.2362517053232196
836.005,0.24922253052443955
836.124,0.26415013500428297
836.242,0.2791575669555546
836.36,0.30037611283921334
836.478,0.3204173712240773
836.596,0.34209140326823845
836.715,0.35214483625734583
836.833,0.361238997951139
836.951,0.38264268990298445
837.069,0.39011145694744465
837.188,0.40267509496247184
837.306,0.41263729655566106
837.424,0.42397266482123336
837.542,0.4281510642408571
837.66,0.42948854482435805
837.779,0.4300586083716077
837.897,0.4370141988140289
838.015,0.4385415211993299
838.133,0.43391542009378004
838.251,0.42676435594238227
838.369,0.42415540783334266
838.487,0.41825743373764196
838.606,0.4152205030506929
838.724,0.41390019840899495
838.842,0.40951961708951873
838.96,0.4124892005132294
839.078,0.4095622841566525
839.196,0.40857940151603406
839.315,0.40979613466376197
839.433,0.4076191940471583
839.551,0.40408854051171267
839.669,0.3986031201549066
839.787,0.39620011350577095
839.905,0.39654008610596353
840.023,0.3961938107795083
840.142,0.39252228523566013
840.26,0.387560774586295
840.378,0.38640213734471723
840.496,0.387442445072398
840.614,0.3823514663391197
840.732,0.38303422749309224
840.85,0.3743396086210531
840.968,0.36256056358408073
841.087,0.3538947899328098
841.205,0.3398041023198567
841.323,0.3403895947061224
841.441,0.33215515772819904
841.559,0.3268119510179708
841.677,0.3253199166898395
841.795,0.3276294141313204
841.913,0.3377076674266707
842.031,0.3565139478712043
842.149,0.36810422739007764
842.267,0.38683269282044597
842.385,0.3987590527022231
842.504,0.4025879553771913
842.622,0.41123669319679723
842.74,0.42165303931231435
842.858,0.43143747384728176
842.976,0.43567557616570535
843.094,0.444105626962743
843.212,0.45133826568835717
843.33,0.4560553328353502
843.448,0.4574518454985639
843.566,0.4687093987499719
843.684,0.4699234486213497
843.802,0.4741588676634233
843.92,0.4667938122230721
844.038,0.47191873737534606
844.156,0.46898175873245546
844.274,0.47037357566205573
844.392,0.4803666349332771
844.51,0.48804738080942994
844.628,0.48941638989005076
844.746,0.5025019251552567
844.864,0.4999526799450176
844.982,0.5045952861732839
845.1,0.49723626810472127
845.218,0.4913523812098619
845.336,0.4675187171681383
845.454,0.44754830025208875
845.572,0.4193583370552808
845.69,0.3882664104853757
845.808,0.35429398675317775
845.926,0.33305102602788983
846.044,0.3169324523130249
846.162,0.30398349878722253
846.28,0.2837789660095893
846.398,0.2819515221376421
846.516,0.2732924566772478
846.634,0.25283435428448964
846.752,0.23745703566145832
846.87,0.2236058304627904
846.988,0.20791121441130891
847.106,0.1837320785394544
847.224,0.1633658783617016
847.342,0.1521563587301294
847.46,0.1429619796378045
847.578,0.13190610251420162
847.696,0.12615102119646798
847.814,0.12879100278646724
847.932,0.12387431842805885
848.05,0.12088272993594881
848.168,0.12195350615250208
848.285,0.13245287340700274
848.403,0.1371424841511669
848.521,0.14456818680685768
848.639,0.14583361038694634
848.757,0.16424690578719442
848.875,0.1700495525249761
848.993,0.184723110877607
849.111,0.19230409901670187
849.229,0.2024892068539853
849.347,0.20641892669909764
849.465,0.20963221175861863
849.582,0.2091673957606519
849.7,0.21939006946684264
849.818,0.21912784083334086
849.936,0.22655655303954325
850.054,0.23117989982126752
850.172,0.23634929334032456
850.29,0.24063723057823289
850.408,0.24130811129562804
850.525,0.24711478294793607
850.643,0.25088954358380605
850.761,0.2508500268873991
850.879,0.25439335493803616
850.997,0.25953256159815036
851.115,0.26218571271949953
851.233,0.2594508449289863
851.35,0.25967831422945714
851.468,0.25784569811180935
851.586,0.26048476203231835
851.704,0.27003795828905325
851.822,0.2772862201606836
851.94,0.2877222143367425
852.057,0.30840497007638445
852.175,0.3282887802826563
852.293,0.3598133141166109
852.411,0.39149079470254555
852.529,0.43212371010837125
852.647,0.4780205428948473
852.764,0.5127542752440348
852.882,0.5517591127241772
853.0,0.5839034833951045
853.118,0.6083515466736269
853.236,0.6350824073073615
853.353,0.660195923120815
853.471,0.674476381488095
853.589,0.6779170742183254
853.707,0.6649173327488641
853.824,0.6536301924101282
853.942,0.6285637571923379
854.06,0.6054346474996295
854.178,0.5879263309421919
854.296,0.5764909395850892
854.413,0.561420379592107
854.531,0.5400313746127163
854.649,0.5061725136133293
854.767,0.4740839441862036
854.884,0.43410050491673374
855.002,0.39162027700309654
855.12,0.34961498900350296
855.238,0.31099867903462775
855.355,0.2772471490892616
855.473,0.24589245574400564
855.591,0.21154859254426023
855.708,0.18235997403296872
855.826,0.15311031098470262
855.944,0.12665017019712183
856.062,0.10179432462779547
856.179,0.08775329381326252
856.297,0.07074014942404543
856.415,0.06057442355941985
856.532,0.05367064825380012
856.65,0.04348117287734056
856.768,0.0374194346962729
856.886,0.028454288302523358
857.003,0.0212172224517536
857.121,0.01757700836834073
857.239,0.008947975827758897
857.356,0.010211560214211747
857.474,0.01190637324204672
857.592,0.015124707929088885
857.709,0.019908412584131834
857.827,0.02340481948405114
857.945,0.02413667241674387
858.062,0.023020302276997067
858.18,0.024765848385770964
858.298,0.026665496972197618
858.415,0.025276340498736442
858.533,0.027349513418740364
858.651,0.03245622782152677
858.768,0.03551462368187204
858.886,0.04136016681379573
859.003,0.04378074228018948
859.121,0.046504439042261994
859.239,0.04636961936319835
859.356,0.0426241762144523
859.474,0.04277559933876636
859.592,0.046464439108117
859.709,0.04447451231111332
859.827,0.050906467998149234
859.944,0.05167403677328458
860.062,0.055387297020249845
860.18,0.05702278666404795
860.297,0.05565033963251123
860.415,0.05472131335498172
860.532,0.05304943749883971
860.65,0.05056529632183497
860.768,0.0552947953162012
860.885,0.06278897022209526
861.003,0.07577161848185021
861.12,0.08703285294159438
861.238,0.09659576302154378
861.356,0.10162198370568433
861.473,0.11349306171559079
861.591,0.1192492120317861
861.708,0.1250228036442599
861.826,0.12928705230956106
861.943,0.13310990201520018
862.061,0.1275271972931472
862.178,0.11719308097339493
862.296,0.10856418677440371
862.414,0.10486648368859719
862.531,0.1009601558665369
862.649,0.100636001972433
862.766,0.09978995082815104
862.884,0.10346454951542292
863.001,0.10263459802924399
863.119,0.09905227582650988
863.236,0.0983799668259246
863.354,0.09816918135763034
863.471,0.09903573134407356
863.589,0.09846538684480861
863.706,0.09728660943306111
863.824,0.10139187397459307
863.941,0.10100197980990115
864.059,0.10810513485406163
864.176,0.11951427762173367
864.294,0.12979644432218346
864.411,0.14072460980402324
864.529,0.14157036439874993
864.646,0.13987170219408745
864.764,0.13677304055353637
864.881,0.12985540584709487
864.999,0.13196095868839494
865.116,0.1386522308127494
865.233,0.14406693421333977
865.351,0.15346496135629056
865.468,0.16616744332491798
865.586,0.18113595217156722
865.703,0.199804699105596
865.821,0.21545006441166625
865.938,0.23268996668903844
866.056,0.2357702196646687
866.173,0.23282115068066023
866.29,0.22517970217866395
866.408,0.2267828115233279
866.525,0.22708721511433563
866.643,0.2290103051638001
866.76,0.23138552727832862
866.878,0.2364420132861233
866.995,0.22432150573600607
867.112,0.22076333302042717
867.23,0.22291383074059878
867.347,0.219096051038106
867.465,0.21939710053367534
867.582,0.21783260214653938
867.699,0.2185421804664768
867.817,0.21897269804595945
867.934,0.21563656644838697
868.051,0.22411691307945708
868.169,0.23725609827413338
868.286,0.2365536024146053
868.404,0.2382546513460636
868.521,0.24591928196657276
868.638,0.25632085446462155
868.756,0.26380436393147005
868.873,0.2673857187655615
868.99,0.2860705653576937
869.108,0.2978801871206827
869.225,0.31504764093659066
869.342,0.33171868862765075
869.46,0.3665186221619729
869.577,0.3963766314777081
869.694,0.4205863440755795
869.812,0.4384366917226969
869.929,0.46082580131673423
870.046,0.4767482149059965
870.164,0.49270618190690324
870.281,0.5052543754853752
870.398,0.5219200566237343
870.516,0.5270845445046379
870.633,0.5294195174739087
870.75,0.5241105069396096
870.867,0.5184486455652161
870.985,0.519674083763543
871.102,0.5092909976503934
871.219,0.5035560169954479
871.337,0.49617417548036546
871.454,0.4892115958950531
871.571,0.4691660316436485
871.688,0.4431602397986314
871.806,0.42577849814421465
871.923,0.4099282364668624
872.04,0.3808313102660357
872.157,0.359620533259414
872.275,0.34460812462251444
872.392,0.3290000286357973
872.509,0.3078221217644693
872.626,0.29411982280571536
872.744,0.28714516847682525
872.861,0.2736306988626082
872.978,0.2491443122510777
873.095,0.23037531672343708
873.213,0.21328538137214015
873.33,0.19241940537656121
873.447,0.17566890448360628
873.564,0.16110326135906958
873.681,0.14732650148158838
873.799,0.13688773738416526
873.916,0.12179013472313605
874.033,0.11618931788571679
874.15,0.10695739724679135
874.267,0.09530826521553272
874.385,0.0858122924874162
874.502,0.07267834166382588
874.619,0.061088103272949404
874.736,0.05526656896582817
874.853,0.05292206604785414
874.97,0.0496507668915078
875.088,0.04538425808606291
875.205,0.04303733024325257
875.322,0.04583470695383855
875.439,0.040007251703642124
875.556,0.04246134178625659
875.673,0.048745120073164165
875.791,0.0577055893223167
875.908,0.05294939383689859
876.025,0.05420563933864505
876.142,0.04971373347573026
876.259,0.04548020259611574
876.376,0.03866042787748124
876.493,0.038827535478514655
876.61,0.04047289643530749
876.728,0.04349594198967505
876.845,0.04060980828652082
876.962,0.04069532408807086
877.079,0.03929562493658548
877.196,0.042008014834658436
877.313,0.04532814420057406
877.43,0.047990102594516276
877.547,0.047457457507547374
877.664,0.047018026678421226
877.781,0.04625698955392386
877.898,0.04874215112871402
878.016,0.047638366343382324
878.133,0.05101648264573226
878.25,0.05235533177228401
878.367,0.04592012322303793
878.484,0.037622275455554535
878.601,0.03624773203644498
878.718,0.040073016521289154
878.835,0.04230235744409565
878.952,0.043199068272549324
879.069,0.05086337212927843
879.186,0.053317947019538486
879.303,0.049149812676510043
879.42,0.04902732711715445
879.537,0.04851675458613809
879.654,0.04512239483017319
879.771,0.03088465246887681
879.888,0.023601519402873493
880.005,0.02023007981868568
880.122,0.018916336811543005
880.239,0.019660290381445476
880.356,0.022461940528393093
