wavelength_nm,intensity
792.446,0.18991796880791223
792.565,0.22990880688757498
792.684,0.2563617004829921
792.803,0.26927664959416364
792.922,0.2686536542210892
793.041,0.24171912326707334
793.16,0.21333385104078795
793.279,0.18507827843603136
793.398,0.16716224307562716
793.518,0.15437517196208667
793.637,0.14996028428319086
793.756,0.15952963894352068
793.875,0.1800185358972869
793.994,0.20232104160377995
794.113,0.23271520066464468
794.232,0.2487695364014182
794.351,0.26051755324360937
794.47,0.2485647858752968
794.589,0.22755927638409248
794.708,0.1999252418532917
794.827,0.18346942020942597
794.946,0.1738089843542023
795.066,0.17171921741855734
795.185,0.169603947748342
795.304,0.1789503356435716
795.423,0.17747190568805427
795.542,0.17851970375411344
795.661,0.17986187624206962
795.78,0.18571074625337447
795.899,0.18803076644971123
796.018,0.1858623053616779
796.137,0.17853427674529643
796.256,0.17209228599284265
796.375,0.17139861161253087
796.494,0.16713163979414275
796.613,0.16334703398391265
796.732,0.15636802850636455
796.851,0.14739325188630203
796.97,0.13847530993185322
797.089,0.12595929645431686
797.208,0.12072759261961281
797.327,0.1320610078626471
797.446,0.14221182487117937
797.565,0.1484286629098555
797.684,0.15528671256058446
797.803,0.16889788632552466
797.922,0.18468407902453057
798.041,0.18503674541115966
798.16,0.18270142357408076
798.279,0.1730249574285558
798.398,0.16269707857714988
798.517,0.1473539048101078
798.636,0.13398901459616058
798.755,0.13081793171473552
798.874,0.12732259977948834
798.993,0.12486777941470867
799.112,0.1305636330185918
799.231,0.13035159599687884
799.35,0.13362468981658512
799.469,0.13708067467563823
799.588,0.1436793250833095
799.707,0.14515921233794515
799.826,0.14887241049137856
799.945,0.14445533686380535
800.064,0.14799365912304246
800.183,0.15024591491037814
800.302,0.14519564481590272
800.421,0.145404767239379
800.54,0.1524427933312183
800.659,0.15970597213683513
800.778,0.16834192671189252
800.897,0.1733696086700343
801.016,0.18375869408440892
801.135,0.1931947058754141
801.254,0.19100292800148805
801.373,0.1907296844168064
801.492,0.19124411100556696
801.611,0.196311868689462
801.729,0.208068629326363
801.848,0.2204330836955959
801.967,0.23377319982453199
802.086,0.25253592597266966
802.205,0.26341102064299804
802.324,0.26627097016266565
802.443,0.254713859504972
802.562,0.23507893983453054
802.681,0.2101401800230292
802.8,0.17729484384518063
802.919,0.1533514193314795
803.038,0.13271676008593178
803.157,0.11909197406923694
803.276,0.11209886605920373
803.394,0.09980959388361621
803.513,0.08921996526395982
803.632,0.07519723749321855
803.751,0.06535937629440103
803.87,0.05569872547338358
803.989,0.04948249793261357
804.108,0.048373895761586724
804.227,0.05365810361828599
804.346,0.053838480363625416
804.465,0.05925319138201067
804.583,0.06176034293042797
804.702,0.06751370544403565
804.821,0.0717760310538921
804.94,0.07779029862819492
805.059,0.07857888026584925
805.178,0.08412508035729037
805.297,0.07961942522343579
805.416,0.08189225215996287
805.535,0.08340360656333204
805.653,0.07735741204473259
805.772,0.07730790054718148
805.891,0.07282520512909307
806.01,0.07450303502742012
806.129,0.081805082643893
806.248,0.08983972120101591
806.367,0.1114346144268158
806.485,0.1338901335979959
806.604,0.1546790774533419
806.723,0.18286886205045516
806.842,0.20894540000689493
806.961,0.23854422993227048
807.08,0.25849501104492784
807.198,0.2743238216014681
807.317,0.2824559068646965
807.436,0.2738786004374748
807.555,0.2577269818428786
807.674,0.2446910687632118
807.793,0.22943787507504856
807.912,0.22476467298575759
808.03,0.2268700977452482
808.149,0.2348753979851843
808.268,0.25609330068120506
808.387,0.2761868971074559
808.506,0.3002079146575304
808.624,0.33049240381806655
808.743,0.35385472216666847
808.862,0.3721004633109121
808.981,0.3787023844999231
809.1,0.3769853136721073
809.219,0.366886586965378
809.337,0.3475624281902383
809.456,0.31913670777174363
809.575,0.2930761838222532
809.694,0.2711223287881377
809.812,0.24981624321210755
809.931,0.2331990175492139
810.05,0.2347448394472767
810.169,0.24517581406962652
810.288,0.26509744919991796
810.406,0.279539639645394
810.525,0.2959805158316212
810.644,0.303480861927066
810.763,0.30887905404436045
810.882,0.31115061090333807
811.0,0.31387903103590353
811.119,0.3221459164675755
811.238,0.3329849348430505
811.357,0.33625911349542004
811.475,0.3359869547434018
811.594,0.33130209426116514
811.713,0.3270566094630966
811.832,0.3330136757922602
811.95,0.34039598065912313
812.069,0.34748318245452986
812.188,0.36195961942928656
812.307,0.3689193075518419
812.425,0.3651598320097271
812.544,0.3624255663973378
812.663,0.35042870758902145
812.782,0.3456294491259986
812.9,0.34435539723014835
813.019,0.3347069759509761
813.138,0.334335720858914
813.257,0.33692715487435976
813.375,0.3468903364797361
813.494,0.36502823748922714
813.613,0.3825314847326978
813.731,0.39628655864389584
813.85,0.4113969207351148
813.969,0.4212165583773386
814.088,0.42705412617880223
814.206,0.42975121438032504
814.325,0.43866805521876073
814.444,0.4475266040924646
814.562,0.4523564495536226
814.681,0.4613170093656076
814.8,0.47378237355710884
814.918,0.47300598931015936
815.037,0.47506696644654384
815.156,0.4725097626770293
815.274,0.4658597343337639
815.393,0.457281699256985
815.512,0.44816082025863846
815.631,0.44390659166586127
815.749,0.4401412869272745
815.868,0.42757025226634815
815.987,0.4356695482994168
816.105,0.4399310471044372
816.224,0.44173189634820487
816.343,0.44424245026258546
816.461,0.4491225725433251
816.58,0.4408214242990235
816.698,0.4257686092396291
816.817,0.41321141892032665
816.936,0.403057314847104
817.055,0.39094022886152857
817.173,0.37973104022665527
817.292,0.3684803185669102
817.41,0.3613078484897331
817.529,0.34649403048573957
817.648,0.33213343250753796
817.766,0.3309111147303876
817.885,0.3265818352330174
818.004,0.3267825700448889
818.122,0.3306484121392897
818.241,0.33923226012919294
818.359,0.34874149305921764
818.478,0.34991133178475925
818.597,0.36339826265818886
818.715,0.37686624864308055
818.834,0.3878465080012815
818.953,0.37935612186793866
819.071,0.3944494166501004
819.19,0.41160495854208046
819.308,0.5050946608206421
819.427,0.6030695526509233
819.546,0.7341515376965785
819.664,0.83809796380984
819.783,0.8966490369015545
819.901,0.8703179688475491
820.02,0.7975543890103447
820.138,0.6791120849389861
820.257,0.5911794577789408
820.376,0.48712175437882166
820.494,0.42379210915586946
820.613,0.37499369700903706
820.731,0.35214485231649545
820.85,0.3312774137750739
820.969,0.32542379939995814
821.087,0.3208110752240766
821.206,0.3165881785623409
821.324,0.32519242873989884
821.443,0.3433878930645611
821.561,0.36778489378715706
821.68,0.396313337510139
821.798,0.4049343466275569
821.917,0.4063293380668745
822.035,0.3817610884145245
822.154,0.35679936800023304
822.273,0.3361862281549547
822.391,0.3168598834311368
822.51,0.3031754722438248
822.628,0.2931576256381605
822.747,0.28994828051320276
822.865,0.29496174566326366
822.984,0.29965096175950234
823.102,0.3052495325055613
823.221,0.30767046252416264
823.339,0.29873393186427777
823.458,0.2901544394883767
823.576,0.27762566650187726
823.695,0.2809719814606002
823.813,0.2844115635628943
823.932,0.2914681620768138
824.05,0.29690497262074045
824.169,0.30254216179343363
824.287,0.3039633846168793
824.406,0.2987903289300085
824.524,0.28868504437724474
824.643,0.285504116585093
824.761,0.2713664853719879
824.88,0.26366720166354096
824.998,0.2633950429115201
825.117,0.2676944314936127
825.235,0.26925336908373865
825.354,0.273758236841512
825.472,0.27800443400578684
825.591,0.2814964788763405
825.709,0.27939613838041033
825.828,0.27989197626373524
825.946,0.281781720753716
826.064,0.27298946270654334
826.183,0.2668254436192283
826.301,0.2645385688361554
826.42,0.25935385475633893
826.538,0.26007484535344105
826.657,0.26479976527807764
826.775,0.26842515301795533
826.894,0.27221521555820116
827.012,0.2668578115328656
827.13,0.2681143595559434
827.249,0.2637960098019571
827.367,0.25764073450935104
827.486,0.25323276085958896
827.604,0.24791688985912477
827.723,0.2434943432181798
827.841,0.2418362930046536
827.959,0.23485764371020718
828.078,0.23963502640310252
828.196,0.24962589669172328
828.315,0.2562591498117762
828.433,0.2673320646957364
828.552,0.28289710411186236
828.67,0.3010357337709097
828.788,0.3060324399811101
828.907,0.29989028038056964
829.025,0.291556342906103
829.143,0.270933730616555
829.262,0.23979872988309933
829.38,0.2034895872729598
829.499,0.172104404477442
829.617,0.14794928781033936
829.735,0.12480327886092042
829.854,0.11471060017257553
829.972,0.11248239547845555
830.091,0.11197185751253828
830.209,0.12010810877455363
830.327,0.12331342577699946
830.446,0.13546759625592142
830.564,0.1589055283689953
830.682,0.18193816529232767
830.801,0.2111858327382971
830.919,0.2395498208493707
831.037,0.263576445860096
831.156,0.28603355972041
831.274,0.2920953298502679
831.392,0.2832073969750252
831.511,0.27537600596055156
831.629,0.2579155110218977
831.747,0.23807816122129333
831.866,0.22012291323197597
831.984,0.210181353094201
832.102,0.21062669242212312
832.221,0.2046825037658502
832.339,0.19588273748726465
832.457,0.20493415675831889
832.576,0.2046493892279717
832.694,0.2004772762995542
832.812,0.19699665180277107
832.93,0.19983779088118186
833.049,0.19698954291133508
833.167,0.18330071430537503
833.285,0.1751020374547831
833.404,0.173250616682447
833.522,0.17342064596654982
833.64,0.17594309258734492
833.759,0.18128952715953783
833.877,0.19419117959016763
833.995,0.2025620219306049
834.113,0.2091505512108361
834.232,0.22483772753618542
834.35,0.2354877494591242
834.468,0.26174034439216276
834.586,0.28439851104990965
834.705,0.3098364757758174
834.823,0.32503618554609487
834.941,0.3286605684196998
835.059,0.3218368452646388
835.178,0.3073899904217402
835.296,0.28708697907194536
835.414,0.2750541402185141
835.532,0.27269266696369376
835.651,0.2718701015778003
835.769,0.27365974486146294
835.887,0.28105707515235145
836.005,0.2932766082257012
836.124,0.30526807398703637
836.242,0.3189660370159033
836.36,0.3346758014775858
836.478,0.3547305032604855
836.596,0.3752049071894561
836.715,0.3935713279438029
836.833,0.40928546430284024
836.951,0.4282246036106798
837.069,0.44230802225633736
837.188,0.4469670875039361
837.306,0.45874287299576244
837.424,0.4689688208752746
837.542,0.47827229841290164
837.66,0.47672691266432987
837.779,0.4745949640206416
837.897,0.4748398702389038
838.015,0.47139562373918453
838.133,0.46657933011958386
838.251,0.47441385014596227
838.369,0.4814920319299419
838.487,0.4855273731549068
838.606,0.49028553474254954
838.724,0.4908969516890641
838.842,0.4868020211330225
838.96,0.47809109561975943
839.078,0.4651773194493136
839.196,0.45818017769917363
839.315,0.4522089745283181
839.433,0.45493128924769277
839.551,0.4528233860394556
839.669,0.4521574803087781
839.787,0.44646899316687294
839.905,0.4508642872740581
840.023,0.44739016614241267
840.142,0.4422459802211931
840.26,0.4432115208534545
840.378,0.4520865524502998
840.496,0.4490860535321023
840.614,0.4476077035429712
840.732,0.4349773720510344
840.85,0.4332235925285445
840.968,0.42178678901449734
841.087,0.4049732804034753
841.205,0.39382939401220723
841.323,0.3888280234045819
841.441,0.3833012964648086
841.559,0.38007345888415667
841.677,0.3778154538667346
841.795,0.383643273007211
841.913,0.3943501295957623
842.031,0.405569955473956
842.149,0.41206667490973314
842.267,0.4237870830350636
842.385,0.4366587574638525
842.504,0.44530134985132924
842.622,0.46098561157844103
842.74,0.4706286398106322
842.858,0.48535035547010574
842.976,0.4979458717159767
843.094,0.4994047080997844
843.212,0.5075962664101471
843.33,0.5164567250158103
843.448,0.5231108327563643
843.566,0.5228894032567698
843.684,0.5196812392142155
843.802,0.5241741723623279
843.92,0.52060022624108
844.038,0.5211293057874115
844.156,0.5243514741043648
844.274,0.5316249339701977
844.392,0.5434852428108858
844.51,0.555286531037283
844.628,0.5721854515795004
844.746,0.5829090671079133
844.864,0.5798072859009955
844.982,0.5831576965403593
845.1,0.5646508063538714
845.218,0.544709205185415
845.336,0.5157556662693794
845.454,0.4908505043039865
845.572,0.46297172348769855
845.69,0.43379376050744434
845.808,0.4055790722443876
845.926,0.39216325652768713
846.044,0.3720853978916693
846.162,0.3588750613506494
846.28,0.3319282233205153
846.398,0.31363992800177204
846.516,0.2954696739116113
846.634,0.27923908494791017
846.752,0.26041596085274976
846.87,0.24767196002958575
846.988,0.23878105807521216
847.106,0.22161779767579748
847.224,0.2041776504439055
847.342,0.1943832230361846
847.46,0.1787571362419017
847.578,0.16497277440989763
847.696,0.15096439878385226
847.814,0.14929756065764793
847.932,0.1497883900749631
848.05,0.14475468619585843
848.168,0.14457967845688602
848.285,0.15118699666931615
848.403,0.15256341228299958
848.521,0.15989762367038157
848.639,0.16252878141253935
848.757,0.17876934336508113
848.875,0.19203894079856232
848.993,0.20146709775619948
849.111,0.21151023494176008
849.229,0.22917723246471738
849.347,0.23331175037512275
849.465,0.23582356571729882
849.582,0.2319465817248389
849.7,0.237818928833819
849.818,0.2455507896177524
849.936,0.25022013630457424
850.054,0.2647131363478695
850.172,0.2784650997895085
850.29,0.2827205735267328
850.408,0.28169260931055345
850.525,0.28191719368655466
850.643,0.2822889652735046
850.761,0.28398979365634597
850.879,0.2857328837136182
850.997,0.29275431117738016
851.115,0.29355962925202495
851.233,0.2974842960893951
851.35,0.30129237899730094
851.468,0.30324094823025344
851.586,0.3037577210794743
851.704,0.30058825580895043
851.822,0.3078545095245868
851.94,0.3172717367388369
852.057,0.3318397876867252
852.175,0.36142384874959665
852.293,0.40713000995824267
852.411,0.4484329418809393
852.529,0.4931488683386993
852.647,0.5314672516671137
852.764,0.5721938217885221
852.882,0.6126996110935077
853.0,0.6522078791520154
853.118,0.6905845544451615
853.236,0.7319625372724506
853.353,0.7543686715281257
853.471,0.7690620502001878
853.589,0.7668551309973021
853.707,0.7517656875886274
853.824,0.7412813093937867
853.942,0.718973134802603
854.06,0.6984450510844253
854.178,0.6727355403511248
854.296,0.6513684166655844
854.413,0.6284106509924174
854.531,0.5959906421441159
854.649,0.5586216454900608
854.767,0.5198368827425754
854.884,0.48206931477966497
855.002,0.4490795019761076
855.12,0.40343814687701207
855.238,0.3687476660023966
855.355,0.33243156796131534
855.473,0.2910670214496567
855.591,0.24989993896852802
855.708,0.21543570378202892
855.826,0.18489656573545915
855.944,0.1525532601388715
856.062,0.12070568284294565
856.179,0.09592425647402003
856.297,0.07915984833142388
856.415,0.0707639793592111
856.532,0.06307493177055384
856.65,0.06313041644602117
856.768,0.061820380069877126
856.886,0.04778727269566688
857.003,0.04291826906194946
857.121,0.037199537520888365
857.239,0.03651323266842346
857.356,0.03793462408092639
857.474,0.03253614251319468
857.592,0.03434497219671462
857.709,0.04136102932265455
857.827,0.03918742398978896
857.945,0.0386492245002839
858.062,0.04152822846651777
858.18,0.039648768997144035
858.298,0.039065615745831395
858.415,0.0391494581318511
858.533,0.041838636444717484
858.651,0.04701467461821107
858.768,0.058931122896891855
858.886,0.06454200400359467
859.003,0.07097246428139059
859.121,0.06962326716650086
859.239,0.07200660706433028
859.356,0.06727297482016881
859.474,0.05972188282742329
859.592,0.05945301659508728
859.709,0.06226615107589214
859.827,0.0628668289441466
859.944,0.06397788165462315
860.062,0.06106815475828894
860.18,0.06058117415613218
860.297,0.059598185508066934
860.415,0.062183446483870336
860.532,0.07054709787686222
860.65,0.07810438635044369
860.768,0.08228728752466379
860.885,0.09010505608802702
861.003,0.09311107006647812
861.12,0.10005831379751251
861.238,0.10693528473607317
861.356,0.1186506500369617
861.473,0.1301149412968837
861.591,0.1405253055636801
861.708,0.14029783586276184
861.826,0.1485605908250709
861.943,0.15361728772711564
862.061,0.1455031393340634
862.178,0.133948158298623
862.296,0.12596064562317555
862.414,0.12088767529829032
862.531,0.10970766109985752
862.649,0.10170323166463688
862.766,0.10528177738291322
862.884,0.10639357910600358
863.001,0.10716553642200133
863.119,0.11552116253625976
863.236,0.12624380406148358
863.354,0.13426552754140855
863.471,0.13351876774557936
863.589,0.1344377008419692
863.706,0.13070347785362074
863.824,0.1230491202370399
863.941,0.12434112190771471
864.059,0.12902207267800075
864.176,0.14103906720981899
864.294,0.14986967721947003
864.411,0.15811955353047777
864.529,0.1579032506137102
864.646,0.15062560481921017
864.764,0.14298582019381204
864.881,0.13810980334627343
864.999,0.13339627535042536
865.116,0.14572586054311876
865.233,0.1612389156597428
865.351,0.1727014078770466
865.468,0.18316929344610938
865.586,0.20261122698567552
865.703,0.2230069627981704
865.821,0.23894919250513455
865.938,0.25050203726777304
866.056,0.2639180389531607
866.173,0.2642074188304435
866.29,0.25840966029057916
866.408,0.2542557351561595
866.525,0.2569350855874577
866.643,0.25418891140131766
866.76,0.2554488524913896
866.878,0.25933703254131907
866.995,0.26300953232173985
867.112,0.260289589519729
867.23,0.26013667911460714
867.347,0.25753696348985633
867.465,0.2527746159735455
867.582,0.24486668831038
867.699,0.24590511993447012
867.817,0.24029243838263015
867.934,0.24605106185090014
868.051,0.2521186327322501
868.169,0.2613288691622181
868.286,0.2692486672229297
868.404,0.26972603868647305
868.521,0.274916315498605
868.638,0.28327767519216185
868.756,0.28940572398692105
868.873,0.3037084921857949
868.99,0.3273627488268125
869.108,0.3515591207398383
869.225,0.3740460807870961
869.342,0.3977105385219418
869.46,0.4229459647063172
869.577,0.4473492730941421
869.694,0.46956226090715925
869.812,0.48706234337158794
869.929,0.5119895507924425
870.046,0.5379871444156896
870.164,0.5561182373983429
870.281,0.5675872874616787
870.398,0.5648505857198071
870.516,0.5682942895386541
870.633,0.5623194691559157
870.75,0.5596272150371524
870.867,0.563502279395017
870.985,0.5716625318102484
871.102,0.5703955162291843
871.219,0.5587904207028862
871.337,0.5405393125475721
871.454,0.5346351711720715
871.571,0.5082443187914819
871.688,0.49067376932441475
871.806,0.47211808565337554
871.923,0.4560711424144931
872.04,0.43173216719247254
872.157,0.4039066038299143
872.275,0.38105553100767975
872.392,0.36984682084155934
872.509,0.34764424612696865
872.626,0.3312511943474886
872.744,0.3173734408461977
872.861,0.30096873067377106
872.978,0.2671369089951306
873.095,0.24334733554070884
873.213,0.2237409392053729
873.33,0.21223348271999998
873.447,0.19553148352743965
873.564,0.1791216728080991
873.681,0.165686938238772
873.799,0.1434493883453422
873.916,0.12254891039295454
874.033,0.11413092803838237
874.15,0.10382667745546137
874.267,0.09483875931483354
874.385,0.08861336623081649
874.502,0.08354918500331818
874.619,0.0747614468030397
874.736,0.069492189637323
874.853,0.0700057646970241
874.97,0.06663226559026444
875.088,0.06303702125173405
875.205,0.05824451491925062
875.322,0.05806116923948704
875.439,0.05527790779563498
875.556,0.046094231743712744
875.673,0.045128961479246485
875.791,0.0504702031834863
875.908,0.053552912281272735
876.025,0.06260578924456382
876.142,0.07051088410880095
876.259,0.07840695528859928
876.376,0.07685351559658231
876.493,0.06057836130093537
876.61,0.056944129394466435
876.728,0.06182216317268582
876.845,0.06138742982110153
876.962,0.06296825950795373
877.079,0.06598182399097828
877.196,0.06669561625591212
877.313,0.06107853240491536
877.43,0.0506903419748173
877.547,0.05217666722717655
877.664,0.055695303486439515
877.781,0.059413427129075366
877.898,0.06534821555900602
878.016,0.06842636182172239
878.133,0.07295051889492025
878.25,0.07508766723726484
878.367,0.07189733781958829
878.484,0.07122600677392263
878.601,0.06750616520432849
878.718,0.06726522535619134
878.835,0.06294214184866023
878.952,0.058537104275316144
879.069,0.06423058714953915
879.186,0.06342227922429665
879.303,0.06033048427077361
879.42,0.06810244787716432
879.537,0.06573372440682737
879.654,0.06538397822495792
879.771,0.05787110138379677
879.888,0.05374590386564487
880.005,0.04681062934719657
880.122,0.03839486948718529
880.239,0.028498624285611063
880.356,0.017121893742473908
