wavelength_nm,intensity
792.446,0.48897997562774864
792.565,0.47745212307630214
792.684,0.4650613735383726
792.803,0.45180772701395994
792.922,0.43769118350306385
793.041,0.4039056645649812
793.16,0.3801083192416793
793.279,0.37283855312679925
793.398,0.36923750916686837
793.518,0.36885963924468285
793.637,0.3924088311862508
793.756,0.4098021273059481
793.875,0.42588979824675144
793.994,0.4290170948415546
794.113,0.42347594262443333
794.232,0.4137669415641031
794.351,0.3922452755482907
794.47,0.36180418741402776
794.589,0.35619817692668027
794.708,0.3610597272688264
794.827,0.3522249028941486
794.946,0.3427978943130611
795.066,0.3497349093024348
795.185,0.34123001612847137
795.304,0.33540687143210723
795.423,0.33309171317752384
795.542,0.32817376433952883
795.661,0.30808687584263694
795.78,0.27633903448774055
795.899,0.27361168412611475
796.018,0.2507677859195343
796.137,0.22403777047183293
796.256,0.23216647705072763
796.375,0.2587157657820422
796.494,0.25456582068118305
796.613,0.2405139951457771
796.732,0.23140762132107473
796.851,0.2229879321833072
796.97,0.22009833343877233
797.089,0.22181924365059108
797.208,0.24800655550560036
797.327,0.2800021636912191
797.446,0.255533315990432
797.565,0.253590570810168
797.684,0.21835693587870567
797.803,0.1947313800195196
797.922,0.20828761207816607
798.041,0.22536368533504675
798.16,0.2266230589769766
798.279,0.2513255717719267
798.398,0.23718267509627378
798.517,0.2563546658269022
798.636,0.22989526497094975
798.755,0.23637585730167865
798.874,0.2407764542438222
798.993,0.25314973765992266
799.112,0.2342043379502491
799.231,0.2387161673072789
799.35,0.22358080458628335
799.469,0.25766333524717067
799.588,0.25600642667642043
799.707,0.24988137040643427
799.826,0.24363296260590248
799.945,0.22103337134463535
800.064,0.2139216180730393
800.183,0.2240105498075759
800.302,0.22843927104705256
800.421,0.27455363597092797
800.54,0.269695237807005
800.659,0.26272917042329236
800.778,0.271667007148337
800.897,0.2538552358146294
801.016,0.25666142228528865
801.135,0.27942792005855077
801.254,0.2871491906106207
801.373,0.31439731169582197
801.492,0.3007539863852765
801.611,0.31365743307064975
801.729,0.35572454195931547
801.848,0.3822425855425319
801.967,0.37763711919171783
802.086,0.3809161625605329
802.205,0.3569067937130195
802.324,0.3143848754913976
802.443,0.22422951990661588
802.562,0.19084296038521903
802.681,0.18800848463995185
802.8,0.19111106833713495
802.919,0.19008062708043985
803.038,0.20765709205007354
803.157,0.20277173030632525
803.276,0.17959087017658537
803.394,0.14773472249158612
803.513,0.13536508814362147
803.632,0.1062583164405379
803.751,0.10022496780386134
803.87,0.11287672294774834
803.989,0.10877383365854501
804.108,0.1018204077267933
804.227,0.1126233852252734
804.346,0.1322401039126356
804.465,0.12456077438325873
804.583,0.12106791774638923
804.702,0.13162491505417792
804.821,0.14731692780323583
804.94,0.14260777720877793
805.059,0.1397789092570636
805.178,0.15733649623041351
805.297,0.16182893379281024
805.416,0.1608864275519552
805.535,0.17291389361189813
805.653,0.1741937491812386
805.772,0.18800680941207099
805.891,0.18129956076246884
806.01,0.162066848220433
806.129,0.19774655232539745
806.248,0.20103997967067452
806.367,0.22030783598869116
806.485,0.21766913315047665
806.604,0.22474349314633182
806.723,0.24565046651342004
806.842,0.25671049908182453
806.961,0.2769195837088553
807.08,0.3263150239378042
807.198,0.33664429830012776
807.317,0.331506927203767
807.436,0.3097733356622898
807.555,0.3011044556841328
807.674,0.2730943914263395
807.793,0.24488365926053113
807.912,0.2243756990088967
808.03,0.2401274034217647
808.149,0.2668720844847807
808.268,0.29882341839807974
808.387,0.34860951400474716
808.506,0.379529859502317
808.624,0.3857257842915055
808.743,0.38568967528942755
808.862,0.39436431397116084
808.981,0.3825998556910485
809.1,0.3637199752289258
809.219,0.3417411184109883
809.337,0.2994994765379826
809.456,0.2552980637666255
809.575,0.24318299043188812
809.694,0.23876641885289498
809.812,0.23385662211320643
809.931,0.2175138928706522
810.05,0.22029081284151214
810.169,0.24423598533459887
810.288,0.2748507984374793
810.406,0.3100878843364856
810.525,0.3359837210342229
810.644,0.35786224237347336
810.763,0.3754234588555163
810.882,0.39723430199974863
811.0,0.3978111114569966
811.119,0.4094222866270162
811.238,0.41204918140835955
811.357,0.39057135906402674
811.475,0.3463818624414774
811.594,0.34794282565128387
811.713,0.3353928851997798
811.832,0.3293936300410866
811.95,0.3283630823666521
812.069,0.30661762356561706
812.188,0.29404144928224324
812.307,0.2667161893192847
812.425,0.2773001304159073
812.544,0.30369131241244296
812.663,0.28692597008815574
812.782,0.2792831037005017
812.9,0.27609428991593316
813.019,0.24999166841394188
813.138,0.23561060577954723
813.257,0.20713738526753578
813.375,0.21172995886588422
813.494,0.21651393554827694
813.613,0.23996287735333824
813.731,0.2536760936891693
813.85,0.2872861829451262
813.969,0.30592054800932134
814.088,0.3276710033468053
814.206,0.3322452555647645
814.325,0.3324881033015537
814.444,0.3377504171688651
814.562,0.3580429301798189
814.681,0.3488785088090677
814.8,0.36595912748144616
814.918,0.3291777737370851
815.037,0.31594937111332544
815.156,0.30539969361153585
815.274,0.29885229230319443
815.393,0.2977090052580813
815.512,0.29809774028824926
815.631,0.3116863398409375
815.749,0.33902019208616146
815.868,0.3405954423959858
815.987,0.3285907124258546
816.105,0.30154868514064603
816.224,0.29388615414098074
816.343,0.27883053230014077
816.461,0.2664033587302903
816.58,0.24153554961085852
816.698,0.2160607190745631
816.817,0.22600891490444935
816.936,0.20922080922069847
817.055,0.1807772200077034
817.173,0.18091183668603084
817.292,0.17428658079689058
817.41,0.19454868194940167
817.529,0.17922529198133785
817.648,0.15868933163850685
817.766,0.19398359957231798
817.885,0.19948973639735784
818.004,0.19738972159916984
818.122,0.21390769647908292
818.241,0.22398174682211303
818.359,0.2204841481499214
818.478,0.21362040817379346
818.597,0.22381619449735562
818.715,0.2727062032067059
818.834,0.30852688856017885
818.953,0.4037417420239048
819.071,0.548603342173803
819.19,0.700867782211706
819.308,0.8377235108152659
819.427,0.9184514563503341
819.546,0.9303675971005685
819.664,0.8559771196537447
819.783,0.7479674988315914
819.901,0.6316184738611166
820.02,0.5539926477687512
820.138,0.5117028497878363
820.257,0.5042747913934666
820.376,0.4511360278835589
820.494,0.404207014536301
820.613,0.3475100574777952
820.731,0.32768671277480427
820.85,0.2953177984400237
820.969,0.3142596720398938
821.087,0.33325272362617897
821.206,0.3752279624720024
821.324,0.37104233265747244
821.443,0.3830656305498197
821.561,0.3806509135049346
821.68,0.3509280447701743
821.798,0.33600132142128514
821.917,0.3305354457509929
822.035,0.31597531262511963
822.154,0.32488823347141943
822.273,0.31944773712425956
822.391,0.3235188471019601
822.51,0.3004959363562638
822.628,0.25305165914503913
822.747,0.25206840041470674
822.865,0.2601758420644574
822.984,0.2649925430240945
823.102,0.2514915604838758
823.221,0.24892399008418792
823.339,0.2501904895748656
823.458,0.24793631615827194
823.576,0.2303983115597758
823.695,0.25272102508979033
823.813,0.2593531823589842
823.932,0.26187905354895646
824.05,0.23030322972634404
824.169,0.21724463346435624
824.287,0.1998797645606516
824.406,0.19081811477686855
824.524,0.19617774512834912
824.643,0.22554079229917853
824.761,0.22712062048780096
824.88,0.24734672801031368
824.998,0.27010802364794484
825.117,0.2834088561073137
825.235,0.26992867164259515
825.354,0.24940995489597548
825.472,0.2494823289836666
825.591,0.24787402789507057
825.709,0.2606755424957825
825.828,0.2687198439716677
825.946,0.29639364192764606
826.064,0.28612066432634675
826.183,0.2624326695711815
826.301,0.24848574627848807
826.42,0.2402128826301362
826.538,0.22531870228955
826.657,0.23702824839322206
826.775,0.2219610900694245
826.894,0.22125982400422006
827.012,0.19655442171035736
827.13,0.17898331968304798
827.249,0.17076238375035485
827.367,0.16461455527500177
827.486,0.14819489935768024
827.604,0.15197324751047314
827.723,0.1702410964722736
827.841,0.2005856234485302
827.959,0.23891060662905858
828.078,0.27897938004914846
828.196,0.29093074006311026
828.315,0.3138589385279055
828.433,0.3116033025915061
828.552,0.2975265419252472
828.67,0.306953854403878
828.788,0.278126417956704
828.907,0.25384078120378695
829.025,0.2301253151154563
829.143,0.19206181549763665
829.262,0.1759799117704932
829.38,0.1448016914862924
829.499,0.13768866126816476
829.617,0.13968322843773104
829.735,0.12618452277687014
829.854,0.13183508014601064
829.972,0.14945248417778717
830.091,0.18870652755877063
830.209,0.21890457600519844
830.327,0.2419622796040789
830.446,0.270128344998806
830.564,0.25842828021899283
830.682,0.2487592613847285
830.801,0.2501161484888588
830.919,0.24957396275058105
831.037,0.2532202280600317
831.156,0.23534317776638258
831.274,0.2277820728612625
831.392,0.19324138211128294
831.511,0.18082356393795274
831.629,0.19737842721295823
831.747,0.20449335452654505
831.866,0.20685788229071367
831.984,0.19735032765432514
832.102,0.208287223486803
832.221,0.18988280240871236
832.339,0.16584761790364028
832.457,0.1895653437199093
832.576,0.17858233926345285
832.694,0.1769932547974008
832.812,0.16569399134894303
832.93,0.14437224495957918
833.049,0.1533473763945324
833.167,0.13031430870821803
833.285,0.14240682404467114
833.404,0.16663862028034931
833.522,0.1573438233094605
833.64,0.18988704449295057
833.759,0.1907195970977154
833.877,0.18521223647985072
833.995,0.20312324941771287
834.113,0.2188677221564178
834.232,0.26114124892938856
834.35,0.2608042250801752
834.468,0.2654263957142269
834.586,0.2895009470916515
834.705,0.2938568111655443
834.823,0.3020416276128256
834.941,0.3069717881934523
835.059,0.3101758206605295
835.178,0.31012272004445046
835.296,0.28712689123902807
835.414,0.286766598742427
835.532,0.2813950858074383
835.651,0.27015357215103986
835.769,0.2702900469205999
835.887,0.25814106271314496
836.005,0.2979430801686897
836.124,0.33210056153338724
836.242,0.3712122426468907
836.36,0.4104603628468558
836.478,0.43160999164677316
836.596,0.44704081296764564
836.715,0.4587916324343996
836.833,0.453983853520015
836.951,0.47609507667415035
837.069,0.4917768713015491
837.188,0.49815855396352
837.306,0.50486452797662
837.424,0.5136798057344567
837.542,0.5097292839569708
837.66,0.5023610133310623
837.779,0.48141480482961163
837.897,0.4529055580348682
838.015,0.45874863506148544
838.133,0.4192050225539703
838.251,0.4115350199752712
838.369,0.41478376619285384
838.487,0.4240812510901947
838.606,0.43570799386608106
838.724,0.4529407471293141
838.842,0.4507357587983394
838.96,0.44738870092643135
839.078,0.40411150799373974
839.196,0.41194263199901754
839.315,0.42068741163704176
839.433,0.4317727288527812
839.551,0.44741786445787735
839.669,0.44575148176225643
839.787,0.4444855283871608
839.905,0.4260405931765923
840.023,0.39167718251276656
840.142,0.3891761020785873
840.26,0.3950953170745986
840.378,0.38243686753809203
840.496,0.4013249166544798
840.614,0.3844309400797457
840.732,0.3961169012762716
840.85,0.4022053117598273
840.968,0.39881313509123956
841.087,0.4080655011919003
841.205,0.39904757456241907
841.323,0.3819054446059522
841.441,0.37426646119996865
841.559,0.3630151541348846
841.677,0.3794978074033326
841.795,0.39371324113866857
841.913,0.39356115805658287
842.031,0.4297156066770106
842.149,0.448166567450574
842.267,0.4669333598008891
842.385,0.47600525071483535
842.504,0.5056625926135074
842.622,0.529587027409173
842.74,0.49746545695532723
842.858,0.4559084181460169
842.976,0.44350658176562185
843.094,0.4217256755256107
843.212,0.40616763832129016
843.33,0.3980908615912818
843.448,0.44613481811778394
843.566,0.47202685543736644
843.684,0.5010532391637328
843.802,0.5388002403106835
843.92,0.549122062888874
844.038,0.5735928581130731
844.156,0.5739659860235767
844.274,0.5726302395098689
844.392,0.5694608368998844
844.51,0.5414732761917392
844.628,0.5342544615798278
844.746,0.5103247726479869
844.864,0.49013148406611445
844.982,0.49146268142484634
845.1,0.45453877904949636
845.218,0.44035757012508003
845.336,0.4034957060951635
845.454,0.3937699783427837
845.572,0.384162687431686
845.69,0.3575399703230767
845.808,0.3629459590068676
845.926,0.36161514736154676
846.044,0.33647289076896214
846.162,0.3273280675238227
846.28,0.3185470145769066
846.398,0.3145013390110182
846.516,0.32682202450402276
846.634,0.29360494368026613
846.752,0.2703187746964653
846.87,0.221335082638504
846.988,0.1957918147685894
847.106,0.16361217248354637
847.224,0.14986946580067298
847.342,0.13755836130588672
847.46,0.1538647680545306
847.578,0.12510541284442434
847.696,0.12338300811969419
847.814,0.12157389700619207
847.932,0.13334162068133
848.05,0.11884953854129726
848.168,0.14918267391217904
848.285,0.17825763059912725
848.403,0.187851817337079
848.521,0.18562260338837883
848.639,0.19843863443818546
848.757,0.2256583014814556
848.875,0.23467100270894775
848.993,0.2512115374975574
849.111,0.2825358963989779
849.229,0.28628117262575137
849.347,0.26914790955082896
849.465,0.25921036815468657
849.582,0.2549912015850131
849.7,0.25715262824407115
849.818,0.26254797195204915
849.936,0.2810312392455821
850.054,0.278294423910439
850.172,0.27994177381064683
850.29,0.26643269845037537
850.408,0.2528663912002357
850.525,0.26905064978087057
850.643,0.2667630096143663
850.761,0.27223396425066804
850.879,0.28434836531856345
850.997,0.2991883229715524
851.115,0.30474020705246
851.233,0.2958346086437198
851.35,0.30136702517221203
851.468,0.3154438138217621
851.586,0.31957472772841733
851.704,0.3434310155581083
851.822,0.3976268742295347
851.94,0.42902646087897156
852.057,0.4547044201245717
852.175,0.48783262067176725
852.293,0.5313014854327971
852.411,0.5765102437907555
852.529,0.6335711460512901
852.647,0.7002564516283821
852.764,0.777457256756439
852.882,0.8063386505662387
853.0,0.809149839670039
853.118,0.8126857494454928
853.236,0.8153023637386149
853.353,0.8088331803505331
853.471,0.7912111944083982
853.589,0.7781490268556195
853.707,0.7690685931097493
853.824,0.7443403966906952
853.942,0.7033073951218205
854.06,0.6974811545864124
854.178,0.7037213722378044
854.296,0.685408504721524
854.413,0.6691231631309995
854.531,0.6466903854929814
854.649,0.6146585838615375
854.767,0.5561815275267019
854.884,0.4865432088634354
855.002,0.44660997796360824
855.12,0.37209450563084956
855.238,0.3222553176756913
855.355,0.29662555957713477
855.473,0.27875284993800525
855.591,0.2681747972659019
855.708,0.26648972362582896
855.826,0.22662909162160894
855.944,0.20148646843707907
856.062,0.14037493946334156
856.179,0.11621532212223926
856.297,0.09583875156153969
856.415,0.10690052826963778
856.532,0.1159165403904838
856.65,0.11462726532368367
856.768,0.10164094989721616
856.886,0.10865552247084126
857.003,0.12944318361997925
857.121,0.12740182201030242
857.239,0.11424356059238074
857.356,0.108679951461244
857.474,0.09244366338145216
857.592,0.07557447535445064
857.709,0.1022891672046842
857.827,0.13399519239319418
857.945,0.1719163705124767
858.062,0.18521700590585097
858.18,0.18792806238410298
858.298,0.18226029776392572
858.415,0.17785792620061003
858.533,0.17484062475550022
858.651,0.1883206951426377
858.768,0.18716651386221955
858.886,0.20534238153009307
859.003,0.21083689532092867
859.121,0.19190606010187694
859.239,0.17426905573460538
859.356,0.1483229025133862
859.474,0.13858489776689054
859.592,0.12359440381868281
859.709,0.13846702135065547
859.827,0.1687893476004021
859.944,0.1726617596883297
860.062,0.14239196778539603
860.18,0.13686042310733704
860.297,0.13360317780552092
860.415,0.1701299123041131
860.532,0.16344272596423787
860.65,0.18187000067028758
860.768,0.21816130521866262
860.885,0.24263224014112506
861.003,0.23516065197383995
861.12,0.2611813647094633
861.238,0.2685032617056772
861.356,0.281999719314034
861.473,0.2644473176629348
861.591,0.2551418166043235
861.708,0.26060183872072695
861.826,0.2633236412580421
861.943,0.24874888921845936
862.061,0.23638618063901376
862.178,0.2201798044797387
862.296,0.2084011941636128
862.414,0.20705960542973384
862.531,0.21824071181299864
862.649,0.2135463455349278
862.766,0.242523633469506
862.884,0.2272528504846671
863.001,0.21807363693412668
863.119,0.19709631422983875
863.236,0.2036964595638857
863.354,0.20857519393874197
863.471,0.22644508364289426
863.589,0.24500640898602769
863.706,0.2622262905425355
863.824,0.2593435871740181
863.941,0.24792851920814465
864.059,0.22249624894026665
864.176,0.23852730957509527
864.294,0.22522918806966247
864.411,0.2323715507665966
864.529,0.22495163220986247
864.646,0.21683376807371713
864.764,0.22903424148214913
864.881,0.2314901110846121
864.999,0.23003422100295823
865.116,0.2505240087561414
865.233,0.26365272513515536
865.351,0.2733728312589683
865.468,0.28717654999500475
865.586,0.3195016641071464
865.703,0.36652682624905486
865.821,0.4042802136475642
865.938,0.4112807042610892
866.056,0.422330606876541
866.173,0.41853642538465075
866.29,0.38348619749348567
866.408,0.37866838330194386
866.525,0.3644940586491253
866.643,0.36094803053896923
866.76,0.3786219364918358
866.878,0.36846036481864375
866.995,0.3689214498385288
867.112,0.3814687325187619
867.23,0.3713607394166266
867.347,0.36731276469341906
867.465,0.36333810801481453
867.582,0.38693103610698865
867.699,0.40767866008360254
867.817,0.4047304560294418
867.934,0.42900580592138315
868.051,0.44362291339925763
868.169,0.4416081044513904
868.286,0.4362150256021942
868.404,0.44670094325916165
868.521,0.4804991791751332
868.638,0.4716488725304201
868.756,0.48566251610271516
868.873,0.4775735891519578
868.99,0.4975823928329548
869.108,0.5344656264718424
869.225,0.5907076438107499
869.342,0.6290628781912848
869.46,0.6871942451411182
869.577,0.703844518394332
869.694,0.7178497021922479
869.812,0.6871562581053835
869.929,0.6977549727540455
870.046,0.7185815546248445
870.164,0.7340615590891999
870.281,0.7404162869252574
870.398,0.7761630908727946
870.516,0.7935183453241148
870.633,0.7891855581968692
870.75,0.7895338462250545
870.867,0.7854407527051652
870.985,0.8033853714381023
871.102,0.7758756224418892
871.219,0.7765397420468267
871.337,0.7708026323729524
871.454,0.7775747090782898
871.571,0.7438244665164334
871.688,0.7070597243514708
871.806,0.6680728814500749
871.923,0.6457151350496286
872.04,0.598020364389215
872.157,0.5608918519260301
872.275,0.5406885280669995
872.392,0.5353123687665562
872.509,0.5020584329681677
872.626,0.47945817303557225
872.744,0.48228799488109475
872.861,0.44951344629741885
872.978,0.4033498947992938
873.095,0.38220189613479977
873.213,0.38806313713218343
873.33,0.377907205308575
873.447,0.3699508148230608
873.564,0.36944466563914224
873.681,0.369513781112879
873.799,0.30567445144830074
873.916,0.25214791312797535
874.033,0.2517186479210934
874.15,0.2532307498592959
874.267,0.2582860527883766
874.385,0.26328506024438547
874.502,0.27789135129189335
874.619,0.25638024162843187
874.736,0.23659973225749875
874.853,0.23945405016805044
874.97,0.22971504637459894
875.088,0.22228061254890585
875.205,0.24017272126679337
875.322,0.24557246474648514
875.439,0.2512015915516865
875.556,0.2587745366013468
875.673,0.3094381530664267
875.791,0.3239286882652066
875.908,0.3042037017104753
876.025,0.2864822771424951
876.142,0.28215436275878936
876.259,0.2542555133514281
876.376,0.2289280715159373
876.493,0.2164846442580665
876.61,0.2337548582310705
876.728,0.2178030821764833
876.845,0.22782851526843143
876.962,0.232317474462633
877.079,0.23497052403323646
877.196,0.24375696770749633
877.313,0.2441179999592039
877.43,0.2320722079995361
877.547,0.2561030137821717
877.664,0.25488000571150354
877.781,0.2785688809424089
877.898,0.2730396419607938
878.016,0.24192604235144427
878.133,0.23947861421943972
878.25,0.22404228230623127
878.367,0.21606376820535772
878.484,0.22315973518771343
878.601,0.24400546449030788
878.718,0.27925078418775523
878.835,0.27322134121491026
878.952,0.25662554957964356
879.069,0.2688264357865441
879.186,0.25303192418931997
879.303,0.24429206042570975
879.42,0.23650739441933505
879.537,0.2570743148241226
879.654,0.2750099376864605
879.771,0.2509192685796324
879.888,0.2298617505658547
880.005,0.2162760411442415
880.122,0.2020472617562497
880.239,0.18717541240187957
880.356,0.17166049308113113
