wavelength_nm,intensity
792.446,0.6512423656845158
792.565,0.7212433624059433
792.684,0.7735251242473195
792.803,0.8080876512086441
792.922,0.8249309432899168
793.041,0.7896016956154528
793.16,0.78476702349022
793.279,0.7445444770134753
793.398,0.7233024366737975
793.518,0.6890646042417954
793.637,0.6715449403912985
793.756,0.6666958124350421
793.875,0.6915967847301809
793.994,0.7045211010203265
794.113,0.6630625809908688
794.232,0.6505229509288153
794.351,0.6925902225672682
794.47,0.668547602468113
794.589,0.6011633839777897
794.708,0.5414192174890806
794.827,0.491655419414924
794.946,0.47590975878046604
795.066,0.43159206644705606
795.185,0.47021670458868176
795.304,0.5494433926460057
795.423,0.5028244004931736
795.542,0.4626180354104469
795.661,0.4499275596434766
795.78,0.44575975360140063
795.899,0.5093452454891293
796.018,0.49012656309113534
796.137,0.47584827528199214
796.256,0.5082987901727213
796.375,0.48101217748610636
796.494,0.4802002200890667
796.613,0.45815887596045834
796.732,0.437318660023167
796.851,0.46780355674524277
796.97,0.44264485741762616
797.089,0.3533912285363846
797.208,0.3638688666855697
797.327,0.43011989681318175
797.446,0.46765532112474223
797.565,0.5055812408058222
797.684,0.5745180549163174
797.803,0.6736829096293195
797.922,0.7377756736422261
798.041,0.6671803229293753
798.16,0.649675262817639
798.279,0.6118197401368628
798.398,0.47785567426205877
798.517,0.4247289707925748
798.636,0.40053742257979225
798.755,0.42652385926632397
798.874,0.40619129808233734
798.993,0.40504638772597734
799.112,0.43595864071131823
799.231,0.4072059472673124
799.35,0.3964464468582206
799.469,0.4210216351269831
799.588,0.4107608676251673
799.707,0.3588574550856909
799.826,0.31722671083106885
799.945,0.34253730611207533
800.064,0.39027751056776483
800.183,0.4224984000597534
800.302,0.45170181354043715
800.421,0.48016989049792036
800.54,0.43570827260331046
800.659,0.34375618787339546
800.778,0.35317218529260963
800.897,0.32268223004835683
801.016,0.34231815115270187
801.135,0.3550077841747872
801.254,0.3156991023007512
801.373,0.3620721442448944
801.492,0.37791672809374766
801.611,0.4288527102920545
801.729,0.46850456645084376
801.848,0.5085510954792198
801.967,0.4748767868819292
802.086,0.4478973333212708
802.205,0.4086546944218802
802.324,0.40370348611682094
802.443,0.3836180187921282
802.562,0.3733248089905461
802.681,0.3587775225018356
802.8,0.4023139263862085
802.919,0.38560952958648514
803.038,0.4036979894013273
803.157,0.3981910076532996
803.276,0.3548552106196051
803.394,0.31320509818333314
803.513,0.28345010530695447
803.632,0.2767450369603478
803.751,0.3110017102101146
803.87,0.37302406050340375
803.989,0.3818842619322017
804.108,0.3806832547704076
804.227,0.3658612296614937
804.346,0.29577646667735547
804.465,0.2974115926615983
804.583,0.33708308209549126
804.702,0.3825322735767053
804.821,0.3972655726544995
804.94,0.4085351649067487
805.059,0.41318241182971727
805.178,0.38493199644902665
805.297,0.30177562820926895
805.416,0.37050550304677515
805.535,0.39811926346396964
805.653,0.45968547771989404
805.772,0.43617824449075965
805.891,0.4060415347017432
806.01,0.3442703917738927
806.129,0.30391828689724165
806.248,0.27603769003338047
806.367,0.30823059476241776
806.485,0.2617829239625023
806.604,0.28803488142665823
806.723,0.25180002310595895
806.842,0.23700705211583017
806.961,0.2695814584929445
807.08,0.273637298264934
807.198,0.31992530055113344
807.317,0.32137053296022533
807.436,0.24925334293865625
807.555,0.23206060555929384
807.674,0.1880258738300783
807.793,0.17851479466713324
807.912,0.16937601378343195
808.03,0.20822698811066528
808.149,0.2699351277049817
808.268,0.31914002682174536
808.387,0.3221455516994007
808.506,0.3410757824437113
808.624,0.31105329846299556
808.743,0.3111985232831197
808.862,0.33179123913852726
808.981,0.38060414089709826
809.1,0.3153067264668572
809.219,0.30908815162918774
809.337,0.2393798106566873
809.456,0.17418152392835468
809.575,0.08738349678493136
809.694,0.09139434685813115
809.812,0.1257612426483785
809.931,0.14598185045106027
810.05,0.169874950781464
810.169,0.21853014591551326
810.288,0.25523294763408394
810.406,0.3099875778676184
810.525,0.3128467013988324
810.644,0.32031856791758184
810.763,0.37826344932971084
810.882,0.3919495956615735
811.0,0.3914758257807114
811.119,0.3571561785779154
811.238,0.38983946581433365
811.357,0.377890041641268
811.475,0.3083230140293455
811.594,0.2752106638227882
811.713,0.2910291165065241
811.832,0.26213247202995527
811.95,0.25387860229957915
812.069,0.20239124045194357
812.188,0.259317976267166
812.307,0.29465101573398106
812.425,0.278674065214059
812.544,0.27875857639709345
812.663,0.3154931130466472
812.782,0.3582872737820609
812.9,0.3249291135604087
813.019,0.27683233844655797
813.138,0.272578347408041
813.257,0.28180380090434676
813.375,0.22455509827431627
813.494,0.18233161716524857
813.613,0.20072285659102151
813.731,0.22252510015239962
813.85,0.1790853803574332
813.969,0.18900504206200658
814.088,0.21458528360323414
814.206,0.20326158915356257
814.325,0.1887236969026772
814.444,0.17348091013649805
814.562,0.15197947912639065
814.681,0.17855387512268783
814.8,0.19031038783930876
814.918,0.17973930052738912
815.037,0.21306629282378933
815.156,0.20119354599641917
815.274,0.2290500020388458
815.393,0.23082929322088874
815.512,0.25667339940386624
815.631,0.3069518745415716
815.749,0.3344881883579106
815.868,0.31286699987297034
815.987,0.2523815497305254
816.105,0.1997693642021708
816.224,0.1614176538477676
816.343,0.1169848096231789
816.461,0.10004090891538953
816.58,0.1417058063974006
816.698,0.2158333971325763
816.817,0.29035434266778015
816.936,0.30720860484958556
817.055,0.3178400244886024
817.173,0.29587093422555366
817.292,0.21616379163883265
817.41,0.16906913494422846
817.529,0.1662401625517379
817.648,0.15550036839483244
817.766,0.16399144572006458
817.885,0.21623213470741193
818.004,0.2434431579439393
818.122,0.284950624723743
818.241,0.24666833320937376
818.359,0.2698098365314019
818.478,0.25501784813514544
818.597,0.2134710814074859
818.715,0.1986281550257639
818.834,0.2186584998008379
818.953,0.24577328094655004
819.071,0.2945933746054178
819.19,0.32168390410510883
819.308,0.3834063704082894
819.427,0.4128294915293634
819.546,0.3926977965149187
819.664,0.34684078012252995
819.783,0.2823583536994124
819.901,0.2850240319443654
820.02,0.28332112673930787
820.138,0.30632089036797255
820.257,0.34299039858882024
820.376,0.3491120918903204
820.494,0.3433575627463684
820.613,0.3455551375970557
820.731,0.3524849870980429
820.85,0.3636258939219952
820.969,0.32666535576582556
821.087,0.27351196037483094
821.206,0.2737784549908508
821.324,0.22868546733158993
821.443,0.2651624896961764
821.561,0.26873485525876356
821.68,0.2751619799846873
821.798,0.2501326459367489
821.917,0.2514904459590612
822.035,0.21870013858474927
822.154,0.23771947669657983
822.273,0.2515250889887761
822.391,0.3330946864624824
822.51,0.34963419122326583
822.628,0.3160625133588415
822.747,0.34022811716635676
822.865,0.38673633164904303
822.984,0.3727581816347013
823.102,0.34863616896770744
823.221,0.3867188673471733
823.339,0.43148543696621466
823.458,0.39229462434264467
823.576,0.3200308797066592
823.695,0.3495541366515281
823.813,0.3350134125310945
823.932,0.3345731585081593
824.05,0.31296846710396664
824.169,0.3711381656050581
824.287,0.34687022467123635
824.406,0.32619874615044203
824.524,0.3506698879335821
824.643,0.3583828193349155
824.761,0.35941165746029624
824.88,0.32663916594538617
824.998,0.3090450810838422
825.117,0.32745955181160036
825.235,0.2385880484934904
825.354,0.2636022751483438
825.472,0.2990435866749587
825.591,0.3254255202951508
825.709,0.4179838221599393
825.828,0.42888662635106234
825.946,0.47181051626549964
826.064,0.4920818585049069
826.183,0.4248751561229814
826.301,0.4180209135294398
826.42,0.3313631050905003
826.538,0.3147944303010745
826.657,0.31850728328693956
826.775,0.30134765362522814
826.894,0.28433471562586665
827.012,0.30059057501859965
827.13,0.30319215451182224
827.249,0.31962700272173517
827.367,0.25364402524518925
827.486,0.239897852002176
827.604,0.25793573753655186
827.723,0.29855534802356803
827.841,0.3020167256696968
827.959,0.33487431694185754
828.078,0.3192517662217725
828.196,0.2975068674080011
828.315,0.25051972620467444
828.433,0.19634921295582664
828.552,0.17732031079308508
828.67,0.2222396253229056
828.788,0.24401040138109015
828.907,0.3087636377396585
829.025,0.3228135095439731
829.143,0.35886153879557453
829.262,0.38303478671326197
829.38,0.34238920013279683
829.499,0.2962360793496983
829.617,0.31893219795431865
829.735,0.2999103204531614
829.854,0.3179345733783763
829.972,0.3117063700566672
830.091,0.3646978815965241
830.209,0.41148073380587435
830.327,0.4143492174686487
830.446,0.41755340924024514
830.564,0.4579306279744592
830.682,0.43420387397761484
830.801,0.42961057531951186
830.919,0.43645829373142864
831.037,0.499482017749909
831.156,0.5248681790330014
831.274,0.5586956416665001
831.392,0.5799971267160188
831.511,0.6141209338855504
831.629,0.5944039983989509
831.747,0.531387783020109
831.866,0.4691332094164902
831.984,0.4505644803440515
832.102,0.3734646861100306
832.221,0.30070407272885147
832.339,0.25843931956653093
832.457,0.2351689723571757
832.576,0.2358538421960878
832.694,0.2479445570530181
832.812,0.2694589421957838
832.93,0.26106032447494976
833.049,0.25826115115306725
833.167,0.2165676010056985
833.285,0.21508479546917658
833.404,0.18976620660243232
833.522,0.19380967095681695
833.64,0.20029123057582915
833.759,0.19309559554704125
833.877,0.17910769936641746
833.995,0.2579958896895349
834.113,0.29010216887315754
834.232,0.2994978927756311
834.35,0.3178095318375496
834.468,0.27147721622787335
834.586,0.25775504644240177
834.705,0.2609292037754742
834.823,0.29152760391748844
834.941,0.28731070121954816
835.059,0.29195770771134266
835.178,0.282049147021327
835.296,0.2798673083828421
835.414,0.18633329157905837
835.532,0.19923843045594264
835.651,0.19989159558056047
835.769,0.20627283312210476
835.887,0.2158138796949181
836.005,0.3512281967001862
836.124,0.37560512986345207
836.242,0.40368057960193116
836.36,0.3716349421115953
836.478,0.357265255993069
836.596,0.318265182225545
836.715,0.28569341298101714
836.833,0.3158697314035552
836.951,0.36557354634848355
837.069,0.32180199426811795
837.188,0.3609653020441733
837.306,0.3678813742701934
837.424,0.37897535166911905
837.542,0.34966077752226854
837.66,0.33763002016064003
837.779,0.3952057955179276
837.897,0.36882418681109874
838.015,0.31482862957236124
838.133,0.300909904164589
838.251,0.32433259339156023
838.369,0.3035949291939839
838.487,0.26320247640231237
838.606,0.2719298739781952
838.724,0.31779410932622254
838.842,0.28574316930519095
838.96,0.25408713829667595
839.078,0.24792611053875604
839.196,0.2349673520209598
839.315,0.22573591531620463
839.433,0.23200602961025044
839.551,0.22034644279494686
839.669,0.20063290201156264
839.787,0.2498582706596122
839.905,0.2701829727906766
840.023,0.31403356556621626
840.142,0.3268926057872923
840.26,0.3160299134644134
840.378,0.30317870833637567
840.496,0.2832604147572751
840.614,0.2775639596529398
840.732,0.3327690383755773
840.85,0.33799777006129156
840.968,0.3589616865381925
841.087,0.3621597813881694
841.205,0.30671135522812776
841.323,0.31312705923486356
841.441,0.2916989867000469
841.559,0.2508767925753147
841.677,0.2043724826096115
841.795,0.18035152526231768
841.913,0.14872396855092987
842.031,0.18510039620636476
842.149,0.20410091822001125
842.267,0.22064297014743683
842.385,0.3080362687067806
842.504,0.2944981129729953
842.622,0.31690589035095784
842.74,0.33137900426021516
842.858,0.31810663953568696
842.976,0.31798796892602504
843.094,0.3114515401249723
843.212,0.22736565951852453
843.33,0.27559444943221467
843.448,0.2571891609122901
843.566,0.27777586775215857
843.684,0.2791927065300781
843.802,0.27797369475165823
843.92,0.27271534126625463
844.038,0.30988391309285557
844.156,0.29018528658040477
844.274,0.3712593071145062
844.392,0.4302341349281499
844.51,0.4630784519836171
844.628,0.4838229787608195
844.746,0.4309179288070467
844.864,0.37750116839666514
844.982,0.32050563709246804
845.1,0.2820700735110819
845.218,0.2568628777510301
845.336,0.25373889373199593
845.454,0.2718406475863539
845.572,0.27301630729426296
845.69,0.26855597696415107
845.808,0.2588097948931253
845.926,0.27438360904495596
846.044,0.23190957489831104
846.162,0.28712428808725765
846.28,0.32236011510184104
846.398,0.33511628324607146
846.516,0.33634625533698
846.634,0.30602324105969336
846.752,0.27567727521937424
846.87,0.261075335962823
846.988,0.2435203809054745
847.106,0.2881022556299235
847.224,0.3181769658017869
847.342,0.31819197581809966
847.46,0.31132850523669464
847.578,0.2663278910665514
847.696,0.25755149583681763
847.814,0.24848347307424848
847.932,0.28916264098960853
848.05,0.2256571975306583
848.168,0.2570837777496507
848.285,0.2674657517081773
848.403,0.2492773008072655
848.521,0.2567051586369558
848.639,0.2580998883322638
848.757,0.26071383158466377
848.875,0.30475422695943966
848.993,0.3202539199119687
849.111,0.3364026882100297
849.229,0.32064679290637443
849.347,0.27089306146986547
849.465,0.24208943853722123
849.582,0.21596639644099505
849.7,0.20239897215947744
849.818,0.22414421979263446
849.936,0.22688991919957413
850.054,0.2182483424579153
850.172,0.22443062489839088
850.29,0.2525591980103845
850.408,0.3143710863081314
850.525,0.3957206944243382
850.643,0.4461236045250152
850.761,0.4295545231028818
850.879,0.36170026794772375
850.997,0.36945545699616156
851.115,0.3137241524187553
851.233,0.24028565091556914
851.35,0.22986353627932563
851.468,0.2337702579580886
851.586,0.24054638492133423
851.704,0.26628220829048493
851.822,0.2957035223923014
851.94,0.3130948043349296
852.057,0.30695314864829343
852.175,0.2668163431581483
852.293,0.2411850166699146
852.411,0.2118197870268413
852.529,0.16886635930259522
852.647,0.16195812706703153
852.764,0.17540394854627314
852.882,0.14594698685094454
853.0,0.17861114967763372
853.118,0.1971852894934521
853.236,0.26739144558864514
853.353,0.2923336209116904
853.471,0.31600347736524603
853.589,0.3341270236769567
853.707,0.36681671790415604
853.824,0.3218755385514927
853.942,0.26373530834676956
854.06,0.2810734801911296
854.178,0.2841713451474714
854.296,0.2355100141820271
854.413,0.29479903016944203
854.531,0.32271080890608816
854.649,0.3560575917496349
854.767,0.3234651238369088
854.884,0.2885714249712836
855.002,0.33011677175444754
855.12,0.27858082708159204
855.238,0.25152973179073335
855.355,0.326100341705105
855.473,0.38112648745792627
855.591,0.3853461791296964
855.708,0.36399172061464846
855.826,0.30313164642581003
855.944,0.2623111355306216
856.062,0.24611220914084697
856.179,0.2701542641804676
856.297,0.27465874078552005
856.415,0.35937063761418453
856.532,0.372907009789861
856.65,0.3185479341508043
856.768,0.26767662611561693
856.886,0.17855654274351213
857.003,0.19853492414345905
857.121,0.24756633967782055
857.239,0.2817547509205935
857.356,0.42133591881970034
857.474,0.41810047132629913
857.592,0.3667585139920343
857.709,0.3852867257929016
857.827,0.3156336998948414
857.945,0.30371628537293
858.062,0.3189345087392608
858.18,0.3402251309287153
858.298,0.3764827401604403
858.415,0.31826084686409584
858.533,0.30816154068065893
858.651,0.39280236950472847
858.768,0.4021345750625662
858.886,0.41073795387816814
859.003,0.4309131354762421
859.121,0.4053027413337578
859.239,0.37959170358602795
859.356,0.2635353057491382
859.474,0.23982826284339534
859.592,0.30489988212855357
859.709,0.3110601318095374
859.827,0.32905386541152803
859.944,0.3219390646900064
860.062,0.3339526322022087
860.18,0.37371129283468896
860.297,0.3430532763540203
860.415,0.3760812809692171
860.532,0.37477892226955534
860.65,0.3241731359498594
860.768,0.32352871476229156
860.885,0.2839908342526305
861.003,0.33856847654779054
861.12,0.38931119167980277
861.238,0.37523887626564084
861.356,0.3890300637532126
861.473,0.42558018733990843
861.591,0.40371294446355377
861.708,0.46357452475268823
861.826,0.5076974965422116
861.943,0.5652082827734265
862.061,0.520678027524712
862.178,0.4668356853175041
862.296,0.46102662822380186
862.414,0.4506939586102853
862.531,0.3883766634755101
862.649,0.35899422098849926
862.766,0.35029048748017466
862.884,0.3415367505194691
863.001,0.2832507809567917
863.119,0.29089878391829715
863.236,0.3507638205077014
863.354,0.3956607084829974
863.471,0.43328588352239794
863.589,0.46744310817769585
863.706,0.47386902083954136
863.824,0.4819078767967175
863.941,0.44745778702034955
864.059,0.37190482123767243
864.176,0.32939476505540444
864.294,0.3190078552788619
864.411,0.3299184140578935
864.529,0.359599740970555
864.646,0.33626532451875607
864.764,0.34369421515912424
864.881,0.2932465168021884
864.999,0.281179784481318
865.116,0.3076308267602175
865.233,0.36368750667090677
865.351,0.39198292275227914
865.468,0.4560714227855389
865.586,0.4335495600776478
865.703,0.3654414621413776
865.821,0.3201436043325677
865.938,0.40007196465665174
866.056,0.4306661520044718
866.173,0.41575493774713707
866.29,0.4495412311555538
866.408,0.5270887048029244
866.525,0.5286494927245646
866.643,0.40329365417513025
866.76,0.3668977069609405
866.878,0.3667988249413109
866.995,0.2966060245548856
867.112,0.2591454963026876
867.23,0.33365950644702963
867.347,0.40911159743915687
867.465,0.4073502627407445
867.582,0.40162916761957446
867.699,0.45569152668108504
867.817,0.4921749340065132
867.934,0.4870297950593432
868.051,0.5371086087612423
868.169,0.5350519773904848
868.286,0.5099760692750763
868.404,0.3921943458270922
868.521,0.3921973035682831
868.638,0.3380246568557936
868.756,0.30165174567081754
868.873,0.3394161737414167
868.99,0.3626681704267423
869.108,0.34745349131439807
869.225,0.3150653023586394
869.342,0.3104940753092729
869.46,0.34107631053147347
869.577,0.34409686901382397
869.694,0.35613037262978176
869.812,0.37865539324960606
869.929,0.34991097394107307
870.046,0.4655041249078899
870.164,0.502448511668554
870.281,0.5320229484868504
870.398,0.5550912697138219
870.516,0.5189197238025756
870.633,0.502385465360245
870.75,0.4321861338318015
870.867,0.34165208418547727
870.985,0.4429259157467028
871.102,0.45194163492046313
871.219,0.4427232087098467
871.337,0.475971331329661
871.454,0.49944790647040044
871.571,0.5736195965269983
871.688,0.5176090569727527
871.806,0.44804312230402094
871.923,0.49158374735628974
872.04,0.4584634959074615
872.157,0.4531707773277691
872.275,0.46371734401644205
872.392,0.47079432225039153
872.509,0.5107162748767214
872.626,0.4222862339655626
872.744,0.4188060692723712
872.861,0.42540919221585977
872.978,0.37701077767738955
873.095,0.38398970782384345
873.213,0.41764273455851286
873.33,0.45755233298555453
873.447,0.5194339560941297
873.564,0.48116665222452154
873.681,0.511279324864879
873.799,0.4866077258579993
873.916,0.4319192442028098
874.033,0.44614155398908356
874.15,0.4768240399159692
874.267,0.46584847910427396
874.385,0.4529560190534715
874.502,0.476750272828814
874.619,0.5333713651868042
874.736,0.5492147598452708
874.853,0.5844711505943483
874.97,0.5634830248424008
875.088,0.5723975211338357
875.205,0.48842534427724027
875.322,0.49102475754386954
875.439,0.5563970875167816
875.556,0.572085827577604
875.673,0.6179021961576836
875.791,0.6853238777316193
875.908,0.6616450148776905
876.025,0.6528853289318247
876.142,0.6693997119240216
876.259,0.6901457234513584
876.376,0.691759044744565
876.493,0.6202375399280186
876.61,0.6153478746363232
876.728,0.6311762414058301
876.845,0.6564925476546284
876.962,0.6616830599863006
877.079,0.7661200158083117
877.196,0.8156827336832609
877.313,0.8014169128165496
877.43,0.7677192569768635
877.547,0.6854581371987084
877.664,0.710863069626054
877.781,0.6826692139271838
877.898,0.6686931517213552
878.016,0.7011944587816068
878.133,0.7659109572015808
878.25,0.8054413798555926
878.367,0.800415273364637
878.484,0.8088485176833116
878.601,0.87044454155466
878.718,0.8300235744437716
878.835,0.8083301364269957
878.952,0.7547326793359608
879.069,0.7779390524857728
879.186,0.7812758858904246
879.303,0.7179335520240928
879.42,0.7088715521308884
879.537,0.6845648062733292
879.654,0.7006467237838446
879.771,0.609411043237936
879.888,0.5818693962027701
880.005,0.5658117567770812
880.122,0.5659384459550462
880.239,0.5822494637366659
880.356,0.6147448101219402
