wavelength_nm,intensity
792.446,0.3084547653594629
792.565,0.3264621892818708
792.684,0.33634451904002033
792.803,0.3381017546339115
792.922,0.33173389606354403
793.041,0.2995478460459629
793.16,0.265668756245511
793.279,0.2506259813574305
793.398,0.24142236430595043
793.518,0.25536083819616634
793.637,0.27899687099985904
793.756,0.3109184874953611
793.875,0.3437082442331606
793.994,0.3673243197899039
794.113,0.36854836426946463
794.232,0.3433939175937081
794.351,0.3105376366994107
794.47,0.2757438397471131
794.589,0.23796477127197352
794.708,0.23112608798399256
794.827,0.23443899097758647
794.946,0.23552832404023913
795.066,0.23952309963793622
795.185,0.2467659171766417
795.304,0.25429811479611275
795.423,0.25197475863042473
795.542,0.2495033862165289
795.661,0.24631854222419347
795.78,0.23914391194589849
795.899,0.22463831962153824
796.018,0.20785347874940316
796.137,0.20184608202173793
796.256,0.1925165695525271
796.375,0.20347683387856627
796.494,0.20944243381222305
796.613,0.20495085976825356
796.732,0.1955676306798546
796.851,0.19396115585028673
796.97,0.18031892783923575
797.089,0.17112477599307996
797.208,0.17490480846655673
797.327,0.19930305245403307
797.446,0.21152785383978528
797.565,0.22981637366212354
797.684,0.24193424816514597
797.803,0.2613175647830926
797.922,0.2631345030916985
798.041,0.2551058662386196
798.16,0.24947715740559318
798.279,0.21517674368695766
798.398,0.18970085861416108
798.517,0.18411932612594112
798.636,0.17230696273523188
798.755,0.19528671699607064
798.874,0.2187133059343018
798.993,0.2289474018617989
799.112,0.2385388859758016
799.231,0.21571734288284
799.35,0.20296271185185222
799.469,0.19543193519598026
799.588,0.18076509780241456
799.707,0.20456182816542146
799.826,0.21385269591134765
799.945,0.20325147614474937
800.064,0.21551472413818373
800.183,0.20512302290711354
800.302,0.19933949636049925
800.421,0.1952221386348564
800.54,0.19191901353800303
800.659,0.20806598457716435
800.778,0.2103680436467738
800.897,0.20660905879402994
801.016,0.21841506345787493
801.135,0.22209680550941804
801.254,0.23422545233227832
801.373,0.2413381777551996
801.492,0.2300037545812621
801.611,0.23811766855947653
801.729,0.24932828202266705
801.848,0.2679164244414711
801.967,0.2639844767818342
802.086,0.26982492771173416
802.205,0.26520445503234424
802.324,0.2564860943126858
802.443,0.21633873576238882
802.562,0.1942036924651253
802.681,0.17719844855427047
802.8,0.15915394354489598
802.919,0.12812382651372556
803.038,0.11325386066306053
803.157,0.09784295237698287
803.276,0.09555020026778818
803.394,0.07627265848021865
803.513,0.07498980113215725
803.632,0.06455516571720954
803.751,0.050571729356167335
803.87,0.046808109041830186
803.989,0.038580439373427415
804.108,0.043822340762054046
804.227,0.0497779272681296
804.346,0.054292580780748556
804.465,0.07101306595376407
804.583,0.0781173048802758
804.702,0.0871641968896075
804.821,0.09341270407780239
804.94,0.08924683614551182
805.059,0.0962995495941103
805.178,0.1046257529879489
805.297,0.11351354529262882
805.416,0.11234610122909114
805.535,0.11520215841860916
805.653,0.10864166752743817
805.772,0.09323030742717324
805.891,0.08923945020635446
806.01,0.08370128575491047
806.129,0.0985157365509878
806.248,0.1310972229996865
806.367,0.1539813958059195
806.485,0.193449590873375
806.604,0.22217093940844312
806.723,0.23513480328868663
806.842,0.2562760120262508
806.961,0.2643984931841986
807.08,0.2683482466258178
807.198,0.2643766361324528
807.317,0.2518450298017249
807.436,0.24285084549277094
807.555,0.2275751177065058
807.674,0.22064817156072303
807.793,0.21895335032349766
807.912,0.22535618203597552
808.03,0.23723062562040353
808.149,0.26263940884432296
808.268,0.30072270698499914
808.387,0.34003836512479857
808.506,0.3765284097173513
808.624,0.39206667122090044
808.743,0.3824421705291311
808.862,0.35860145759376716
808.981,0.3355756655755022
809.1,0.3172514683177241
809.219,0.300495578049383
809.337,0.2842785334486747
809.456,0.275898034483415
809.575,0.2549211864852838
809.694,0.24695646349813594
809.812,0.23192853819482656
809.931,0.22401703453287675
810.05,0.2274711830085881
810.169,0.24490704607623887
810.288,0.24372113463622413
810.406,0.2618072713336419
810.525,0.2590597053198398
810.644,0.2714081335193165
810.763,0.27586014434249573
810.882,0.28595839294843145
811.0,0.29993499987819333
811.119,0.31946471077161487
811.238,0.3170647334755142
811.357,0.31023424735665583
811.475,0.2953709693406798
811.594,0.286338533641742
811.713,0.2922141614139765
811.832,0.3006293488605171
811.95,0.3081714067530236
812.069,0.31372938167798126
812.188,0.31896637754783674
812.307,0.31042622060698355
812.425,0.32591126278533533
812.544,0.3268574505610783
812.663,0.34526456631359936
812.782,0.3563373938122302
812.9,0.3628583059024947
813.019,0.36202497249191934
813.138,0.3688252860394743
813.257,0.37232600142473454
813.375,0.3784727151346974
813.494,0.3670553884253106
813.613,0.3722591222169161
813.731,0.3771551817847185
813.85,0.37640999288150145
813.969,0.3774227048137402
814.088,0.3790125138035977
814.206,0.381395623359692
814.325,0.37924178544263176
814.444,0.37981044863024677
814.562,0.38616172412143934
814.681,0.3974341240895619
814.8,0.4028424196623973
814.918,0.3800843873740355
815.037,0.3711084972081194
815.156,0.3643445352457574
815.274,0.36075211244443117
815.393,0.3724718873650017
815.512,0.381943145795944
815.631,0.3871934464970966
815.749,0.40345682130647115
815.868,0.3809266342541134
815.987,0.3860388973305324
816.105,0.3869119085341249
816.224,0.3832097208745767
816.343,0.3863744892695212
816.461,0.38053687618639187
816.58,0.3615091859736481
816.698,0.36193814843261884
816.817,0.34563628553237546
816.936,0.3234134189907569
817.055,0.3085622191657828
817.173,0.2855263539519851
817.292,0.26976890342066284
817.41,0.2593643942402969
817.529,0.253194819582629
817.648,0.2503193227398446
817.766,0.2665254072612422
817.885,0.24869749361358418
818.004,0.257459763680549
818.122,0.26544396455929997
818.241,0.2620220680559695
818.359,0.2662568608518814
818.478,0.2784557275339786
818.597,0.2758608687165548
818.715,0.30255619217866553
818.834,0.31086443025368254
818.953,0.39590142886654633
819.071,0.4921574828832561
819.19,0.5809051037504755
819.308,0.7202392333026323
819.427,0.8325225860708816
819.546,0.8552538090015952
819.664,0.8286170541520698
819.783,0.7259131258574373
819.901,0.6188345922423106
820.02,0.4989731410058509
820.138,0.4091329387202386
820.257,0.3712182668828171
820.376,0.32699268297575124
820.494,0.2836596278232749
820.613,0.2525761278523685
820.731,0.23323479812550607
820.85,0.2152059720656807
820.969,0.22785452981508547
821.087,0.25616521991444874
821.206,0.2721287563387281
821.324,0.2955298650342838
821.443,0.3054831154937955
821.561,0.3252387004132681
821.68,0.32857612350906673
821.798,0.3235398184056964
821.917,0.3171430943019451
822.035,0.294045649803208
822.154,0.26565997650165896
822.273,0.25531747868744153
822.391,0.22977426643976603
822.51,0.2256831048989246
822.628,0.20522378903964342
822.747,0.22614387699137256
822.865,0.24641882000185675
822.984,0.2546027208868836
823.102,0.25333432592033533
823.221,0.2573114299114707
823.339,0.2525213778014025
823.458,0.24780616536739442
823.576,0.2348935137489364
823.695,0.24991601854784612
823.813,0.26641702272492124
823.932,0.27543572239989866
824.05,0.27108805593054175
824.169,0.26455174471240483
824.287,0.25837466393935593
824.406,0.24270791224188593
824.524,0.23534337527534976
824.643,0.23936611079733627
824.761,0.24198186040939293
824.88,0.24531274470380163
824.998,0.24561511677364484
825.117,0.24691701429486856
825.235,0.24217519219826064
825.354,0.23006415666560137
825.472,0.23562360020268863
825.591,0.2511866137731428
825.709,0.2515272372329722
825.828,0.25663930581761146
825.946,0.25421252436712993
826.064,0.25437353260441525
826.183,0.24693581906573153
826.301,0.2523838346406849
826.42,0.24241489105462918
826.538,0.2514469002633626
826.657,0.25196307848214483
826.775,0.24541611537451352
826.894,0.23033384011846297
827.012,0.21618446828266108
827.13,0.21430600390592128
827.249,0.2046362709141668
827.367,0.1850094095810876
827.486,0.1793426792157947
827.604,0.18074752270428163
827.723,0.17788311688822017
827.841,0.1820890641495309
827.959,0.18962394517919906
828.078,0.20850745625886496
828.196,0.22367175906145953
828.315,0.2535460605593879
828.433,0.2814365122051534
828.552,0.3040931758384492
828.67,0.31240057891515516
828.788,0.29702242340635665
828.907,0.2600239198211717
829.025,0.21791961698980922
829.143,0.173769456859517
829.262,0.13040452555765764
829.38,0.10541546116384398
829.499,0.08668158503636682
829.617,0.07998128478548067
829.735,0.08059893856072321
829.854,0.08271929648752993
829.972,0.09501412796525768
830.091,0.11164566395055023
830.209,0.13296356026574518
830.327,0.15895904312265768
830.446,0.18551673532969762
830.564,0.21436801014833662
830.682,0.24965538706622015
830.801,0.26744762994819393
830.919,0.27070812328834565
831.037,0.25968040689768174
831.156,0.24080226862850296
831.274,0.20223799546413823
831.392,0.1743547161182873
831.511,0.1545892692976444
831.629,0.15968112315023184
831.747,0.16962196522411893
831.866,0.1694520877443427
831.984,0.17859160000921087
832.102,0.19591667845786875
832.221,0.17985658402625598
832.339,0.1760968205169172
832.457,0.16998656614036278
832.576,0.1540073249991067
832.694,0.1381721112395414
832.812,0.1326538066160259
832.93,0.1414205904507705
833.049,0.1467608945488602
833.167,0.12824394330751973
833.285,0.1388118895939236
833.404,0.14630796816971928
833.522,0.1392625121545109
833.64,0.13588692301283695
833.759,0.1470477477876781
833.877,0.15452704226883962
833.995,0.16454786596298715
834.113,0.17682357107344768
834.232,0.20342937404526923
834.35,0.21243164118038105
834.468,0.22231210178602906
834.586,0.230307406553454
834.705,0.22980073101807913
834.823,0.2296133714338939
834.941,0.22595821103978192
835.059,0.21763452691734436
835.178,0.20678286686765324
835.296,0.19077063520796048
835.414,0.183221328015994
835.532,0.18289822102661307
835.651,0.17538059957676294
835.769,0.1948254598012934
835.887,0.20161960620990432
836.005,0.2352985000771956
836.124,0.2634775055442921
836.242,0.30087088961275166
836.36,0.3159105443789989
836.478,0.32394239619174275
836.596,0.33635818991769617
836.715,0.3526656467987749
836.833,0.35596763108452
836.951,0.3706020054296767
837.069,0.3720762385156424
837.188,0.39736611962784496
837.306,0.4055576294161827
837.424,0.4146089639272554
837.542,0.4368902900618419
837.66,0.4493227148269189
837.779,0.47787394271142947
837.897,0.4732961406600016
838.015,0.46487823167473385
838.133,0.4734073515572983
838.251,0.4673577025433548
838.369,0.4575560911029315
838.487,0.4511522009556368
838.606,0.4573596277764256
838.724,0.4527834888289102
838.842,0.43974215096704095
838.96,0.42000183054583623
839.078,0.4280270299429295
839.196,0.4227108097543756
839.315,0.4159942560715415
839.433,0.40660010508966815
839.551,0.40536680500617117
839.669,0.3845221835871028
839.787,0.38990471086731904
839.905,0.4037108594640779
840.023,0.42516728605809173
840.142,0.42950538408129174
840.26,0.42166623525755675
840.378,0.3894260258304033
840.496,0.3686795275421691
840.614,0.3448330035611341
840.732,0.33850727929772506
840.85,0.3502262324843626
840.968,0.3569508846219227
841.087,0.36968932050688985
841.205,0.3702272260901478
841.323,0.3627273504645508
841.441,0.37299108772779693
841.559,0.3851407848277576
841.677,0.39514674098457425
841.795,0.4044658352255506
841.913,0.41684337756151657
842.031,0.43148939363405975
842.149,0.44433593127333587
842.267,0.45026395663683355
842.385,0.46387552207583493
842.504,0.4781456766641653
842.622,0.47975129495921354
842.74,0.48717278763608773
842.858,0.5008342461924615
842.976,0.5090307452925351
843.094,0.5056986080715281
843.212,0.5016829351425053
843.33,0.4961239017827319
843.448,0.4876378055370524
843.566,0.4778095844340285
843.684,0.4819348051564323
843.802,0.48879915802263585
843.92,0.49429810257672063
844.038,0.49256088200774983
844.156,0.5076309895779656
844.274,0.5179263258155468
844.392,0.544639823876802
844.51,0.5694174689839694
844.628,0.5813110480814121
844.746,0.5704866277348326
844.864,0.5593462176448879
844.982,0.5264540714840524
845.1,0.4962461750379057
845.218,0.46143480696210637
845.336,0.42532122852286125
845.454,0.4054279025417089
845.572,0.3745248286601596
845.69,0.33036515349249773
845.808,0.3040406046819146
845.926,0.2755723149281877
846.044,0.26772318748097496
846.162,0.2641798360630867
846.28,0.24172826243282086
846.398,0.24089860158014792
846.516,0.22847680504865464
846.634,0.19894322957073043
846.752,0.1774474442227451
846.87,0.14890653243676916
846.988,0.1336226770315619
847.106,0.12030367726299251
847.224,0.10193564360247725
847.342,0.10611784941551072
847.46,0.1090005489669168
847.578,0.11118198556782052
847.696,0.11117247863595725
847.814,0.10601505687823877
847.932,0.08949795021841206
848.05,0.07730305279041638
848.168,0.0822908561471733
848.285,0.09481362592587342
848.403,0.10645499670137967
848.521,0.12998398131683264
848.639,0.1419025367072388
848.757,0.14948683905405002
848.875,0.16122603426043702
848.993,0.19837819212741442
849.111,0.22278290527359018
849.229,0.24329724662000923
849.347,0.2606614572452332
849.465,0.27744556448106494
849.582,0.26772178696959914
849.7,0.24193599245698066
849.818,0.24957692348062854
849.936,0.26277262157184844
850.054,0.26179867432902226
850.172,0.28063395778734895
850.29,0.29824187055829
850.408,0.31149411418253303
850.525,0.31493404472334086
850.643,0.3341002858602448
850.761,0.3443805627929457
850.879,0.35176038650233954
850.997,0.36122075320620406
851.115,0.3651263528424965
851.233,0.3608212084630396
851.35,0.35411786824183467
851.468,0.3559761869619053
851.586,0.37909562609869507
851.704,0.3868679423314264
851.822,0.41146421774246866
851.94,0.4523156707937647
852.057,0.49880504610825493
852.175,0.5595854733423995
852.293,0.6250076235961828
852.411,0.687045357388137
852.529,0.738891590404618
852.647,0.7810835052093459
852.764,0.8125982928961664
852.882,0.8386015542171381
853.0,0.8809015707761751
853.118,0.9170830280413207
853.236,0.9456990256087461
853.353,0.9558445911245386
853.471,0.938074957469913
853.589,0.917216939849874
853.707,0.8767392853747014
853.824,0.845450280015797
853.942,0.8283641820691876
854.06,0.7934745567398367
854.178,0.7596343499792393
854.296,0.7162096753712113
854.413,0.6718819353387246
854.531,0.6275924466962246
854.649,0.5775386398931841
854.767,0.5397951282500746
854.884,0.5001656567702508
855.002,0.43281556927776554
855.12,0.37074251049947393
855.238,0.3180643257225939
855.355,0.2894745380135921
855.473,0.24979293027887667
855.591,0.22595384718233075
855.708,0.18898574689133296
855.826,0.16869582183112777
855.944,0.13022461327839702
856.062,0.1113204612923655
856.179,0.09834071169347089
856.297,0.10117746196917474
856.415,0.1010666584554483
856.532,0.09112772375252484
856.65,0.07512473318912082
856.768,0.05964790326265266
856.886,0.03769567131660986
857.003,0.038442524017609954
857.121,0.03513820652159263
857.239,0.049068846980268394
857.356,0.06229800360816746
857.474,0.057357470392131155
857.592,0.06270977970230754
857.709,0.0702007909048694
857.827,0.07419007430769123
857.945,0.08230855615035079
858.062,0.09579454012030733
858.18,0.12193880922649686
858.298,0.14341745574404513
858.415,0.16239618227336866
858.533,0.17515110370014286
858.651,0.1954780015440455
858.768,0.18619550567787052
858.886,0.18089521935143588
859.003,0.17338431910025864
859.121,0.15780865419784149
859.239,0.1440865344430176
859.356,0.1340667000190311
859.474,0.12412818151315896
859.592,0.1268809300706754
859.709,0.1287657166607714
859.827,0.13483028478546777
859.944,0.11859208722165876
860.062,0.10647845143973816
860.18,0.09665635084587437
860.297,0.10810242219705248
860.415,0.11211390510777411
860.532,0.1290048569733126
860.65,0.13504072317175192
860.768,0.14197995879411357
860.885,0.1425906522213446
861.003,0.14243989072511443
861.12,0.14817000743854386
861.238,0.15466215424304358
861.356,0.1503357194476716
861.473,0.1585576933624283
861.591,0.16577797293861352
861.708,0.16915989783932137
861.826,0.17532393950094832
861.943,0.16583866044385048
862.061,0.1609203404747011
862.178,0.13845730834062447
862.296,0.12324896127822742
862.414,0.11679062038752441
862.531,0.12470931959984996
862.649,0.1206940052440223
862.766,0.11961528649817008
862.884,0.12260134032839165
863.001,0.13587994537743892
863.119,0.13949094764534592
863.236,0.13923264147368256
863.354,0.1409858728552934
863.471,0.14732215656963693
863.589,0.14805151946824519
863.706,0.13858157719635245
863.824,0.1485872322683816
863.941,0.16911102273908546
864.059,0.17433447540981764
864.176,0.1824654335109428
864.294,0.18733913820116166
864.411,0.18897273695938663
864.529,0.19313681829533336
864.646,0.19561971638552222
864.764,0.1988733410955023
864.881,0.20042991634890273
864.999,0.19740400241842626
865.116,0.19939733609571364
865.233,0.20675085368281657
865.351,0.2187444311856459
865.468,0.24101599086739567
865.586,0.26356695200643643
865.703,0.27450279542094935
865.821,0.29634361118937524
865.938,0.29919011717374755
866.056,0.2912031642724419
866.173,0.2755093878408582
866.29,0.2730472661367006
866.408,0.2626554649779969
866.525,0.259074074340762
866.643,0.25465946864339106
866.76,0.2682263424473934
866.878,0.277966414148856
866.995,0.2839977641255621
867.112,0.27859194849637225
867.23,0.28809087013052986
867.347,0.28198322465028747
867.465,0.27436548081754353
867.582,0.2743447956568561
867.699,0.2645151236205576
867.817,0.27832148438795173
867.934,0.2814290976865759
868.051,0.2906203450969299
868.169,0.2933155086252671
868.286,0.2970451227871458
868.404,0.29632759708714196
868.521,0.32480752367405225
868.638,0.3368193953199149
868.756,0.35989922350311054
868.873,0.3939106337028181
868.99,0.4211631896023422
869.108,0.4431287381641986
869.225,0.4679964030532746
869.342,0.4807849442262505
869.46,0.5361306514148256
869.577,0.5671767473386422
869.694,0.5970170929259346
869.812,0.6254122012133105
869.929,0.6353851074625143
870.046,0.6661717591759881
870.164,0.6562855416066655
870.281,0.6390766775108403
870.398,0.6361705070620567
870.516,0.6129145971405754
870.633,0.6022350790050162
870.75,0.5760903575876146
870.867,0.5612613951905006
870.985,0.5786966486948526
871.102,0.5645778316683531
871.219,0.5581924478347307
871.337,0.5463919976621812
871.454,0.5293843691397611
871.571,0.5109248509017748
871.688,0.47346270736017204
871.806,0.4426529794683565
871.923,0.4351200539351451
872.04,0.41821886406312114
872.157,0.39924045740445124
872.275,0.3931627477946304
872.392,0.3650189754744667
872.509,0.34291892277213476
872.626,0.31509446640316097
872.744,0.2981500358294138
872.861,0.289554386896149
872.978,0.27220083275993956
873.095,0.2542868126052359
873.213,0.24206393403892504
873.33,0.20605557878191277
873.447,0.19762022068058482
873.564,0.17841546916379267
873.681,0.1766839502699836
873.799,0.17101486043185204
873.916,0.15955587171740737
874.033,0.15647119244489113
874.15,0.15182857745884998
874.267,0.12713521230437141
874.385,0.12439679971148859
874.502,0.1127354180419763
874.619,0.11265115724715372
874.736,0.1018373616817318
874.853,0.09982641939244809
874.97,0.11022690178472927
875.088,0.11944659226153757
875.205,0.1239343589702904
875.322,0.14179128369897093
875.439,0.14028075761657138
875.556,0.14768152019059316
875.673,0.1453046872990878
875.791,0.13808701793683753
875.908,0.13369387402815092
876.025,0.1250410073350226
876.142,0.13472679646087488
876.259,0.13831065408676868
876.376,0.12684449152810978
876.493,0.13101827781433378
876.61,0.12631406832308878
876.728,0.12270604242571356
876.845,0.12103746840073482
876.962,0.13218625252258132
877.079,0.14863208585781557
877.196,0.15539951747614872
877.313,0.16019790196214181
877.43,0.15664968506436472
877.547,0.14966830500551592
877.664,0.14592107313206207
877.781,0.13799585992895508
877.898,0.13876280461555962
878.016,0.12337562782810804
878.133,0.11166348973337706
878.25,0.11778384694469768
878.367,0.12006109039539747
878.484,0.13049042133696057
878.601,0.13920334415011384
878.718,0.13746099938704187
878.835,0.13373873883366724
878.952,0.125449016604916
879.069,0.12524292740701326
879.186,0.13362181436899384
879.303,0.1215562993463964
879.42,0.13074809443612687
879.537,0.1376305562021798
879.654,0.13881192921910165
879.771,0.14515137455269247
879.888,0.14298446033880824
880.005,0.1288423574457935
880.122,0.10616779591499352
880.239,0.07496077574640844
880.356,0.035221296940038296
